#        weight    minuslogpost          a_samp               s     theta_s_100         omega_b       omega_cdm        tau_reio            logA             n_s     shmr_log_Mc          shmr_N       shmr_beta        A_planck           a_exo           b_exo        Omega_x0         Omega_m    Omega_Lambda          sigma8         Omega_b       Omega_cdm              S8             age         rs_drag              H0             A_s          z_reio       chi2__BAO       chi2__CMB        chi2__H0        chi2__SN   minuslogprior minuslogprior__0 minuslogprior__h2_positivity minuslogprior__e2_pre_class            chi2 chi2__jwst_likelihood_uvlf.UVLFLikelihood chi2__H0.riess2020 chi2__sn.pantheonplus chi2__bao.desi_dr2 chi2__planck_2018_lowl.TT_clik chi2__planck_2018_lowl.EE_clik chi2__planck_2018_highl_plik.TTTEEE_lite chi2__planck_2018_lensing.native
              3       1281.8708      -47.872292      -36.320954       1.0406767     0.022366223      0.11968132     0.059146682       3.0495261      0.96315277       11.511819     0.034117954       1.3534731      0.99900758      -47.872292       11.551337  -0.00026130899       0.3119993      0.68818283      0.81185168     0.048904364      0.26168652      0.82792858       13.788971       147.18595       67.627373   2.1105339e-09        8.155777       23.150921       1029.0703       18.375248       1404.1067      -7.7762784       -7.7762784                           -0                          -0       2579.2942                                   104.591          18.375248             1404.1067          23.150921                      23.739462                      397.34273                                599.11725                        8.8708505
              5       1277.6503      -30.816683      -109.29058       1.0407065     0.022349575      0.11918994     0.058477148       3.0488894      0.96159388       11.507497       0.0323543       1.3525115      0.99854919      -30.816683      -78.473901  -0.00016821163      0.29981146      0.70028039      0.81251912     0.047126787      0.25132644      0.81226376       13.705673       147.33466       68.865344   2.1091906e-09       8.0778656       10.476126       1034.5182       11.117897        1406.124      -7.8363387       -7.8363387                           -0                          -0       2570.9733                                 108.73707          11.117897              1406.124          10.476126                      25.421275                      397.20717                                602.92647                        8.9632853
              9        1276.164      -40.615962      -46.533998       1.0406987     0.022347017      0.11919041     0.058245495       3.0490105      0.96097265       11.512494     0.033916786       1.3546158       0.9994072      -40.615962      -5.9180357  -0.00022170061      0.30811567      0.69202756      0.80980846     0.048427278      0.25829251      0.82068893       13.777436       147.33735        67.93049   2.1094461e-09       8.0617218       16.831998       1031.7843       16.430615       1404.6359      -7.8481695       -7.8481695                           -0                          -0       2568.0244                                  98.34156          16.430615             1404.6359          16.831998                      24.392536                      397.07162                                601.66955                        8.6506215
              6       1275.5204      -40.615962      -46.533998       1.0406987     0.022347017      0.11919041     0.058245495       3.0490105      0.96097265       11.728902     0.039692057       1.2761124      0.99991004      -40.615962      -5.9180357  -0.00022170061      0.30811567      0.69202756      0.80980846     0.048427278      0.25829251      0.82068893       13.777436       147.33735        67.93049   2.1094461e-09       8.0617218       16.831998       1030.8594       16.430615       1404.6359      -6.2112889       -6.2112889                           -0                          -0       2563.4634                                 94.705439          16.430615             1404.6359          16.831998                      24.307057                      397.08585                                600.85772                        8.6088024
              7       1276.2687      -40.615962      -46.533998       1.0406987     0.022347017      0.11919041     0.058245495       3.0490105      0.96097265        11.71185     0.035785786        1.272281      0.99932974      -40.615962      -5.9180357  -0.00022170061      0.30811567      0.69202756      0.80980846     0.048427278      0.25829251      0.82068893       13.777436       147.33735        67.93049   2.1094461e-09       8.0617218       16.831998       1032.0056       16.430615       1404.6359      -7.0088928       -7.0088928                           -0                          -0       2566.5552                                 96.651066          16.430615             1404.6359          16.831998                      24.405776                      397.07162                                601.86986                         8.658355
             11       1268.1202      -61.605505      -143.38234       1.0407541     0.022321772      0.11924488     0.059525722       3.0488127      0.95987103       11.694643     0.033035726       1.2595605      0.99950482      -61.605505      -81.776839  -0.00033627119      0.29484601      0.70541519      0.81396636     0.046279791      0.24723073       0.8069441       13.661277       147.35105       69.449423   2.1090289e-09       8.1838531       14.483387       1034.5431       8.3235676       1407.2528      -7.4005728       -7.4005728                           -0                          -0       2551.0415                                  86.43861          8.3235676             1407.2528          14.483387                       27.11829                      397.78196                                600.82596                        8.8169039
              1       1269.0519      -9.8928804      -97.449427        1.040847     0.022326647      0.11951673     0.058871547       3.0482952       0.9585757       11.713784      0.03473175       1.2765477      0.99884303      -9.8928804      -87.556547  -5.3999892e-05      0.30323564      0.69674129      0.81204857     0.047514587      0.25435024      0.81641599       13.722508       147.27343        68.54855   2.1079377e-09       8.1298065       10.952188        1029.427       12.802361       1405.4523      -7.0689499       -7.0689499                           -0                          -0       2552.2417                                 93.607847          12.802361             1405.4523          10.952188                      25.602482                      397.38797                                597.66589                         8.770686
              2       1268.0022      -25.059289      -140.24585       1.0407357     0.022314042      0.11976338     0.057803141       3.0485902      0.95804232       11.704631     0.033461256       1.2693812      0.99860563      -25.059289      -115.18656  -0.00013678512      0.29880596      0.70125501      0.81472412     0.046717319      0.25074005      0.81310114       13.675138       147.22197       69.111475   2.1085598e-09       8.0266266       11.452864       1035.1141       9.8911462       1406.3444      -7.1896726       -7.1896726                           -0                          -0       2550.3838                                 87.581332          9.8911462             1406.3444          11.452864                      27.677744                       397.2636                                 600.7868                         9.385918
              8        1266.374       -77.32394      -134.28213       1.0407483     0.022345913      0.12003921     0.059108771       3.0484322      0.95830024       11.691609     0.033128173       1.2561151      0.99860563       -77.32394      -56.958192  -0.00042206963      0.30021751      0.70012855      0.81552739     0.046903931      0.25196155      0.81582298       13.674764       147.11381       69.023095   2.1082267e-09       8.1522675       10.900783       1033.2054       10.323393       1406.0584      -7.2700505       -7.2700505                           -0                          -0       2547.2882                                 86.800262          10.323393             1406.0584          10.900783                      27.136513                      397.64915                                599.22426                        9.1954343
             25       1266.0626       -77.32394      -134.28213       1.0407483     0.022345913      0.12003921     0.059108771       3.0484322      0.95830024       11.961444     0.036551601       1.1970791      0.99854006       -77.32394      -56.958192  -0.00042206963      0.30021751      0.70012855      0.81552739     0.046903931      0.25196155      0.81582298       13.674764       147.11381       69.023095   2.1082267e-09       8.1522675       10.900783       1033.0427       10.323393       1406.0584      -4.5281288       -4.5281288                           -0                          -0       2541.1814                                 80.856107          10.323393             1406.0584          10.900783                      27.150657                      397.64915                                599.03457                        9.2083604
              1       1264.6536       -77.32394      -134.28213       1.0407483     0.022345913      0.12003921     0.059108771       3.0484322      0.95830024       11.812062     0.027406545       1.0592222      0.99784622       -77.32394      -56.958192  -0.00042206963      0.30021751      0.70012855      0.81552739     0.046903931      0.25196155      0.81582298       13.674764       147.11381       69.023095   2.1082267e-09       8.1522675       10.900783       1032.2409       10.323393       1406.0584      -5.8127744       -5.8127744                           -0                          -0       2540.9328                                   81.4094          10.323393             1406.0584          10.900783                         27.301                      397.67565                                 597.9039                        9.3603001
             32       1263.7241       -77.32394      -134.28213       1.0407483     0.022345913      0.12003921     0.059108771       3.0484322      0.95830024       11.772591     0.026416369       1.1043867      0.99805213       -77.32394      -56.958192  -0.00042206963      0.30021751      0.70012855      0.81552739     0.046903931      0.25196155      0.81582298       13.674764       147.11381       69.023095   2.1082267e-09       8.1522675       10.900783       1032.3072       10.323393       1406.0584      -6.2826382       -6.2826382                           -0                          -0       2540.0135                                 80.423839          10.323393             1406.0584          10.900783                      27.256234                      397.66659                                598.07202                        9.3123129
              2       1263.3169      -133.98595      -106.37537       1.0408799     0.022360666      0.12017314     0.056655357        3.049378      0.95746239        11.76106     0.026620506       1.0916017      0.99953876      -133.98595       27.610575  -0.00073135694      0.30362076       0.6970338      0.81519498     0.047417656      0.25483716      0.82009961        13.69784       147.06188       68.670834   2.1102214e-09       7.9101105       10.835269       1029.4548       12.138073       1405.4063      -6.6134262       -6.6134262                           -0                          -0       2539.8606                                 82.026062          12.138073             1405.4063          10.835269                      26.771741                       396.9029                                 596.1696                        9.6105883
             16       1262.9427      -186.64534      -130.14255       1.0408578     0.022319055      0.12051107     0.055043148       3.0484938      0.95702801       11.744346     0.025499942       1.0760174       1.0009863      -186.64534       56.502791   -0.0010187961       0.3017048      0.69923785      0.81728028     0.046933615      0.25341666      0.81959915       13.670325       147.01867       68.959784   2.1083565e-09       7.7606049       10.791579       1029.4018       10.638716       1405.7817      -6.4972364       -6.4972364                           -0                          -0       2538.8799                                 82.266173          10.638716             1405.7817          10.791579                      28.042656                      396.63735                                594.79337                        9.9283885
              2        1262.174       -157.2605      -119.15645       1.0408757     0.022268687      0.12055596     0.054383206       3.0485984      0.95742929       11.753398     0.026065225       1.0845441        1.001989       -157.2605       38.104053  -0.00085840017      0.30421894      0.69656268      0.81717331     0.047219723      0.25563335      0.82289925       13.692635       147.06256       68.672932   2.1085769e-09       7.7072601       10.852357       1026.9953       12.126829       1405.3072      -6.2680368       -6.2680368                           -0                          -0       2536.8841                                 81.602338          12.126829             1405.3072          10.852357                      27.095833                      396.44033                                593.60646                        9.8527103
              3       1262.6765      -157.05298      -118.34095       1.0408745     0.022268002       0.1205582     0.054414046       3.0486031      0.95744264       11.753551      0.02608867       1.0846593       1.0011898      -157.05298       38.712028  -0.00085726741       0.3043586      0.69642185      0.81715082     0.047239438      0.25575269      0.82306547       13.693782       147.06273       68.657544   2.1085869e-09       7.7107697       10.889299       1028.3129        12.20941       1405.2824      -6.4723556       -6.4723556                           -0                          -0       2538.2977                                 81.603716           12.20941             1405.2824          10.889299                      27.216297                      396.44006                                 594.5481                        10.108414
              9       1265.1749      -157.05298      -118.34095       1.0408745     0.022268002       0.1205582     0.054414046       3.0486031      0.95744264       11.554619     0.019376161       1.2023737       1.0017591      -157.05298       38.712028  -0.00085726741       0.3043586      0.69642185      0.81715082     0.047239438      0.25575269      0.82306547       13.693782       147.06273       68.657544   2.1085869e-09       7.7107697       10.889299       1027.1306        12.20941       1405.2824      -6.3569492       -6.3569492                           -0                          -0       2543.0636                                 87.551904           12.20941             1405.2824          10.889299                      27.094223                      396.46357                                 593.6582                         9.914644
              3       1264.0186      -155.55718      -123.82278       1.0408747     0.022266163      0.12056377     0.054518159       3.0485418      0.95753606        11.55435      0.01924568       1.2023577       1.0026524      -155.55718       31.734397  -0.00084910263      0.30363812      0.69713434      0.81741975     0.047122495      0.25515242      0.82236127        13.68746       147.06331       68.739846   2.1084576e-09       7.7212982       10.742792       1027.9044       11.770992       1405.4121      -6.0088005       -6.0088005                           -0                          -0       2540.0548                                 84.224562          11.770992             1405.4121          10.742792                      27.097832                      396.49911                                594.65359                        9.6538542
              7       1263.4714      -147.27756        -123.364       1.0408652     0.022267054      0.12057236     0.054571547       3.0486143      0.95763984       11.556583     0.019335446       1.2045639       1.0016362      -147.27756       23.913558  -0.00080390865      0.30389475      0.69683247      0.81743577     0.047161093      0.25536939      0.82272484       13.689237       147.06006       68.713086   2.1086106e-09       7.7269135       10.781478       1027.3375       11.912662       1405.3644      -6.3817833       -6.3817833                           -0                          -0       2539.7063                                 84.310252          11.912662             1405.3644          10.781478                      27.215578                      396.51614                                593.64358                        9.9622374
              1       1265.5904      -143.07758      -99.746664        1.040867     0.022266131      0.12056598     0.054727197       3.0486748      0.95762873       11.560537     0.019997456       1.2074249       1.0007821      -143.07758       43.330914  -0.00078098323      0.30724907      0.69345437      0.81637592     0.047682096      0.25818758      0.82618032       13.718147       147.06278       68.335238   2.1087381e-09       7.7444611       12.613271       1027.8092       14.003497        1404.796      -6.7039928       -6.7039928                           -0                          -0       2544.5889                                 85.366793          14.003497              1404.796          12.613271                      26.389875                      396.44661                                594.93095                        10.041809
              3       1265.4381      -143.07758      -99.746664        1.040867     0.022266131      0.12056598     0.054727197       3.0486748      0.95762873       11.580868     0.020564978       1.2158544       1.0014656      -143.07758       43.330914  -0.00078098323      0.30724907      0.69345437      0.81637592     0.047682096      0.25818758      0.82618032       13.718147       147.06278       68.335238   2.1087381e-09       7.7444611       12.613271       1026.1814       14.003497        1404.796      -6.6889145       -6.6889145                           -0                          -0        2544.254                                 86.659777          14.003497              1404.796          12.613271                       26.25168                      396.45065                                593.66466                        9.8144398
             10       1268.0461      -116.13583      -131.85307       1.0408606     0.022238921      0.12041135     0.053754148       3.0488892      0.95668778       11.584077      0.01997132       1.2205303       1.0012173      -116.13583      -15.717243  -0.00063392276      0.30240742      0.69815008      0.81705935      0.04693285      0.25411519      0.82033114       13.684338       147.13363       68.836439   2.1091903e-09       7.6475983       10.734168       1035.1849       11.266667        1405.635      -6.5928049       -6.5928049                           -0                          -0       2549.2778                                 86.457079          11.266667              1405.635          10.734168                      28.182636                      396.41386                                600.19945                        10.388924
             16       1268.1376      -116.13583      -131.85307       1.0408606     0.022238921      0.12041135     0.053754148       3.0488892      0.95668778       11.716578     0.025710466       1.2621713       1.0007096      -116.13583      -15.717243  -0.00063392276      0.30240742      0.69815008      0.81705935      0.04693285      0.25411519      0.82033114       13.684338       147.13363       68.836439   2.1091903e-09       7.6475983       10.734168       1038.8657       11.266667        1405.635      -7.1717623       -7.1717623                           -0                          -0       2550.6187                                 84.117229          11.266667              1405.635          10.734168                       28.29897                      396.41128                                603.55381                        10.601611
              4       1268.2439      -116.13583      -131.85307       1.0408606     0.022238921      0.12041135     0.053754148       3.0488892      0.95668778       11.619952     0.027071688       1.2039901       1.0007096      -116.13583      -15.717243  -0.00063392276      0.30240742      0.69815008      0.81705935      0.04693285      0.25411519      0.82033114       13.684338       147.13363       68.836439   2.1091903e-09       7.6475983       10.734168       1038.8657       11.266667        1405.635      -7.5842085       -7.5842085                           -0                          -0       2551.6562                                 85.154754          11.266667              1405.635          10.734168                       28.29897                      396.41128                                603.55381                        10.601611
             14       1264.8954      -116.13583      -131.85307       1.0408606     0.022238921      0.12041135     0.053754148       3.0488892      0.95668778       11.639584     0.028083866       1.2095558       1.0021361      -116.13583      -15.717243  -0.00063392276      0.30240742      0.69815008      0.81705935      0.04693285      0.25411519      0.82033114       13.684338       147.13363       68.836439   2.1091903e-09       7.6475983       10.734168       1030.7614       11.266667        1405.635      -7.2584087       -7.2584087                           -0                          -0       2544.3077                                 85.910494          11.266667              1405.635          10.734168                        27.9745                      396.41456                                596.33019                        10.042112
              1       1266.0056      -133.78607      -98.927876       1.0410245     0.022192626      0.12057399     0.053273903       3.0490946      0.95883942       11.638916     0.028786274       1.2073783        1.002261      -133.78607        34.85819  -0.00073026589      0.30749654      0.69315608      0.81731793     0.047584685      0.25853072      0.82746669       13.723312       147.14201       68.292144   2.1096236e-09        7.613205       12.599921       1025.4928       14.252695       1404.7561      -7.1878815       -7.1878815                           -0                          -0       2546.3869                                 89.285331          14.252695             1404.7561          12.599921                      25.991557                      396.21063                                593.05663                        10.234002
              8       1264.8768      -139.30094      -97.890457       1.0410356     0.022188744      0.12053382     0.053757535       3.0490005      0.95881292       11.637592     0.028761888       1.2060089       1.0023257      -139.30094       41.410482   -0.0007603686      0.30732793      0.69335482      0.81714688     0.047564887      0.25838224      0.82706665        13.72374       147.15696       68.300381   2.1094251e-09       7.6630402       12.489842       1023.2686       14.204891       1404.7827      -7.1607691       -7.1607691                           -0                          -0       2544.0751                                 89.329087          14.204891             1404.7827          12.489842                      25.880822                      396.28142                                591.12315                        9.9831862
             10       1264.7723      -141.95239      -92.966021       1.0410301     0.022190945      0.12052962     0.053707294       3.0489696      0.95890742       11.637489     0.028866834       1.2056802       1.0031643      -141.95239       48.986372  -0.00077484146      0.30795165       0.6927454      0.81693507      0.04766681      0.25890122      0.82769091       13.729122       147.15562       68.230704   2.1093599e-09       7.6574249       13.089413       1021.6343       14.611776       1404.6863      -6.7968814       -6.7968814                           -0                          -0       2543.1383                                 89.116429          14.611776             1404.6863          13.089413                      25.559395                      396.25835                                590.10879                        9.7077802
              3       1264.2443      -141.95239      -92.966021       1.0410301     0.022190945      0.12052962     0.053707294       3.0489696      0.95890742       11.699682     0.031161618       1.2372354       1.0031643      -141.95239       48.986372  -0.00077484146      0.30795165       0.6927454      0.81693507      0.04766681      0.25890122      0.82769091       13.729122       147.15562       68.230704   2.1093599e-09       7.6574249       13.089413       1021.6343       14.611776       1404.6863      -6.5776968       -6.5776968                           -0                          -0       2541.6441                                 87.622246          14.611776             1404.6863          13.089413                      25.559395                      396.25835                                590.10879                        9.7077802
             17        1263.459      -146.55166       -92.62073       1.0410337     0.022187259      0.12053196     0.053714277       3.0489508      0.95891557       11.698514     0.031127574       1.2360546       1.0031643      -146.55166       53.930931  -0.00079994638      0.30796105      0.69276111      0.81696273     0.047660795      0.25891657      0.82773156       13.729332       147.15909       68.229342   2.1093201e-09       7.6595306       13.084042       1021.6214       14.619785       1404.6855      -6.5783607       -6.5783607                           -0                          -0       2540.0746                                  86.06389          14.619785             1404.6855          13.084042                      25.553746                      396.26615                                590.09192                        9.7096182
              5       1262.9712      -160.37569      -96.886832       1.0410483     0.022185183       0.1205637     0.053658688        3.048728      0.95882326       11.694364     0.030885424       1.2321104       1.0034812      -160.37569       63.488863  -0.00087540432      0.30732549       0.6934723      0.81722061     0.047548144      0.25839681      0.82713801       13.722808       147.15301       68.306923   2.1088504e-09       7.6539154       12.446561       1021.6833       14.166986       1404.7859      -6.4285069       -6.4285069                           -0                          -0       2538.7994                                 85.716636          14.166986             1404.7859          12.446561                      25.667009                      396.24333                                590.12857                        9.6443489
            148       1261.8283      -160.37569      -96.886832       1.0410483     0.022185183       0.1205637     0.053658688        3.048728      0.95882326       11.893663     0.032014672       1.2666531       1.0028171      -160.37569       63.488863  -0.00087540432      0.30732549       0.6934723      0.81722061     0.047548144      0.25839681      0.82713801       13.722808       147.15301       68.306923   2.1088504e-09       7.6539154       12.446561       1021.7839       14.166986       1404.7859      -5.3028432       -5.3028432                           -0                          -0       2534.2623                                 81.078952          14.166986             1404.7859          12.446561                      25.795001                      396.25082                                 589.9095                        9.8285633
              9       1266.9082      -160.37569      -96.886832       1.0410483     0.022185183       0.1205637     0.053658688        3.048728      0.95882326       11.634464     0.028565065       1.2702788       1.0038614      -160.37569       63.488863  -0.00087540432      0.30732549       0.6934723      0.81722061     0.047548144      0.25839681      0.82713801       13.722808       147.15301       68.306923   2.1088504e-09       7.6539154       12.446561       1022.2831       14.166986       1404.7859      -6.5085483       -6.5085483                           -0                          -0       2546.8334                                 93.150896          14.166986             1404.7859          12.446561                      25.594187                      396.22935                                590.90931                        9.5502095
             47        1265.998      -160.37569      -96.886832       1.0410483     0.022185183       0.1205637     0.053658688        3.048728      0.95882326       11.708288     0.025479555       1.0377566       1.0038445      -160.37569       63.488863  -0.00087540432      0.30732549       0.6934723      0.81722061     0.047548144      0.25839681      0.82713801       13.722808       147.15301       68.306923   2.1088504e-09       7.6539154       12.446561       1022.2455       14.166986       1404.7859      -5.3329932       -5.3329932                           -0                          -0       2542.6619                                 89.016909          14.166986             1404.7859          12.446561                      25.597413                      396.22935                                590.86457                        9.5542138
              1       1263.5903      -160.37569      -96.886832       1.0410483     0.022185183       0.1205637     0.053658688        3.048728      0.95882326       11.666199     0.029794677       1.2596546       1.0038445      -160.37569       63.488863  -0.00087540432      0.30732549       0.6934723      0.81722061     0.047548144      0.25839681      0.82713801       13.722808       147.15301       68.306923   2.1088504e-09       7.6539154       12.446561       1022.2455       14.166986       1404.7859      -6.4014548       -6.4014548                           -0                          -0       2539.9836                                 86.338535          14.166986             1404.7859          12.446561                      25.597413                      396.22935                                590.86457                        9.5542138
              6       1262.8908      -160.36991      -97.021489       1.0410482     0.022185172       0.1205635     0.053662209       3.0487291      0.95882442       11.666185     0.029791181        1.259646       1.0028556      -160.36991       63.348423  -0.00087537275      0.30730619      0.69349158      0.81722651     0.047545206      0.25838053      0.82711799       13.722653       147.15308       68.309017   2.1088525e-09       7.6546173       12.430237       1021.7338       14.154862        1404.789      -6.9315874       -6.9315874                           -0                          -0       2539.6449                                 86.536942          14.154862              1404.789          12.430237                      25.790514                      396.25082                                589.87674                        9.8157683
             64       1266.8801      -160.36991      -97.021489       1.0410482     0.022185172       0.1205635     0.053662209       3.0487291      0.95882442       11.605644     0.032732146       1.2392233       1.0028556      -160.36991       63.348423  -0.00087537275      0.30730619      0.69349158      0.81722651     0.047545206      0.25838053      0.82711799       13.722653       147.15308       68.309017   2.1088525e-09       7.6546173       12.430237       1021.7338       14.154862        1404.789      -6.9982073       -6.9982073                           -0                          -0       2547.7566                                 94.648721          14.154862              1404.789          12.430237                      25.790514                      396.25082                                589.87674                        9.8157683
              9       1267.9527      -160.36991      -97.021489       1.0410482     0.022185172       0.1205635     0.053662209       3.0487291      0.95882442       11.812137     0.028097581       1.1650582       1.0028316      -160.36991       63.348423  -0.00087537275      0.30730619      0.69349158      0.81722651     0.047545206      0.25838053      0.82711799       13.722653       147.15308       68.309017   2.1088525e-09       7.6546173       12.430237       1021.7779       14.154862        1404.789      -5.8469672       -5.8469672                           -0                          -0       2547.5994                                 94.447384          14.154862              1404.789          12.430237                      25.795165                      396.26733                                589.89258                        9.8228387
              8       1267.7268      -160.36991      -97.021489       1.0410482     0.022185172       0.1205635     0.053662209       3.0487291      0.95882442       11.737846     0.028022062       1.0270349       1.0033159      -160.36991       63.348423  -0.00087537275      0.30730619      0.69349158      0.81722651     0.047545206      0.25838053      0.82711799       13.722653       147.15308       68.309017   2.1088525e-09       7.6546173       12.430237       1021.5731       14.154862        1404.789      -5.5980655       -5.5980655                           -0                          -0       2546.6498                                 93.702593          14.154862              1404.789          12.430237                      25.701705                      396.24265                                589.94218                        9.6865634
              6       1268.9664      -91.799675      -124.77948       1.0409791     0.022179022      0.12027073     0.055323719       3.0486136      0.95831338       11.752525      0.02793356       1.0429548       1.0010628      -91.799675        -32.9798  -0.00050108485      0.30298034      0.69744407      0.81690928      0.04696083      0.25465565      0.82095703       13.697702        147.2374        68.72319   2.1086091e-09       7.8188629       10.706801       1026.3833       11.859067       1405.5215      -6.3603688       -6.3603688                           -0                          -0       2550.6536                                 96.182906          11.859067             1405.5215          10.706801                      26.886949                      396.63296                                593.10174                        9.7616324
             29       1263.2902      -91.799675      -124.77948       1.0409791     0.022179022      0.12027073     0.055323719       3.0486136      0.95831338       11.756932     0.025961554       1.0325773       1.0023964      -91.799675        -32.9798  -0.00050108485      0.30298034      0.69744407      0.81690928      0.04696083      0.25465565      0.82095703       13.697702        147.2374        68.72319   2.1086091e-09       7.8188629       10.706801       1025.9925       11.859067       1405.5215      -5.7868411       -5.7868411                           -0                          -0       2538.1541                                 84.074311          11.859067             1405.5215          10.706801                       26.60868                      396.61631                                 593.3469                        9.4205656
              8       1262.0963      -91.799675      -124.77948       1.0409791     0.022179022      0.12027073     0.055323719       3.0486136      0.95831338        11.80954     0.027662233       1.0573432       1.0020122      -91.799675        -32.9798  -0.00050108485      0.30298034      0.69744407      0.81690928      0.04696083      0.25465565      0.82095703       13.697702        147.2374        68.72319   2.1086091e-09       7.8188629       10.706801       1025.4929       11.859067       1405.5215      -5.7778489       -5.7778489                           -0                          -0       2535.7483                                 82.168022          11.859067             1405.5215          10.706801                      26.688202                      396.62474                                592.67159                        9.5083893
             52       1263.4196      -114.63848      -101.52082       1.0409443     0.022192964      0.12038758     0.055153138       3.0485313      0.95743807       11.806342     0.028061133       1.0530847        1.001863      -114.63848       13.117659  -0.00062574956      0.30661089      0.69393734      0.81598122     0.047509999      0.25772194      0.82492282       13.723565       147.19101       68.346322   2.1084356e-09       7.8020172       12.072027       1025.6574        13.93976        1404.893      -5.8642122       -5.8642122                           -0                          -0       2538.5676                                 82.005414           13.93976              1404.893          12.072027                      26.139423                      396.54063                                593.49722                        9.4800999
              2       1263.3202      -112.80188      -105.07783       1.0409425     0.022192878      0.12036619     0.055078978       3.0484907      0.95750124       11.806396     0.027984591       1.0533015       1.0010872      -112.80188       7.7240496  -0.00061572454      0.30602827      0.69451007      0.81605876     0.047426647      0.25722509      0.82421702       13.719473       147.19675       68.406221   2.1083499e-09       7.7935944       11.677397       1026.5275       13.597818       1404.9881       -6.044719        -6.044719                           -0                          -0       2538.7299                                 81.939118          13.597818             1404.9881          11.677397                      26.409856                      396.52885                                593.87513                        9.7136562
             10       1265.2152      -121.83065      -142.44703       1.0407923      0.02216907      0.12023456     0.056719737       3.0487975      0.95790438       11.799512      0.02691475       1.0481493       1.0007519      -121.83065       -20.61638  -0.00066500774      0.30045111      0.70013784      0.81755009      0.04656292      0.25253527      0.81816453       13.678799       147.25815       69.000722   2.1089969e-09       7.9585419         11.4126       1031.5653        10.43428       1406.0221      -6.0370001       -6.0370001                           -0                          -0       2542.5043                                 83.070005           10.43428             1406.0221            11.4126                      27.868932                      397.07525                                596.96468                        9.6564796
             26       1265.9105      -70.350544      -164.22663       1.0410325     0.022085344      0.12066168     0.055501861       3.0501646      0.95703678       11.810419     0.026823528       1.0600314       1.0009285      -70.350544      -93.876091  -0.00038400563       0.3001337      0.70017451       0.8205664     0.046227088      0.25255837      0.82074923       13.661878       147.23824       69.120013    2.111882e-09        7.862381       12.618246       1031.9189       9.8498771       1406.0842      -5.8397419       -5.8397419                           -0                          -0       2543.5005                                  83.02929          9.8498771             1406.0842          12.618246                      29.584965                        396.937                                594.61708                        10.779815
              4       1265.5261      -78.494644      -147.41516       1.0410304     0.022104271      0.12059961     0.055718652       3.0501466      0.95750535       11.810307     0.027190318       1.0591473       1.0002078      -78.494644      -68.920518  -0.00042845988      0.30204833      0.69830383      0.81967811     0.046575865      0.25411521      0.82247163       13.680045        147.2336        68.89023   2.1118441e-09       7.8799286       11.221553       1032.4867       10.990604       1405.7014      -5.9609911       -5.9609911                           -0                          -0       2542.9741                                 82.573879          10.990604             1405.7014          11.221553                      28.424944                      396.94073                                596.33114                        10.789887
              2       1266.3672      -76.829235      -131.53135       1.0411014     0.022116209      0.12058218     0.055066096       3.0502878      0.95731747       11.812661     0.027624677       1.0607674       1.0002078      -76.829235       -54.70211   -0.0004193693      0.30397781      0.69636477      0.81890514     0.046900504      0.25571133      0.82431634       13.696433       147.22487       68.669927   2.1121423e-09       7.8125458         10.8431       1034.5674       12.142933       1405.3402      -5.9940818       -5.9940818                           -0                          -0       2544.7225                                 81.828846          12.142933             1405.3402            10.8431                       27.75868                       396.6595                                599.24603                        10.903226
              9       1263.4028      -76.829235      -131.53135       1.0411014     0.022116209      0.12058218     0.055066096       3.0502878      0.95731747       11.680548     0.019710557       1.0924149       1.0012414      -76.829235       -54.70211   -0.0004193693      0.30397781      0.69636477      0.81890514     0.046900504      0.25571133      0.82431634       13.696433       147.22487       68.669927   2.1121423e-09       7.8125458         10.8431       1028.0472       12.142933       1405.3402      -5.6867752       -5.6867752                           -0                          -0       2538.1792                                 81.805867          12.142933             1405.3402            10.8431                      27.529769                       396.6605                                593.39064                        10.466259
            118       1261.8557      -76.829235      -131.53135       1.0411014     0.022116209      0.12058218     0.055066096       3.0502878      0.95731747       11.692762     0.025180232       1.2516199       1.0030122      -76.829235       -54.70211   -0.0004193693      0.30397781      0.69636477      0.81890514     0.046900504      0.25571133      0.82431634       13.696433       147.22487       68.669927   2.1121423e-09       7.8125458         10.8431       1025.3268       12.142933       1405.3402      -6.3855264       -6.3855264                           -0                          -0       2536.4825                                 82.829501          12.142933             1405.3402            10.8431                       27.14574                      396.66081                                591.65909                        9.8611286
              9       1262.7796      -76.829235      -131.53135       1.0411014     0.022116209      0.12058218     0.055066096       3.0502878      0.95731747       11.640042     0.023637078       1.2344651       1.0033543      -76.829235       -54.70211   -0.0004193693      0.30397781      0.69636477      0.81890514     0.046900504      0.25571133      0.82431634       13.696433       147.22487       68.669927   2.1121423e-09       7.8125458         10.8431        1025.999       12.142933       1405.3402      -6.2102149       -6.2102149                           -0                          -0       2537.9797                                 83.654499          12.142933             1405.3402            10.8431                      27.072624                      396.64019                                592.52129                        9.7649301
              2       1262.1678      -178.98491      -119.71095       1.0410872     0.022156408      0.12068775     0.053398427       3.0500167      0.95721261       11.614609     0.022990358       1.2085477       1.0033543      -178.98491       59.273957  -0.00097698197      0.30460481       0.6962953      0.81890383     0.047034838      0.25620257      0.82516473       13.696126        147.1522       68.634086   2.1115697e-09       7.6342621       10.898921         1024.41        12.33584       1405.2433      -6.2069031       -6.2069031                           -0                          -0       2536.7495                                 83.861478           12.33584             1405.2433          10.898921                      27.281196                      396.34253                                590.54049                         10.24574
              6       1262.7484      -193.73079      -98.074002       1.0412092     0.022181935      0.12045885     0.054209299       3.0502267      0.95676521       11.613343     0.023422427       1.2062912       1.0040033      -193.73079       95.656786   -0.0010574718      0.30561811      0.69536212      0.81722544     0.047312732      0.25693148      0.82484205        13.71237       147.18435       68.471636   2.1120131e-09       7.7086639       11.357258       1023.2257       13.229248       1405.0667      -5.9238893       -5.9238893                           -0                          -0       2537.3446                                 84.465734          13.229248             1405.0667          11.357258                      26.398097                      396.36499                                590.99595                         9.466671
             19       1261.8626      -193.73079      -98.074002       1.0412092     0.022181935      0.12045885     0.054209299       3.0502267      0.95676521       11.705309     0.024742389        1.184457        1.002444      -193.73079       95.656786   -0.0010574718      0.30561811      0.69536212      0.81722544     0.047312732      0.25693148      0.82484205        13.71237       147.18435       68.471636   2.1120131e-09       7.7086639       11.357258       1023.4214       13.229248       1405.0667      -6.4873721       -6.4873721                           -0                          -0       2536.6999                                 83.625332          13.229248             1405.0667          11.357258                      26.718235                      396.35774                                590.43728                        9.9081324
             66       1262.2894      -193.73079      -98.074002       1.0412092     0.022181935      0.12045885     0.054209299       3.0502267      0.95676521       11.743442     0.027609354       1.3981756       1.0027117      -193.73079       95.656786   -0.0010574718      0.30561811      0.69536212      0.81722544     0.047312732      0.25693148      0.82484205        13.71237       147.18435       68.471636   2.1120131e-09       7.7086639       11.357258       1022.8147       13.229248       1405.0667      -6.5877442       -6.5877442                           -0                          -0       2537.7543                                 85.286397          13.229248             1405.0667          11.357258                      26.662705                      396.36888                                589.96068                        9.8224689
            125        1260.367      -193.73079      -98.074002       1.0412092     0.022181935      0.12045885     0.054209299       3.0502267      0.95676521       11.820633     0.027990587       1.2008861       1.0027117      -193.73079       95.656786   -0.0010574718      0.30561811      0.69536212      0.81722544     0.047312732      0.25693148      0.82484205        13.71237       147.18435       68.471636   2.1120131e-09       7.7086639       11.357258       1022.8147       13.229248       1405.0667      -5.9133253       -5.9133253                           -0                          -0       2532.5608                                 80.092835          13.229248             1405.0667          11.357258                      26.662705                      396.36888                                589.96068                        9.8224689
             11        1263.388      -193.73079      -98.074002       1.0412092     0.022181935      0.12045885     0.054209299       3.0502267      0.95676521       11.775967     0.026169796       1.2026417       1.0026073      -193.73079       95.656786   -0.0010574718      0.30561811      0.69536212      0.81722544     0.047312732      0.25693148      0.82484205        13.71237       147.18435       68.471636   2.1120131e-09       7.7086639       11.357258       1023.0157       13.229248       1405.0667      -6.1818027       -6.1818027                           -0                          -0       2539.1396                                 86.470697          13.229248             1405.0667          11.357258                      26.684338                      396.35774                                590.11827                        9.8553981
             27       1262.6492      -193.73079      -98.074002       1.0412092     0.022181935      0.12045885     0.054209299       3.0502267      0.95676521       11.801638     0.031037751       1.2354967       1.0031316      -193.73079       95.656786   -0.0010574718      0.30561811      0.69536212      0.81722544     0.047312732      0.25693148      0.82484205        13.71237       147.18435       68.471636   2.1120131e-09       7.7086639       11.357258       1022.3106       13.229248       1405.0667      -5.9456736       -5.9456736                           -0                          -0       2537.1898                                 85.226025          13.229248             1405.0667          11.357258                      26.576089                      396.34581                                589.69233                        9.6963514
              6       1260.8002      -193.73079      -98.074002       1.0412092     0.022181935      0.12045885     0.054209299       3.0502267      0.95676521        11.68966      0.02523755       1.1692244       1.0026142      -193.73079       95.656786   -0.0010574718      0.30561811      0.69536212      0.81722544     0.047312732      0.25693148      0.82484205        13.71237       147.18435       68.471636   2.1120131e-09       7.7086639       11.357258       1023.0116       13.229248       1405.0667      -6.5119376       -6.5119376                           -0                          -0       2534.6243                                 81.959568          13.229248             1405.0667          11.357258                      26.682893                      396.36888                                590.10662                        9.8531803
