#        weight    minuslogpost          a_samp               s     theta_s_100         omega_b       omega_cdm        tau_reio            logA             n_s     shmr_log_Mc          shmr_N       shmr_beta        A_planck           a_exo           b_exo        Omega_x0         Omega_m    Omega_Lambda          sigma8         Omega_b       Omega_cdm              S8             age         rs_drag              H0             A_s          z_reio       chi2__BAO       chi2__CMB        chi2__H0        chi2__SN   minuslogprior minuslogprior__0 minuslogprior__h2_positivity minuslogprior__e2_pre_class            chi2 chi2__jwst_likelihood_uvlf.UVLFLikelihood chi2__H0.riess2020 chi2__sn.pantheonplus chi2__bao.desi_dr2 chi2__planck_2018_lowl.TT_clik chi2__planck_2018_lowl.EE_clik chi2__planck_2018_highl_plik.TTTEEE_lite chi2__planck_2018_lensing.native
              6       1313.4419      -19.936568      -176.95356       1.0415701     0.022299095      0.12093281       0.0534423       3.0515056      0.96908077       11.510538     0.025031528       1.4004327       1.0012699      -19.936568      -157.01699  -0.00010882296      0.29739308      0.70264089      0.82589536     0.046092433      0.24996922      0.82229913       13.612643       146.92961       69.555072   2.1147159e-09       7.6118011       15.331904       1043.6226       7.8612429       1406.6651      -7.6722491       -7.6722491                           -0                          -0       2642.2283                                 168.74751          7.8612429             1406.6651          15.331904                      26.894498                      396.50727                                607.74309                        12.477703
              3       1285.0025      -44.183075      -160.85165       1.0414317     0.022391519      0.12143937     0.051934905       3.0509917      0.96788773       11.506106     0.025228554       1.3952717       1.0031829      -44.183075      -116.66858  -0.00024117155      0.30214927      0.69801617      0.82579182     0.046828726      0.25397343      0.82874463       13.629134       146.69465       69.148953   2.1136295e-09       7.4454498       11.333521        1031.188       9.7106405       1405.6803       -7.019861        -7.019861                           -0                          -0       2584.0446                                 126.13214          9.7106405             1405.6803          11.333521                      26.032942                      396.30083                                 596.5421                        12.312136
              9       1278.1608      -44.183075      -160.85165       1.0414317     0.022391519      0.12143937     0.051934905       3.0509917      0.96788773       11.775499      0.02476268       1.4363161       1.0039405      -44.183075      -116.66858  -0.00024117155      0.30214927      0.69801617      0.82579182     0.046828726      0.25397343      0.82874463       13.629134       146.69465       69.148953   2.1136295e-09       7.4454498       11.333521       1026.8622       9.7106405       1405.6803      -5.5480157       -5.5480157                           -0                          -0       2567.4176                                 113.83094          9.7106405             1405.6803          11.333521                      25.883231                      396.29034                                592.76183                        11.926792
              4       1277.4698      -44.183075      -160.85165       1.0414317     0.022391519      0.12143937     0.051934905       3.0509917      0.96788773          11.622     0.022281278       1.4987293       1.0043502      -44.183075      -116.66858  -0.00024117155      0.30214927      0.69801617      0.82579182     0.046828726      0.25397343      0.82874463       13.629134       146.69465       69.148953   2.1136295e-09       7.4454498       11.333521       1025.3345       9.7106405       1405.6803      -5.5676173       -5.5676173                           -0                          -0       2566.0749                                 114.01593          9.7106405             1405.6803          11.333521                      25.803128                      396.28418                                591.51481                        11.732352
             12       1277.5971      -41.298051      -211.10049       1.0414552     0.022393848      0.12148185     0.051850751       3.0509681      0.96776693       11.616694     0.020983663        1.495743        1.004068      -41.298051      -169.80244  -0.00022542376      0.29456711       0.7055845      0.82841258     0.045644195      0.24761001      0.82087719        13.56103       146.68097       70.044105   2.1135797e-09       7.4356232        21.55344       1031.1509       5.8932983       1407.3433      -5.5314893       -5.5314893                           -0                          -0       2566.2572                                 100.31637          5.8932983             1407.3433           21.55344                      30.300575                      396.67827                                591.70225                        12.469759
              4       1275.8564      -41.298051      -211.10049       1.0414552     0.022393848      0.12148185     0.051850751       3.0509681      0.96776693       11.584075     0.023397372       1.4636118       1.0038989      -41.298051      -169.80244  -0.00022542376      0.29456711       0.7055845      0.82841258     0.045644195      0.24761001      0.82087719        13.56103       146.68097       70.044105   2.1135797e-09       7.4356232        21.55344       1031.8844       5.8932983       1407.3433      -6.2117967       -6.2117967                           -0                          -0       2564.1363                                  97.46192          5.8932983             1407.3433           21.55344                      30.343556                      396.66939                                592.31197                        12.559457
              7       1272.9307      -41.298051      -211.10049       1.0414552     0.022393848      0.12148185     0.051850751       3.0509681      0.96776693       11.653343     0.014413857       1.0985047       1.0039352      -41.298051      -169.80244  -0.00022542376      0.29456711       0.7055845      0.82841258     0.045644195      0.24761001      0.82087719        13.56103       146.68097       70.044105   2.1135797e-09       7.4356232        21.55344       1031.7166       5.8932983       1407.3433      -3.3159123       -3.3159123                           -0                          -0       2552.4932                                 85.986506          5.8932983             1407.3433           21.55344                      30.334312                      396.66939                                 592.1729                         12.54004
              1       1267.2395      -47.376974      -78.706071       1.0413207      0.02227511       0.1211169     0.053717193       3.0522288      0.96612062       11.667722     0.017847064       1.1067724       1.0037319      -47.376974      -31.329097  -0.00025860532      0.31299609      0.68718383      0.82132902     0.048404669      0.26319168      0.83893052       13.740915       146.90777       67.836947   2.1162458e-09       7.6518097       19.579144       1018.7329       17.019134       1403.9955      -4.5023895       -4.5023895                           -0                          -0       2543.4839                                 84.157224          17.019134             1403.9955          19.579144                      23.387415                      396.11763                                588.45395                        10.773902
              1       1260.8567      -26.537783      -137.98912        1.041326     0.022330023       0.1210161     0.053552566       3.0527954      0.96516502       11.666047     0.016479716       1.1078229       1.0041869      -26.537783      -111.45134  -0.00014485543      0.30411806      0.69595032      0.82324789     0.047162657      0.25559494      0.82887894        13.66685       146.87354       68.809032   2.1174453e-09       7.6188202       10.845054       1019.0606       11.408636       1405.3089       -3.838177        -3.838177                           -0                          -0       2529.3897                                 82.766507          11.408636             1405.3089          10.845054                       25.25455                      396.32653                                586.45734                        11.022182
              3       1260.9639       -125.2463      -154.78477       1.0413087     0.022349649      0.12097614     0.053693795       3.0528901      0.96518448       11.638066     0.015110946       1.0806781       1.0041869       -125.2463      -29.538469  -0.00068365193      0.29993181       0.7006764      0.82436576      0.04656091      0.25202898      0.82427207       13.632118       146.86238       69.282672   2.1176458e-09       7.6258392        12.20308       1020.6427       9.0801535       1406.1332      -3.3928355       -3.3928355                           -0                          -0       2528.7135                                 80.654436          9.0801535             1406.1332           12.20308                      26.624202                      396.45185                                586.39618                        11.170442
              6       1260.4801       -123.1448      -134.26259        1.041317     0.022352346      0.12094572     0.053696921       3.0529259      0.96533498       11.641095     0.015671675       1.0827581       1.0038706       -123.1448      -11.117784  -0.00067218099      0.30276753      0.69782849       0.8233436     0.047015846      0.25439681       0.8271326       13.657675       146.86739       68.950818   2.1177217e-09       7.6258392       10.814246       1020.2747       10.683755       1405.5695      -3.7843054       -3.7843054                           -0                          -0       2528.5288                                  81.18659          10.683755             1405.5695          10.814246                      25.505855                      396.32207                                587.34498                        11.101826
              4       1261.3071      -141.52475      -94.966026       1.0413501     0.022360325       0.1209757     0.054535547       3.0531383      0.96456969       11.641005     0.016535202       1.0808639       1.0038706      -141.52475       46.558728  -0.00077250721      0.30807785      0.69261717      0.82159907      0.04784493      0.25885465      0.83258685       13.701317       146.85079       68.362998   2.1181715e-09       7.7121735        13.15952        1016.602       13.844137       1404.6678      -4.0546329       -4.0546329                           -0                          -0       2530.7235                                 82.449943          13.844137             1404.6678           13.15952                      24.233553                      396.32454                                585.55132                        10.492618
              3       1262.3098      -135.18185       -91.54216       1.0413047     0.022373817      0.12095353     0.054667322       3.0525835       0.9638405       11.643086     0.016684967       1.0827828       1.0038828      -135.18185       43.639686   -0.0007378847      0.30857217       0.6920881      0.82079003     0.047953508       0.2592381      0.83243403       13.705777       146.84174       68.306157   2.1169965e-09       7.7220001       13.779662       1017.0063       14.171419       1404.5927      -4.0919869       -4.0919869                           -0                          -0       2532.8035                                 83.253416          14.171419             1404.5927          13.779662                      24.247734                      396.34462                                586.19321                        10.220763
              4       1260.0878      -142.99142      -139.88736       1.0413257     0.022358171      0.12103441     0.055039764       3.0526708      0.96400346       11.635198     0.015337209       1.0771329       1.0038269      -142.99142       3.1040595  -0.00078051295      0.30209262      0.69861195       0.8234537     0.046892477      0.25384918      0.82632067       13.648063        146.8378       69.050455   2.1171815e-09       7.7613068       11.016092       1019.5048       10.188593       1405.7022      -3.6965152       -3.6965152                           -0                          -0       2527.5685                                 81.156867          10.188593             1405.7022          11.016092                      25.943106                       396.6167                                586.37366                        10.571299
              3       1260.8372      -142.99142      -139.88736       1.0413257     0.022358171      0.12103441     0.055039764       3.0526708      0.96400346       11.611178     0.013477658       1.0482125       1.0038269      -142.99142       3.1040595  -0.00078051295      0.30209262      0.69861195       0.8234537     0.046892477      0.25384918      0.82632067       13.648063        146.8378       69.050455   2.1171815e-09       7.7613068       11.016092       1019.5048       10.188593       1405.7022      -2.9744936       -2.9744936                           -0                          -0       2527.6233                                 81.211643          10.188593             1405.7022          11.016092                      25.943106                       396.6167                                586.37366                        10.571299
             15       1260.7231      -142.99142      -139.88736       1.0413257     0.022358171      0.12103441     0.055039764       3.0526708      0.96400346       11.745058     0.015296273       1.0272572       1.0033935      -142.99142       3.1040595  -0.00078051295      0.30209262      0.69861195       0.8234537     0.046892477      0.25384918      0.82632067       13.648063        146.8378       69.050455   2.1171815e-09       7.7613068       11.016092       1018.8548       10.188593       1405.7022      -3.1909977       -3.1909977                           -0                          -0       2527.8282                                 82.066459          10.188593             1405.7022          11.016092                      26.029027                      396.60296                                 585.4943                        10.728513
             55       1260.9701      -142.99142      -139.88736       1.0413257     0.022358171      0.12103441     0.055039764       3.0526708      0.96400346       11.745419      0.01535158       1.0260541       1.0041635      -142.99142       3.1040595  -0.00078051295      0.30209262      0.69861195       0.8234537     0.046892477      0.25384918      0.82632067       13.648063        146.8378       69.050455   2.1171815e-09       7.7613068       11.016092        1020.424       10.188593       1405.7022       -2.736331        -2.736331                           -0                          -0       2527.4129                                 80.081999          10.188593             1405.7022          11.016092                       25.87678                      396.60775                                587.48283                        10.456606
              1       1259.6647      -142.99142      -139.88736       1.0413257     0.022358171      0.12103441     0.055039764       3.0526708      0.96400346       11.743207       0.0179446       1.0167001        1.003571      -142.99142       3.1040595  -0.00078051295      0.30209262      0.69861195       0.8234537     0.046892477      0.25384918      0.82632067       13.648063        146.8378       69.050455   2.1171815e-09       7.7613068       11.016092       1019.0393       10.188593       1405.7022       -3.872016        -3.872016                           -0                          -0       2527.0734                                 81.127243          10.188593             1405.7022          11.016092                      25.993767                      396.60296                                585.77972                         10.66281
              6       1259.8702      -187.53189       -127.4896       1.0413091     0.022372804      0.12086257     0.054523014       3.0533728      0.96351814       11.732992     0.017853596       1.0059396       1.0032109      -187.53189       60.042295   -0.0010236353      0.30225667      0.69869089      0.82259746     0.046999945      0.25390355      0.82568555       13.656062       146.86674       68.994033   2.1186682e-09       7.7030487       10.811355       1019.3975        10.46755        1405.675      -4.0472336       -4.0472336                           -0                          -0       2527.8349                                 81.483502           10.46755              1405.675          10.811355                      26.014924                      396.46708                                585.96223                        10.953265
              4       1260.5789      -188.32919      -129.38442       1.0413061     0.022372416       0.1208627      0.05455785       3.0533752      0.96354013       11.732554     0.017796164       1.0055893       1.0027588      -188.32919        58.94477   -0.0010279873      0.30198341      0.69896858      0.82269646     0.046956724      0.25367473      0.82541154       13.653739       146.86714        69.02518   2.1186734e-09       7.7065582       10.876361       1021.2211        10.31309        1405.728      -4.2478433       -4.2478433                           -0                          -0       2529.6535                                 81.514953           10.31309              1405.728          10.876361                      26.188791                       396.4584                                587.41579                        11.158103
             71       1260.8709      -188.32919      -129.38442       1.0413061     0.022372416       0.1208627      0.05455785       3.0533752      0.96354013       11.947307     0.021488968       1.1119341        1.002657      -188.32919        58.94477   -0.0010279873      0.30198341      0.69896858      0.82269646     0.046956724      0.25367473      0.82541154       13.653739       146.86714        69.02518   2.1186734e-09       7.7065582       10.876361       1021.7169        10.31309        1405.728      -3.8041169       -3.8041169                           -0                          -0       2529.3499                                 80.715625           10.31309              1405.728          10.876361                        26.2093                       396.4647                                587.83865                        11.204224
             94       1261.0567      -188.32919      -129.38442       1.0413061     0.022372416       0.1208627      0.05455785       3.0533752      0.96354013       11.802497     0.016942405       1.0424803        1.002657      -188.32919        58.94477   -0.0010279873      0.30198341      0.69896858      0.82269646     0.046956724      0.25367473      0.82541154       13.653739       146.86714        69.02518   2.1186734e-09       7.7065582       10.876361       1021.7169        10.31309        1405.728      -3.7528481       -3.7528481                           -0                          -0       2529.6191                                 80.984795           10.31309              1405.728          10.876361                        26.2093                       396.4647                                587.83865                        11.204224
             57       1257.7623      -188.32919      -129.38442       1.0413061     0.022372416       0.1208627      0.05455785       3.0533752      0.96354013       11.931162     0.020819092       1.1085867       1.0027523      -188.32919        58.94477   -0.0010279873      0.30198341      0.69896858      0.82269646     0.046956724      0.25367473      0.82541154       13.653739       146.86714        69.02518   2.1186734e-09       7.7065582       10.876361       1021.2509        10.31309        1405.728      -3.7927846       -3.7927846                           -0                          -0       2523.1102                                 74.941868           10.31309              1405.728          10.876361                      26.190083                       396.4584                                587.44145                        11.160994
             99       1257.1312      -188.32919      -129.38442       1.0413061     0.022372416       0.1208627      0.05455785       3.0533752      0.96354013        11.97567     0.022167239       1.1494214       1.0025423      -188.32919        58.94477   -0.0010279873      0.30198341      0.69896858      0.82269646     0.046956724      0.25367473      0.82541154       13.653739       146.86714        69.02518   2.1186734e-09       7.7065582       10.876361       1022.3111        10.31309        1405.728      -3.7725956       -3.7725956                           -0                          -0       2521.8076                                 72.579073           10.31309              1405.728          10.876361                      26.232477                       396.4647                                  588.357                        11.256956
             19       1260.3767      -188.32919      -129.38442       1.0413061     0.022372416       0.1208627      0.05455785       3.0533752      0.96354013       11.818044     0.022448153       1.2464733       1.0024999      -188.32919        58.94477   -0.0010279873      0.30198341      0.69896858      0.82269646     0.046956724      0.25367473      0.82541154       13.653739       146.86714        69.02518   2.1186734e-09       7.7065582       10.876361        1022.542        10.31309        1405.728      -5.6210167       -5.6210167                           -0                          -0       2531.9954                                 82.536009           10.31309              1405.728          10.876361                      26.241051                       396.4647                                588.55959                        11.276628
             19       1259.1709      -188.32919      -129.38442       1.0413061     0.022372416       0.1208627      0.05455785       3.0533752      0.96354013       11.820569     0.021509056       1.1613885       1.0026295      -188.32919        58.94477   -0.0010279873      0.30198341      0.69896858      0.82269646     0.046956724      0.25367473      0.82541154       13.653739       146.86714        69.02518   2.1186734e-09       7.7065582       10.876361       1021.8554        10.31309        1405.728      -5.1922143       -5.1922143                           -0                          -0       2528.7262                                 79.953386           10.31309              1405.728          10.876361                      26.214857                       396.4647                                587.95902                        11.216808
              1       1258.1723      -188.32919      -129.38442       1.0413061     0.022372416       0.1208627      0.05455785       3.0533752      0.96354013       11.766986     0.022044356       1.1574332       1.0033155      -188.32919        58.94477   -0.0010279873      0.30198341      0.69896858      0.82269646     0.046956724      0.25367473      0.82541154       13.653739       146.86714        69.02518   2.1186734e-09       7.7065582       10.876361       1019.1773        10.31309        1405.728      -5.3487064       -5.3487064                           -0                          -0       2527.0421                                 80.947331           10.31309              1405.728          10.876361                      26.077347                      396.47042                                585.71321                        10.916356
             11       1257.0735      -188.32919      -129.38442       1.0413061     0.022372416       0.1208627      0.05455785       3.0533752      0.96354013       11.885858     0.024081739       1.1060502       1.0040288      -188.32919        58.94477   -0.0010279873      0.30198341      0.69896858      0.82269646     0.046956724      0.25367473      0.82541154       13.653739       146.86714        69.02518   2.1186734e-09       7.7065582       10.876361       1018.0654        10.31309        1405.728      -4.1136832       -4.1136832                           -0                          -0       2522.3743                                 77.391472           10.31309              1405.728          10.876361                      25.936279                      396.45937                                 585.0369                        10.632872
             93       1257.2449      -188.32919      -129.38442       1.0413061     0.022372416       0.1208627      0.05455785       3.0533752      0.96354013       11.852756     0.022107587       1.1001467       1.0044538      -188.32919        58.94477   -0.0010279873      0.30198341      0.69896858      0.82269646     0.046956724      0.25367473      0.82541154       13.653739       146.86714        69.02518   2.1186734e-09       7.7065582       10.876361       1018.1976        10.31309        1405.728      -3.8007509       -3.8007509                           -0                          -0       2522.0913                                 76.976253           10.31309              1405.728          10.876361                      25.852883                      396.43341                                585.43339                        10.477935
              8       1257.7126      -188.32919      -129.38442       1.0413061     0.022372416       0.1208627      0.05455785       3.0533752      0.96354013       11.853586     0.022474507        1.106032       1.0029792      -188.32919        58.94477   -0.0010279873      0.30198341      0.69896858      0.82269646     0.046956724      0.25367473      0.82541154       13.653739       146.86714        69.02518   2.1186734e-09       7.7065582       10.876361       1020.2839        10.31309        1405.728      -4.7561055       -4.7561055                           -0                          -0       2524.9374                                 77.735984           10.31309              1405.728          10.876361                      26.144508                      396.46093                                586.61824                        11.060248
              3       1259.8376      -329.49943      -108.84889       1.0415221      0.02231555      0.12123889     0.053593101       3.0521844      0.96163098       11.818946     0.021691538       1.0705293       1.0039115      -329.49943       220.65054   -0.0017985594      0.30469896      0.69702308      0.82303555     0.047153897      0.25618397       0.8294562       13.665181       146.83104       68.793119    2.116152e-09       7.6265411       10.894057       1015.9246       11.491479       1405.2485       -4.252241        -4.252241                           -0                          -0       2528.1796                                 84.620985          11.491479             1405.2485          10.894057                      26.097559                      396.31345                                582.64362                        10.869976
