#        weight    minuslogpost          a_samp               s     theta_s_100         omega_b       omega_cdm        tau_reio            logA             n_s     shmr_log_Mc          shmr_N       shmr_beta        A_planck           a_exo           b_exo        Omega_x0         Omega_m    Omega_Lambda          sigma8         Omega_b       Omega_cdm              S8             age         rs_drag              H0             A_s          z_reio       chi2__BAO       chi2__CMB        chi2__H0        chi2__SN   minuslogprior minuslogprior__0 minuslogprior__h2_positivity minuslogprior__e2_pre_class            chi2 chi2__jwst_likelihood_uvlf.UVLFLikelihood chi2__H0.riess2020 chi2__sn.pantheonplus chi2__bao.desi_dr2 chi2__planck_2018_lowl.TT_clik chi2__planck_2018_lowl.EE_clik chi2__planck_2018_highl_plik.TTTEEE_lite chi2__planck_2018_lensing.native
              2       1432.1141      -14.872136       -278.6811       1.0418556     0.022435568      0.12024493     0.051934689       3.0506533      0.96104892       11.502356     0.029707192       1.3525103       1.0004004      -14.872136      -263.80896  -8.1178959e-05      0.27493521      0.72507651       0.8258575     0.043037455      0.23066213      0.79060521        13.42682       146.95977       72.201338   2.1129144e-09       7.4159698       101.53871       1088.1668       0.5901339       1413.5701      -8.0491679       -8.0491679                           -0                          -0       2880.3265                                 276.46084          0.5901339             1413.5701          101.53871                      50.839608                      397.63754                                626.54334                        13.146292
              5       1339.6294      -14.872136       -278.6811       1.0418556     0.022435568      0.12024493     0.051934689       3.0506533      0.96104892       11.882523     0.037921735       1.4107244       1.0006155      -14.872136      -263.80896  -8.1178959e-05      0.27493521      0.72507651       0.8258575     0.043037455      0.23066213      0.79060521        13.42682       146.95977       72.201338   2.1129144e-09       7.4159698       101.53871        1084.405       0.5901339       1413.5701      -5.3755181       -5.3755181                           -0                          -0       2690.0099                                 89.905952          0.5901339             1413.5701          101.53871                      50.750529                      397.63458                                623.01157                         13.00831
              1       1316.8374      -76.446109      -84.007301       1.0418946     0.022459265      0.11987649     0.050329923       3.0501796       0.9610017       11.889827     0.042476172       1.4090736        1.002124      -76.446109      -7.5611922  -0.00041727803      0.30205742      0.69828336      0.81496098     0.047447145      0.25324948      0.81775072       13.686578       147.03064       68.800679   2.1119138e-09       7.2454071       10.559786        1056.108       11.452084       1405.6794      -3.8272569       -3.8272569                           -0                          -0       2641.3293                                 157.53006          11.452084             1405.6794          10.559786                      25.875002                       395.8769                                624.03076                        10.325299
             12       1309.2861      -176.05337      -108.85933       1.0419006     0.022364155      0.12034464     0.049209895        3.049848      0.95900755       11.860638     0.040886586       1.3810929       1.0020764      -176.05337       67.194048   -0.0009609803      0.30039078      0.70049432      0.81771462     0.046863262      0.25217776      0.81824703       13.659065       147.01215       69.081218   2.1112135e-09       7.1541595        11.05223       1068.2113       10.038084       1406.0336      -4.6293666       -4.6293666                           -0                          -0       2627.8309                                 132.49571          10.038084             1406.0336           11.05223                      27.722601                      396.03029                                632.92522                        11.533214
              3       1305.9802      -189.36789      -78.820906       1.0418413     0.022329573       0.1204133     0.048865729       3.0496178      0.95827724       11.860762     0.041553565       1.3798378       1.0031773      -189.36789       110.54699   -0.0010336571       0.3051474       0.6958092      0.81645647     0.047520422      0.25625617      0.82343105        13.69949       147.03228       68.548833   2.1107277e-09       7.1260834       11.368358       1051.6915       12.800801         1405.14      -3.9834659       -3.9834659                           -0                          -0       2619.9272                                 138.92658          12.800801               1405.14          11.368358                      26.615738                      395.93509                                618.20174                        10.938905
              1       1298.4347      -189.36789      -78.820906       1.0418413     0.022329573       0.1204133     0.048865729       3.0496178      0.95827724       11.855192     0.041471313       1.3814905       1.0042498      -189.36789       110.54699   -0.0010336571       0.3051474       0.6958092      0.81645647     0.047520422      0.25625617      0.82343105        13.69949       147.03228       68.548833   2.1107277e-09       7.1260834       11.368358       1036.6864       12.800801         1405.14      -3.4183055       -3.4183055                           -0                          -0        2603.706                                  137.7104          12.800801               1405.14          11.368358                      26.397498                      395.93314                                603.89886                        10.456946
             14       1279.4482      -309.60782      -157.34466       1.0421833     0.022304176      0.12042484     0.051186154        3.048933      0.95739167         11.8141     0.038273254       1.3440993        1.004673      -309.60782       152.26315   -0.0016899819      0.29123992       0.7103765      0.82054938     0.045307413      0.24462405      0.80848049       13.578379       147.05755        70.16305   2.1092826e-09       7.3703461       25.960955       1025.7998       5.4574355       1408.2377      -4.2308818       -4.2308818                           -0                          -0       2567.3582                                 101.90242          5.4574355             1408.2377          25.960955                       31.48201                       396.3671                                588.11025                        9.8404005
              1       1281.4983      -308.09271      -168.67971       1.0421702      0.02231866      0.12045442     0.051587252       3.0489386      0.95712854       11.813131     0.037988648       1.3436523       1.0047001      -308.09271       139.41299   -0.0016817117      0.28961869      0.71198989      0.82104691     0.045070606      0.24324731      0.80671594       13.561859       147.03374       70.369968   2.1092945e-09       7.4082489       30.693255       1027.4668       4.7391002       1408.6877      -4.2789902       -4.2789902                           -0                          -0       2571.5545                                 99.967597          4.7391002             1408.6877          30.693255                      32.727075                      396.50186                                588.43736                        9.8005364
             34        1279.497      -313.25458      -142.97859       1.0421742     0.022295533      0.12058205     0.051033369       3.0489256      0.95660345       11.814875     0.038617767       1.3442128       1.0030108      -313.25458         170.276   -0.0017098876      0.29432079      0.70731484      0.82016513     0.045721575      0.24727828      0.81236489        13.59999       147.02566       69.831013    2.109267e-09       7.3591156        19.34518       1031.1779       6.7160206       1407.4386      -5.1721052       -5.1721052                           -0                          -0       2569.3383                                 104.66056          6.7160206             1407.4386           19.34518                      30.790515                      396.28191                                593.69142                        10.414089
              5       1277.4171      -313.25458      -142.97859       1.0421742     0.022295533      0.12058205     0.051033369       3.0489256      0.95660345       11.791194     0.040535908       1.3841539       1.0025056      -313.25458         170.276   -0.0017098876      0.29432079      0.70731484      0.82016513     0.045721575      0.24727828      0.81236489        13.59999       147.02566       69.831013    2.109267e-09       7.3591156        19.34518       1034.9478       6.7160206       1407.4386      -5.1176702       -5.1176702                           -0                          -0       2565.0696                                 96.622001          6.7160206             1407.4386           19.34518                      30.921534                       396.3029                                597.10919                         10.61419
             17       1275.1192      -313.25458      -142.97859       1.0421742     0.022295533      0.12058205     0.051033369       3.0489256      0.95660345       11.774148     0.041786718       1.2081143       1.0025056      -313.25458         170.276   -0.0017098876      0.29432079      0.70731484      0.82016513     0.045721575      0.24727828      0.81236489        13.59999       147.02566       69.831013    2.109267e-09       7.3591156        19.34518       1034.9478       6.7160206       1407.4386      -4.7585449       -4.7585449                           -0                          -0       2559.7554                                 91.307798          6.7160206             1407.4386           19.34518                      30.921534                       396.3029                                597.10919                         10.61419
             13       1270.9724      -313.25458      -142.97859       1.0421742     0.022295533      0.12058205     0.051033369       3.0489256      0.95660345       11.804508     0.035628563       1.3475485        1.003101      -313.25458         170.276   -0.0017098876      0.29432079      0.70731484      0.82016513     0.045721575      0.24727828      0.81236489        13.59999       147.02566       69.831013    2.109267e-09       7.3591156        19.34518          1030.6       6.7160206       1407.4386      -5.7336416       -5.7336416                           -0                          -0       2553.4121                                 89.312263          6.7160206             1407.4386           19.34518                       30.76718                      396.28191                                593.17104                        10.379897
             15       1272.4414      -313.25458      -142.97859       1.0421742     0.022295533      0.12058205     0.051033369       3.0489256      0.95660345       11.608058     0.025620005        1.379284       1.0029794      -313.25458         170.276   -0.0017098876      0.29432079      0.70731484      0.82016513     0.045721575      0.24727828      0.81236489        13.59999       147.02566       69.831013    2.109267e-09       7.3591156        19.34518       1031.3853       6.7160206       1407.4386      -7.0185599       -7.0185599                           -0                          -0         2558.92                                 94.034864          6.7160206             1407.4386           19.34518                      30.798631                      396.28191                                 593.8787                        10.426085
              6       1268.4767      -320.52073      -85.254692       1.0422295     0.022327268      0.12094699     0.050582438       3.0485678      0.95746008       11.613114     0.027073581       1.3816779       1.0029794      -320.52073       235.26604   -0.0017495496      0.30420056      0.69747245      0.81881509     0.047193185      0.25564587      0.82452764       13.669284       146.89449        68.78253   2.1085126e-09       7.3127899       10.821662       1024.8116       11.546769       1405.3279      -7.1278147       -7.1278147                           -0                          -0        2551.209                                 98.701072          11.546769             1405.3279          10.821662                      26.977584                      395.98991                                591.51728                        10.326826
             13        1265.203      -320.52073      -85.254692       1.0422295     0.022327268      0.12094699     0.050582438       3.0485678      0.95746008       11.369744    0.0058460097       1.2268418       1.0029304      -320.52073       235.26604   -0.0017495496      0.30420056      0.69747245      0.81881509     0.047193185      0.25564587      0.82452764       13.669284       146.89449        68.78253   2.1085126e-09       7.3127899       10.821662       1025.1076       11.546769       1405.3279     -0.34183827      -0.34183827                           -0                          -0       2531.0897                                 78.285856          11.546769             1405.3279          10.821662                      26.987934                      395.98991                                591.78461                         10.34515
            504       1261.7467      -320.52073      -85.254692       1.0422295     0.022327268      0.12094699     0.050582438       3.0485678      0.95746008       11.590793     0.012997062       1.2201677       1.0029304      -320.52073       235.26604   -0.0017495496      0.30420056      0.69747245      0.81881509     0.047193185      0.25564587      0.82452764       13.669284       146.89449        68.78253   2.1085126e-09       7.3127899       10.821662       1025.1076       11.546769       1405.3279      -3.8706359       -3.8706359                           -0                          -0       2531.2346                                 78.430742          11.546769             1405.3279          10.821662                      26.987934                      395.98991                                591.78461                         10.34515
             23       1261.7748      -320.52073      -85.254692       1.0422295     0.022327268      0.12094699     0.050582438       3.0485678      0.95746008        11.63321     0.013413672       1.2101867       1.0029304      -320.52073       235.26604   -0.0017495496      0.30420056      0.69747245      0.81881509     0.047193185      0.25564587      0.82452764       13.669284       146.89449        68.78253   2.1085126e-09       7.3127899       10.821662       1025.1076       11.546769       1405.3279      -3.8946064       -3.8946064                           -0                          -0       2531.3388                                 78.534884          11.546769             1405.3279          10.821662                      26.987934                      395.98991                                591.78461                         10.34515
             38       1261.6735      -320.52073      -85.254692       1.0422295     0.022327268      0.12094699     0.050582438       3.0485678      0.95746008       11.727563      0.01555712        1.052185       1.0030129      -320.52073       235.26604   -0.0017495496      0.30420056      0.69747245      0.81881509     0.047193185      0.25564587      0.82452764       13.669284       146.89449        68.78253   2.1085126e-09       7.3127899       10.821662       1024.6255       11.546769       1405.3279      -3.6903228       -3.6903228                           -0                          -0       2530.7277                                 78.405932          11.546769             1405.3279          10.821662                      26.970525                      396.00105                                 591.3395                        10.314404
              6       1263.0275      -320.52073      -85.254692       1.0422295     0.022327268      0.12094699     0.050582438       3.0485678      0.95746008       11.878806      0.02795266      0.99904736       1.0030129      -320.52073       235.26604   -0.0017495496      0.30420056      0.69747245      0.81881509     0.047193185      0.25564587      0.82452764       13.669284       146.89449        68.78253   2.1085126e-09       7.3127899       10.821662       1024.6255       11.546769       1405.3279      -4.6199531       -4.6199531                           -0                          -0        2535.295                                 82.973211          11.546769             1405.3279          10.821662                      26.970525                      396.00105                                 591.3395                        10.314404
              3       1262.9905      -126.44293      -119.24249       1.0423141     0.022300187      0.12186213     0.051676948       3.0475168      0.95722429       11.925734     0.028877326       1.0474269       1.0024436      -126.44293       7.2004367  -0.00069018366      0.30712151      0.69349187      0.82204653     0.047296699      0.25845865      0.83174631       13.656721       146.68462        68.66554   2.1062975e-09       7.4468536       11.525912        1023.066       12.166466       1404.8187      -4.6513247       -4.6513247                           -0                          -0       2535.2836                                  83.70647          12.166466             1404.8187          11.525912                      27.221621                      396.13979                                589.02259                        10.682017
              1        1263.047      -126.44293      -119.24249       1.0423141     0.022300187      0.12186213     0.051676948       3.0475168      0.95722429       11.844001     0.025398805      0.99588337       1.0017496      -126.44293       7.2004367  -0.00069018366      0.30712151      0.69349187      0.82204653     0.047296699      0.25845865      0.83174631       13.656721       146.68462        68.66554   2.1062975e-09       7.4468536       11.525912       1023.0434       12.166466       1404.8187      -5.2092547       -5.2092547                           -0                          -0       2536.5125                                 84.958013          12.166466             1404.8187          11.525912                      27.371219                       396.1214                                588.59562                        10.955161
              4       1263.0877      -115.02847      -135.16839       1.0422848     0.022285936       0.1218475     0.051530327       3.0477038      0.95706628        11.84508     0.025086041      0.99769131       1.0017496      -115.02847      -20.139921  -0.00062787829      0.30510311      0.69544846      0.82272142     0.046965206      0.25678046      0.82968931       13.640987       146.70415       68.885422   2.1066915e-09       7.4342194       11.117171       1024.0995       11.015138       1405.1516      -5.1704798       -5.1704798                           -0                          -0       2536.5164                                 85.132978          11.015138             1405.1516          11.117171                      28.245545                      396.15894                                588.47573                        11.219243
             95       1260.9708      -115.02847      -135.16839       1.0422848     0.022285936       0.1218475     0.051530327       3.0477038      0.95706628       11.886777     0.029145771       1.1342082       1.0017239      -115.02847      -20.139921  -0.00062787829      0.30510311      0.69544846      0.82272142     0.046965206      0.25678046      0.82968931       13.640987       146.70415       68.885422   2.1066915e-09       7.4342194       11.117171       1024.1566       11.015138       1405.1516      -5.6181073       -5.6181073                           -0                          -0       2533.1778                                 81.737353          11.015138             1405.1516          11.117171                       28.25143                      396.15894                                588.51553                        11.230662
              5       1264.0831      -115.02847      -135.16839       1.0422848     0.022285936       0.1218475     0.051530327       3.0477038      0.95706628       11.708309     0.025230585       1.1387567       1.0036989      -115.02847      -20.139921  -0.00062787829      0.30510311      0.69544846      0.82272142     0.046965206      0.25678046      0.82968931       13.640987       146.70415       68.885422   2.1066915e-09       7.4342194       11.117171       1026.2687       11.015138       1405.1516      -5.8704217       -5.8704217                           -0                          -0        2539.907                                  86.35436          11.015138             1405.1516          11.117171                      27.805834                      396.16786                                591.83113                        10.463888
              8       1262.6204      -115.70167      -137.38624       1.0422823     0.022285802      0.12181553     0.051627062       3.0477523      0.95714422       11.707865     0.025165801       1.1384149       1.0036186      -115.70167      -21.684567  -0.00063155295      0.30460187      0.69595348      0.82276628     0.046898167      0.25634818       0.8290527       13.638027       146.71267       68.934432   2.1067937e-09        7.444046        11.13862       1026.0584       10.766314       1405.2387      -5.9117326       -5.9117326                           -0                          -0       2537.0643                                  83.86227          10.766314             1405.2387           11.13862                      27.923094                      396.20251                                591.46659                        10.466196
              2       1261.4649      -175.59877      -95.020968       1.0423376     0.022265986      0.12133583     0.050639561       3.0471779      0.95604871       11.697229      0.02572075       1.1258583       1.0030989      -175.59877         80.5778  -0.00095849885       0.3070465      0.69383492      0.81915272     0.047396083      0.25827929      0.82871715       13.679559       146.86012        68.54089   2.1055839e-09       7.3394623       11.716463       1023.3261       12.844559       1404.8315      -6.2495938       -6.2495938                           -0                          -0        2535.429                                 82.710478          12.844559             1404.8315          11.716463                      26.966773                       395.9893                                590.23219                        10.137832
              1       1261.8695      -198.33758      -105.40924       1.0423364     0.022265756      0.12138955      0.05020964       3.0475239      0.95658877       11.689996     0.025233575       1.1191195       1.0035295      -198.33758        92.92834   -0.0010826178      0.30558387      0.69542206      0.82020716     0.047152336      0.25706744      0.82780518       13.665155       146.84624       68.717462   2.1063126e-09       7.2945404       11.093555       1023.2668       11.889435       1405.0753      -5.9847766       -5.9847766                           -0                          -0       2535.7086                                  84.38353          11.889435             1405.0753          11.093555                      27.311187                      396.01993                                589.55353                        10.382181
              5        1261.598      -198.33758      -105.40924       1.0423364     0.022265756      0.12138955      0.05020964       3.0475239      0.95658877       11.750802     0.024543498       1.0574289       1.0035295      -198.33758        92.92834   -0.0010826178      0.30558387      0.69542206      0.82020716     0.047152336      0.25706744      0.82780518       13.665155       146.84624       68.717462   2.1063126e-09       7.2945404       11.093555       1023.2668       11.889435       1405.0753      -5.3323036       -5.3323036                           -0                          -0       2533.8605                                 82.535425          11.889435             1405.0753          11.093555                      27.311187                      396.01993                                589.55353                        10.382181
            205       1261.9933      -198.33758      -105.40924       1.0423364     0.022265756      0.12138955      0.05020964       3.0475239      0.95658877       11.842352     0.016677823       1.1667439       1.0045334      -198.33758        92.92834   -0.0010826178      0.30558387      0.69542206      0.82020716     0.047152336      0.25706744      0.82780518       13.665155       146.84624       68.717462   2.1063126e-09       7.2945404       11.093555       1022.9509       11.889435       1405.0753      -2.6985151       -2.6985151                           -0                          -0       2529.3836                                 78.374407          11.889435             1405.0753          11.093555                      27.096743                      396.02905                                589.77049                        10.054602
             39       1261.3632      -198.33758      -105.40924       1.0423364     0.022265756      0.12138955      0.05020964       3.0475239      0.95658877       11.682006     0.017991612       1.2196207       1.0045334      -198.33758        92.92834   -0.0010826178      0.30558387      0.69542206      0.82020716     0.047152336      0.25706744      0.82780518       13.665155       146.84624       68.717462   2.1063126e-09       7.2945404       11.093555       1022.9509       11.889435       1405.0753      -4.2566702       -4.2566702                           -0                          -0       2531.2398                                 80.230602          11.889435             1405.0753          11.093555                      27.096743                      396.02905                                589.77049                        10.054602
