#        weight    minuslogpost          a_samp               s     theta_s_100         omega_b       omega_cdm        tau_reio            logA             n_s     shmr_log_Mc          shmr_N       shmr_beta        A_planck           a_exo           b_exo        Omega_x0         Omega_m    Omega_Lambda          sigma8         Omega_b       Omega_cdm              S8             age         rs_drag              H0             A_s          z_reio       chi2__BAO       chi2__CMB        chi2__H0        chi2__SN   minuslogprior minuslogprior__0 minuslogprior__h2_positivity minuslogprior__e2_pre_class            chi2 chi2__jwst_likelihood_uvlf.UVLFLikelihood chi2__H0.riess2020 chi2__sn.pantheonplus chi2__bao.desi_dr2 chi2__planck_2018_lowl.TT_clik chi2__planck_2018_lowl.EE_clik chi2__planck_2018_highl_plik.TTTEEE_lite chi2__planck_2018_lensing.native
             14       1291.2143      -29.780471      -59.790226       1.0414646     0.022244083      0.11811645     0.056907539       3.0504738      0.96139699       11.497669     0.029844146       1.3472014      0.99797215      -29.780471      -30.009755  -0.00016255551      0.29893021      0.70115557      0.80849456     0.047157505      0.25040714      0.80705175       13.745307       147.73831       68.680245   2.1125352e-09       7.9346771       10.335326       1076.8134       12.087682       1406.2906      -7.7185332       -7.7185332                           -0                          -0       2597.8657                                 92.338637          12.087682             1406.2906          10.335326                      25.200332                      396.72668                                646.10739                        8.7790445
              2       1275.6798      -29.780471      -59.790226       1.0414646     0.022244083      0.11811645     0.056907539       3.0504738      0.96139699       11.509819     0.026138748       1.3667853      0.99992997      -29.780471      -30.009755  -0.00016255551      0.29893021      0.70115557      0.80849456     0.047157505      0.25040714      0.80705175       13.745307       147.73831       68.680245   2.1125352e-09       7.9346771       10.335326       1045.9449       12.087682       1406.2906      -7.8941094       -7.8941094                           -0                          -0       2567.1478                                  92.48927          12.087682             1406.2906          10.335326                      24.844409                      396.67805                                615.90881                        8.5136481
             17       1273.2579      -66.842695      -94.225141       1.0414954     0.022235208      0.11830556     0.056605353       3.0492132      0.95754628       11.495919     0.024883276       1.3544978       1.0006258      -66.842695      -27.382446  -0.00036485818      0.29481764       0.7054716       0.8091072     0.046430825      0.24704175      0.80208828       13.701749       147.69758       69.201801   2.1098737e-09        7.906601       12.947854       1037.9418       9.4589316       1407.2412      -7.7344713       -7.7344713                           -0                          -0       2561.9848                                 94.395093          9.4589316             1407.2412          12.947854                      26.459909                      396.79735                                606.22221                        8.4622923
              1        1270.785       -69.14632      -54.749433       1.0415265     0.022255093      0.11836795     0.056479294       3.0493402      0.95783012       11.500077      0.02590234       1.3568341       1.0016961       -69.14632       14.396887  -0.00037743242      0.30018455      0.70011594      0.80778157     0.047290777      0.25152502      0.80802999       13.745293       147.65869       68.600373   2.1101417e-09       7.8932648       10.392786       1029.8655        12.51868       1406.0367      -7.6547931       -7.6547931                           -0                          -0       2556.8797                                 98.066046           12.51868             1406.0367          10.392786                      25.393333                      396.64451                                599.41943                         8.408211
              9       1268.4473       -69.14632      -54.749433       1.0415265     0.022255093      0.11836795     0.056479294       3.0493402      0.95783012       11.378756      0.02204712       1.3403022       1.0026167       -69.14632       14.396887  -0.00037743242      0.30018455      0.70011594      0.80778157     0.047290777      0.25152502      0.80802999       13.745293       147.65869       68.600373   2.1101417e-09       7.8932648       10.392786       1028.1522        12.51868       1406.0367      -6.6306355       -6.6306355                           -0                          -0       2550.1558                                 93.055468           12.51868             1406.0367          10.392786                      25.221716                      396.65887                                597.80574                        8.4658906
              5       1271.8504      -58.836352      -39.269868       1.0415406     0.022263119       0.1182712     0.056539065       3.0496663       0.9575244       11.383335     0.022551917       1.3441598       1.0040985      -58.836352       19.566484  -0.00032115588      0.30170141      0.69854236      0.80680487     0.047576767      0.25274811      0.80908948        13.76195       147.67561       68.406212     2.11083e-09       7.8974762       10.966274       1031.9251       13.597873         1405.73      -5.9424246       -5.9424246                           -0                          -0       2555.5856                                 93.366384          13.597873               1405.73          10.966274                      24.940605                      396.61195                                601.73187                        8.6406855
             17       1270.2157      -65.642297      -61.296685       1.0415052     0.022241191      0.11821779     0.055980285       3.0497294      0.95734326       11.378887      0.02190739       1.3407336       1.0036347      -65.642297        4.345612  -0.00035830585      0.29870585       0.7015758      0.80756328     0.047083113      0.25025914      0.80581955       13.739408       147.71433       68.730015   2.1109631e-09       7.8434296        10.38363       1031.1397       11.822937       1406.3459      -6.0860879       -6.0860879                           -0                          -0       2552.6036                                 92.911391          11.822937             1406.3459           10.38363                      25.380765                      396.51339                                600.77699                         8.468544
              4        1270.225      -65.018236      -60.387088       1.0415047     0.022241468      0.11822501     0.056027284       3.0497262      0.95733201       11.379161     0.021937224       1.3409651       1.0036347      -65.018236        4.631148  -0.00035489944      0.29887254      0.70140566      0.80754184     0.047107471      0.25040079      0.80602296       13.740555       147.71209       68.712671   2.1109564e-09       7.8483429       10.363704       1031.1217       11.914864         1406.31      -6.0926591       -6.0926591                           -0                          -0       2552.6354                                 92.925113          11.914864               1406.31          10.363704                       25.36061                      396.53434                                 600.7533                        8.4734111
              3        1271.498      -65.018236      -60.387088       1.0415047     0.022241468      0.11822501     0.056027284       3.0497262      0.95733201       11.376086     0.021968312       1.3561698        1.004304      -65.018236        4.631148  -0.00035489944      0.29887254      0.70140566      0.80754184     0.047107471      0.25040079      0.80602296       13.740555       147.71209       68.712671   2.1109564e-09       7.8483429       10.363704       1032.0986       11.914864         1406.31        -5.66425         -5.66425                           -0                          -0       2554.3246                                 93.637406          11.914864               1406.31          10.363704                      25.236122                      396.52386                                601.77969                        8.5588902
              3       1273.8677       -52.99646      -60.785435       1.0415845     0.022286298       0.1179967     0.056975478       3.0497602      0.95726708       11.379198     0.022070589       1.3592937        1.004304       -52.99646      -7.7889751  -0.00028927906      0.29723943      0.70297347      0.80659606     0.047005613      0.24887522      0.80287637       13.732716       147.72324       68.856368   2.1110282e-09       7.9297638       10.599967       1036.7669        11.16399       1406.6632      -5.7202077       -5.7202077                           -0                          -0       2559.1759                                 93.981735           11.16399             1406.6632          10.599967                      25.169213                      396.73024                                606.08197                        8.7855144
             22       1270.7331      -49.874067        -57.7351       1.0416339     0.022303106      0.11795391     0.056184067       3.0496713      0.95746836       11.380388     0.022180294         1.36034       1.0031542      -49.874067      -7.8610333   -0.0002722356      0.29720186      0.70299399      0.80631134     0.047043791       0.2487994      0.80254225       13.732994       147.71585       68.854371   2.1108405e-09       7.8462372       10.560171       1031.7302       11.174257       1406.6699      -6.4360852       -6.4360852                           -0                          -0       2554.3384                                 94.203869          11.174257             1406.6699          10.560171                      25.425472                      396.55642                                601.27921                        8.4691431
              5       1271.9198      -60.573221      -29.549218       1.0416404     0.022313458      0.11794591      0.05569029        3.049634      0.95754229       11.380976     0.022822972        1.359633        1.003354      -60.573221       31.024003   -0.0003306365         0.30056      0.69969339      0.80518691     0.047596638      0.25158936      0.80593806       13.762309       147.70639       68.469208   2.1107618e-09        7.796402       10.738558       1031.4506       13.242836        1405.951      -6.4465703       -6.4465703                           -0                          -0       2556.7327                                 95.349676          13.242836              1405.951          10.738558                      25.253984                      396.36756                                601.38905                        8.4400253
              1       1273.8495      -60.573221      -29.549218       1.0416404     0.022313458      0.11794591      0.05569029        3.049634      0.95754229       11.145241    0.0043339256       1.1663905       1.0024697      -60.573221       31.024003   -0.0003306365         0.30056      0.69969339      0.80518691     0.047596638      0.25158936      0.80593806       13.762309       147.70639       68.469208   2.1107618e-09        7.796402       10.738558       1034.4391       13.242836        1405.951       1.8411749        1.8411749                           -0                          -0       2544.0167                                 79.645194          13.242836              1405.951          10.738558                      25.418672                      396.40671                                604.27653                        8.3371896
             30       1273.0695      -60.573221      -29.549218       1.0416404     0.022313458      0.11794591      0.05569029        3.049634      0.95754229         11.2001    0.0047267408       1.0399024       1.0036851      -60.573221       31.024003   -0.0003306365         0.30056      0.69969339      0.80518691     0.047596638      0.25158936      0.80593806       13.762309       147.70639       68.469208   2.1107618e-09        7.796402       10.738558       1031.0279       13.242836        1405.951       2.2185385        2.2185385                           -0                          -0        2541.702                                 80.741667          13.242836              1405.951          10.738558                      25.193007                      396.36784                                600.97722                        8.4898341
             63       1269.0419      -60.573221      -29.549218       1.0416404     0.022313458      0.11794591      0.05569029        3.049634      0.95754229       11.435876    0.0099239286       1.1770213       1.0023716      -60.573221       31.024003   -0.0003306365         0.30056      0.69969339      0.80518691     0.047596638      0.25158936      0.80593806       13.762309       147.70639       68.469208   2.1107618e-09        7.796402       10.738558       1034.9302       13.242836        1405.951      -2.7329973       -2.7329973                           -0                          -0       2543.5499                                 78.687206          13.242836              1405.951          10.738558                       25.43709                      396.40643                                604.75821                        8.3284928
             35       1268.9257      -60.573221      -29.549218       1.0416404     0.022313458      0.11794591      0.05569029        3.049634      0.95754229       11.508206     0.012112027       1.0688742       1.0023716      -60.573221       31.024003   -0.0003306365         0.30056      0.69969339      0.80518691     0.047596638      0.25158936      0.80593806       13.762309       147.70639       68.469208   2.1107618e-09        7.796402       10.738558       1034.9302       13.242836        1405.951      -3.3878433       -3.3878433                           -0                          -0        2544.627                                 79.764362          13.242836              1405.951          10.738558                       25.43709                      396.40643                                604.75821                        8.3284928
            306       1264.7316      -60.573221      -29.549218       1.0416404     0.022313458      0.11794591      0.05569029        3.049634      0.95754229       11.873034     0.023499933       1.0901734       1.0023327      -60.573221       31.024003   -0.0003306365         0.30056      0.69969339      0.80518691     0.047596638      0.25158936      0.80593806       13.762309       147.70639       68.469208   2.1107618e-09        7.796402       10.738558       1035.1339       13.242836        1405.951      -4.9549722       -4.9549722                           -0                          -0       2539.3731                                  74.30682          13.242836              1405.951          10.738558                      25.444389                      396.40643                                604.95786                           8.3252
            316       1265.0162      -60.573221      -29.549218       1.0416404     0.022313458      0.11794591      0.05569029        3.049634      0.95754229        11.65971     0.020955916       1.2053715       1.0025986      -60.573221       31.024003   -0.0003306365         0.30056      0.69969339      0.80518691     0.047596638      0.25158936      0.80593806       13.762309       147.70639       68.469208   2.1107618e-09        7.796402       10.738558       1033.8439       13.242836        1405.951      -6.1653496       -6.1653496                           -0                          -0       2542.3631                                 78.586815          13.242836              1405.951          10.738558                      25.394531                      396.40671                                603.69321                        8.3494334
             19       1265.6502      -60.573221      -29.549218       1.0416404     0.022313458      0.11794591      0.05569029        3.049634      0.95754229       11.660119     0.021097843       1.1772514       1.0022663      -60.573221       31.024003   -0.0003306365         0.30056      0.69969339      0.80518691     0.047596638      0.25158936      0.80593806       13.762309       147.70639       68.469208   2.1107618e-09        7.796402       10.738558       1035.4937       13.242836        1405.951       -6.256184        -6.256184                           -0                          -0       2543.8127                                 78.386621          13.242836              1405.951          10.738558                      25.456866                      396.40643                                605.31062                        8.3197733
             34       1264.4713      -60.573221      -29.549218       1.0416404     0.022313458      0.11794591      0.05569029        3.049634      0.95754229       11.666548     0.020891967       1.1543202       1.0038056      -60.573221       31.024003   -0.0003306365         0.30056      0.69969339      0.80518691     0.047596638      0.25158936      0.80593806       13.762309       147.70639       68.469208   2.1107618e-09        7.796402       10.738558       1030.9689       13.242836        1405.951      -5.3772896       -5.3772896                           -0                          -0       2539.6971                                 78.795838          13.242836              1405.951          10.738558                      25.170914                      396.37101                                600.91745                        8.5094946
             19       1265.9064      -60.573221      -29.549218       1.0416404     0.022313458      0.11794591      0.05569029        3.049634      0.95754229       11.759276      0.02210041       1.1885724       1.0032257      -60.573221       31.024003   -0.0003306365         0.30056      0.69969339      0.80518691     0.047596638      0.25158936      0.80593806       13.762309       147.70639       68.469208   2.1107618e-09        7.796402       10.738558       1031.7281       13.242836        1405.951      -5.5350725       -5.5350725                           -0                          -0        2542.883                                 81.222498          13.242836              1405.951          10.738558                      25.277736                       396.3814                                601.64659                        8.4223676
            161       1264.3898      -60.573221      -29.549218       1.0416404     0.022313458      0.11794591      0.05569029        3.049634      0.95754229       11.707627     0.024280825       1.2253066       1.0034517      -60.573221       31.024003   -0.0003306365         0.30056      0.69969339      0.80518691     0.047596638      0.25158936      0.80593806       13.762309       147.70639       68.469208   2.1107618e-09        7.796402       10.738558       1031.2874       13.242836        1405.951      -6.1294543       -6.1294543                           -0                          -0       2541.0386                                  79.81879          13.242836              1405.951          10.738558                      25.235954                      396.36756                                601.22978                         8.454078
            266       1264.4917      -60.573221      -29.549218       1.0416404     0.022313458      0.11794591      0.05569029        3.049634      0.95754229       11.772309     0.024586101        1.061293       1.0034517      -60.573221       31.024003   -0.0003306365         0.30056      0.69969339      0.80518691     0.047596638      0.25158936      0.80593806       13.762309       147.70639       68.469208   2.1107618e-09        7.796402       10.738558       1031.2874       13.242836        1405.951      -5.2779641       -5.2779641                           -0                          -0       2539.5392                                  78.31944          13.242836              1405.951          10.738558                      25.235954                      396.36756                                601.22978                         8.454078
             31       1264.9071      -60.573221      -29.549218       1.0416404     0.022313458      0.11794591      0.05569029        3.049634      0.95754229       11.647911     0.026196486       1.1982063       1.0034517      -60.573221       31.024003   -0.0003306365         0.30056      0.69969339      0.80518691     0.047596638      0.25158936      0.80593806       13.762309       147.70639       68.469208   2.1107618e-09        7.796402       10.738558       1031.2874       13.242836        1405.951      -6.5417036       -6.5417036                           -0                          -0       2542.8976                                 81.677802          13.242836              1405.951          10.738558                      25.235954                      396.36756                                601.22978                         8.454078
              6       1264.1908      -103.42614      -90.966431       1.0417406     0.022224738       0.1190406     0.053739873       3.0507206      0.95852915       11.629232     0.024175373       1.1823899       1.0037974      -103.42614       12.459711  -0.00056454746      0.29807987      0.70240861      0.81283021     0.046682909      0.25004396      0.81022481       13.700141       147.51283       68.998455   2.1130566e-09       7.6321564       11.283276       1026.3498       10.445548       1406.4992      -6.1001994       -6.1001994                           -0                          -0        2540.582                                 86.004139          10.445548             1406.4992          11.283276                      26.066304                      396.20868                                595.28452                         8.790287
              3        1262.821      -112.76104       -94.71871       1.0417379     0.022225474        0.119048     0.053531013       3.0506698      0.95853442       11.626325     0.023988882       1.1796616       1.0049995      -112.76104       18.042335  -0.00061550165      0.29748175      0.70305785      0.81303642     0.046588106      0.24954343      0.80961684       13.694617       147.51002       69.069766   2.1129493e-09       7.6103973       11.703756       1022.4166       10.093982       1406.6343      -5.2325384       -5.2325384                           -0                          -0       2536.1072                                 85.258522          10.093982             1406.6343          11.703756                      26.004894                      396.20408                                591.50037                        8.7072242
              5       1262.8991      -113.00825      -102.61525       1.0417413     0.022228223      0.11907123     0.053529434         3.05069      0.95847655       11.625307     0.023778392       1.1790085       1.0051231      -113.00825       10.392998  -0.00061685099      0.29648592       0.7040553      0.81344042     0.046429398      0.24871107      0.80866222        13.68471       147.50077       69.191995    2.112992e-09       7.6096954       12.617862       1022.3948       9.5053888       1406.8624      -5.1075246       -5.1075246                           -0                          -0       2536.0132                                 84.632784          9.5053888             1406.8624          12.617862                      26.270883                      396.19679                                591.19979                        8.7273131
