#        weight    minuslogpost          a_samp               s     theta_s_100         omega_b       omega_cdm        tau_reio            logA             n_s     shmr_log_Mc          shmr_N       shmr_beta        A_planck           a_exo           b_exo        Omega_x0         Omega_m    Omega_Lambda          sigma8         Omega_b       Omega_cdm              S8             age         rs_drag              H0             A_s          z_reio       chi2__BAO       chi2__CMB        chi2__H0        chi2__SN   minuslogprior minuslogprior__0 minuslogprior__h2_positivity minuslogprior__e2_pre_class            chi2 chi2__jwst_likelihood_uvlf.UVLFLikelihood chi2__H0.riess2020 chi2__sn.pantheonplus chi2__bao.desi_dr2 chi2__planck_2018_lowl.TT_clik chi2__planck_2018_lowl.EE_clik chi2__planck_2018_highl_plik.TTTEEE_lite chi2__planck_2018_lensing.native
              3         1413.41      -96.624931      -243.62448       1.0418057     0.022524772      0.12102891     0.056672431       3.0518104      0.96520927       11.499549     0.030249323       1.3483733      0.99876802      -96.624931      -146.99955  -0.00052742332      0.28374296       0.7167132      0.82836747     0.044322763      0.23815271       0.8056102       13.473692       146.65596       71.288059   2.1153607e-09       7.8806305       54.710586       1039.6305       2.1630295       1410.4387      -7.8522772       -7.8522772                           -0                          -0       2842.5245                                 335.58171          2.1630295             1410.4387          54.710586                       38.27816                      397.80689                                 591.1565                        12.388916
              1       1283.1832      -79.905885      -81.781333       1.0417121     0.022582886      0.12087854     0.056636702       3.0522549      0.96213843       11.523477     0.034672741       1.3648152      0.99883867      -79.905885      -1.8754474  -0.00043616308      0.30761408      0.69274478      0.81874934     0.048206424      0.25803265      0.82907427       13.687136        146.6315       68.444297   2.1163011e-09       7.8743134       13.631213       1023.4568       13.382669       1404.7261       -7.481718        -7.481718                           -0                          -0       2581.3299                                 126.13315          13.382669             1404.7261          13.631213                      25.040375                      396.67237                                591.23843                        10.505605
              8       1271.4208      -79.905885      -81.781333       1.0417121     0.022582886      0.12087854     0.056636702       3.0522549      0.96213843       11.535271     0.034166852       1.4024973       1.0003128      -79.905885      -1.8754474  -0.00043616308      0.30761408      0.69274478      0.81874934     0.048206424      0.25803265      0.82907427       13.687136        146.6315       68.444297   2.1163011e-09       7.8743134       13.631213        1018.559       13.382669       1404.7261      -7.6108763       -7.6108763                           -0                          -0       2558.0633                                 107.76433          13.382669             1404.7261          13.631213                      24.775268                      396.65084                                587.16303                        9.9698612
              2       1271.1983      -79.905885      -81.781333       1.0417121     0.022582886      0.12087854     0.056636702       3.0522549      0.96213843       11.224992     0.009806924       1.3390971       1.0003128      -79.905885      -1.8754474  -0.00043616308      0.30761408      0.69274478      0.81874934     0.048206424      0.25803265      0.82907427       13.687136        146.6315       68.444297   2.1163011e-09       7.8743134       13.631213        1018.559       13.382669       1404.7261      -2.2534421       -2.2534421                           -0                          -0       2546.9034                                 96.604429          13.382669             1404.7261          13.631213                      24.775268                      396.65084                                587.16303                        9.9698612
             11       1269.1032      -93.832819      -126.72594       1.0417058     0.022578525      0.12092371     0.056761172        3.052206      0.96210596       11.215906    0.0084914261       1.3320957      0.99993028      -93.832819      -32.893118  -0.00051218269      0.30147496      0.69896149      0.82092887     0.047221861      0.25290592      0.82294446       13.633219       146.62447       69.147461   2.1161977e-09         7.88414       10.750754       1020.5564       9.7177965       1405.8085      -1.5633679       -1.5633679                           -0                          -0       2541.3332                                 94.499772          9.7177965             1405.8085          10.750754                      26.261917                      396.83864                                 587.0473                        10.408562
              1       1264.5799      -93.832819      -126.72594       1.0417058     0.022578525      0.12092371     0.056761172        3.052206      0.96210596       11.247481    0.0043110506         1.24312      0.99993028      -93.832819      -32.893118  -0.00051218269      0.30147496      0.69896149      0.82092887     0.047221861      0.25290592      0.82294446       13.633219       146.62447       69.147461   2.1161977e-09         7.88414       10.750754       1020.5564       9.7177965       1405.8085      0.61222822       0.61222822                           -0                          -0       2527.9354                                 81.101979          9.7177965             1405.8085          10.750754                      26.261917                      396.83864                                 587.0473                        10.408562
            113       1255.2568      -93.832819      -126.72594       1.0417058     0.022578525      0.12092371     0.056761172        3.052206      0.96210596       11.872675     0.017108043       1.2758637      0.99993028      -93.832819      -32.893118  -0.00051218269      0.30147496      0.69896149      0.82092887     0.047221861      0.25290592      0.82294446       13.633219       146.62447       69.147461   2.1161977e-09         7.88414       10.750754       1020.5564       9.7177965       1405.8085      -4.2445688       -4.2445688                           -0                          -0       2519.0026                                 72.169199          9.7177965             1405.8085          10.750754                      26.261917                      396.83864                                 587.0473                        10.408562
             92       1254.0721      -93.832819      -126.72594       1.0417058     0.022578525      0.12092371     0.056761172        3.052206      0.96210596       11.868006     0.015276466       1.1896083      0.99993028      -93.832819      -32.893118  -0.00051218269      0.30147496      0.69896149      0.82092887     0.047221861      0.25290592      0.82294446       13.633219       146.62447       69.147461   2.1161977e-09         7.88414       10.750754       1020.5564       9.7177965       1405.8085         -3.5526          -3.5526                           -0                          -0       2515.2494                                 68.415926          9.7177965             1405.8085          10.750754                      26.261917                      396.83864                                 587.0473                        10.408562
            803       1255.9727      -93.832819      -126.72594       1.0417058     0.022578525      0.12092371     0.056761172        3.052206      0.96210596       11.960933     0.017819451       1.1191516       1.0013757      -93.832819      -32.893118  -0.00051218269      0.30147496      0.69896149      0.82092887     0.047221861      0.25290592      0.82294446       13.633219       146.62447       69.147461   2.1161977e-09         7.88414       10.750754        1021.854       9.7177965       1405.8085      -3.0264301       -3.0264301                           -0                          -0       2517.9983                                 69.867229          9.7177965             1405.8085          10.750754                      25.972654                      396.81874                                589.13077                        9.9318464
