#        weight    minuslogpost          a_samp               s     theta_s_100         omega_b       omega_cdm        tau_reio            logA             n_s     shmr_log_Mc          shmr_N       shmr_beta        A_planck           a_exo           b_exo        Omega_x0         Omega_m    Omega_Lambda          sigma8         Omega_b       Omega_cdm              S8             age         rs_drag              H0             A_s          z_reio       chi2__BAO       chi2__CMB        chi2__H0        chi2__SN   minuslogprior minuslogprior__0 minuslogprior__h2_positivity minuslogprior__e2_pre_class            chi2 chi2__jwst_likelihood_uvlf.UVLFLikelihood chi2__H0.riess2020 chi2__sn.pantheonplus chi2__bao.desi_dr2 chi2__planck_2018_lowl.TT_clik chi2__planck_2018_lowl.EE_clik chi2__planck_2018_highl_plik.TTTEEE_lite chi2__planck_2018_lensing.native
              2       1280.7356       -45.10883      -52.957968       1.0410829     0.022485301      0.12030072     0.053246116        3.050643      0.96880412       11.511026     0.030159193        1.360864       1.0037459       -45.10883      -7.8491378  -0.00024622475      0.31130367      0.68886395       0.8166809     0.048802545      0.26110308      0.83192446       13.749387       146.89032       67.877856   2.1128926e-09       7.5458221        20.41278       1025.9315       16.760485       1404.1972      -6.8945391       -6.8945391                           -0                          -0       2575.2603                                 107.95829          16.760485             1404.1972           20.41278                      22.686702                      395.94435                                597.58276                        9.7177361
              6       1272.4783       -45.10883      -52.957968       1.0410829     0.022485301      0.12030072     0.053246116        3.050643      0.96880412       11.556052     0.028288677       1.3854936       1.0042848       -45.10883      -7.8491378  -0.00024622475      0.31130367      0.68886395       0.8166809     0.048802545      0.26110308      0.83192446       13.749387       146.89032       67.877856   2.1128926e-09       7.5458221        20.41278       1024.1658       16.760485       1404.1972      -6.4811036       -6.4811036                           -0                          -0       2557.9187                                 92.382561          16.760485             1404.1972           20.41278                      22.614237                      395.92262                                596.04288                        9.5860142
              6       1270.8208      -5.8244031      -143.99751       1.0409823     0.022494322      0.12042432     0.051846802        3.051343      0.96839195       11.555394     0.026257188       1.3890171       1.0050031      -5.8244031      -138.17311  -3.1792271e-05      0.30030349      0.69965256      0.82091167     0.047053444      0.25190264      0.82132679       13.650106       146.84774        69.14181   2.1143722e-09        7.399826       10.915961       1031.9667       9.7449125       1406.0306      -5.8203807       -5.8203807                           -0                          -0       2553.2824                                 94.624207          9.7449125             1406.0306          10.915961                      24.848891                      396.13032                                600.40745                        10.580059
              9       1268.9708      -33.894832      -132.89703       1.0410129      0.02252185      0.12044662     0.053100125       3.0514904      0.96843391       11.549353     0.026286492       1.3824805       1.0050031      -33.894832      -99.002194  -0.00018501359      0.30135678      0.69875224      0.82060648     0.047259863      0.25274526      0.82246003       13.656913       146.81165        69.03285   2.1146838e-09       7.5219574        10.59999       1027.5937       10.275231       1405.8225      -5.8023369       -5.8023369                           -0                          -0       2549.5463                                  95.25495          10.275231             1405.8225           10.59999                      24.266943                      396.17107                                597.04798                        10.107732
              1       1271.2733      -19.354368      -105.92869       1.0409372        0.022572      0.12062772     0.052564983       3.0511147      0.96727089       11.556431     0.027133848       1.3883037       1.0056112      -19.354368      -86.574319  -0.00010564504      0.30628335      0.69374519       0.8191242     0.048062029      0.25684978      0.82765782       13.689223       146.70886       68.530511   2.1138895e-09       7.4608917       12.578006       1030.1516       12.901853       1404.9326      -5.2613888       -5.2613888                           -0                          -0       2553.0694                                 92.505456          12.901853             1404.9326          12.578006                      23.585578                      396.01475                                600.69558                        9.8556514
              1        1269.527       -20.76112      -123.48394       1.0409491     0.022568641      0.12058355     0.052632534       3.0510973      0.96744842       11.553942     0.026657852        1.386627       1.0048635       -20.76112      -102.72282  -0.00011332374      0.30354929      0.69648759      0.81984233     0.047641656      0.25454789      0.82467784       13.667804       146.72415        68.82707   2.1138527e-09       7.4672089       10.839127        1029.998       11.315097       1405.4052      -5.8661543       -5.8661543                           -0                          -0       2550.7864                                 93.228893          11.315097             1405.4052          10.839127                      24.174585                      396.08032                                599.60042                        10.142716
             29        1267.553       -20.76112      -123.48394       1.0409491     0.022568641      0.12058355     0.052632534       3.0510973      0.96744842        11.59812     0.022518906       1.3158971       1.0049609       -20.76112      -102.72282  -0.00011332374      0.30354929      0.69648759      0.81984233     0.047641656      0.25454789      0.82467784       13.667804       146.72415        68.82707   2.1138527e-09       7.4672089       10.839127       1029.9032       11.315097       1405.4052       -5.206181        -5.206181                           -0                          -0       2545.5183                                 88.055637          11.315097             1405.4052          10.839127                      24.158356                      396.08444                                599.54813                        10.112273
              1       1266.9462      -31.526267      -133.21558       1.0409873     0.022589083      0.12063324     0.053171378       3.0511955      0.96719139       11.594115     0.022161367       1.3123482       1.0049238      -31.526267      -101.68932  -0.00017208487      0.30203777      0.69805829      0.82041807     0.047424232      0.25326122      0.82319973       13.651582        146.6887       69.015899   2.1140603e-09        7.517746       10.563929       1030.3544       10.358997       1405.6906      -5.1467859       -5.1467859                           -0                          -0       2544.1859                                 87.217946          10.358997             1405.6906          10.563929                      24.537183                      396.19118                                599.58942                        10.036662
              8       1267.0984      -40.531159      -142.39889       1.0409803     0.022588632      0.12064649     0.053308929       3.0512548      0.96748623       11.590639     0.021834797       1.3093019       1.0049067      -40.531159      -101.86773  -0.00022123771       0.3006826      0.69946296      0.82104559     0.047206307      0.25213016      0.82197914       13.639449       146.68573       69.174329   2.1141856e-09       7.5310822       10.765614       1031.5767       9.5893673       1405.9603       -5.107746        -5.107746                           -0                          -0       2544.4122                                 86.520282          9.5893673             1405.9603          10.765614                      24.869403                      396.24481                                600.35442                        10.108084
             15       1269.6858      -16.721176       -119.9975       1.0409134     0.022589555      0.12066175     0.052762516       3.0512192      0.96763723       11.599603     0.022648716       1.3172166       1.0054439      -16.721176      -103.27632  -9.1271872e-05      0.30451321      0.69550143      0.81991527     0.047804281       0.2553458      0.82605966        13.67184       146.68067       68.741728   2.1141103e-09       7.4770355       11.260101       1032.4954        11.76106       1405.2329       -4.788041        -4.788041                           -0                          -0       2548.9477                                 88.198284           11.76106             1405.2329          11.260101                      23.886771                      396.09227                                602.53473                        9.9816022
              1       1268.6601      -16.721176       -119.9975       1.0409134     0.022589555      0.12066175     0.052762516       3.0512192      0.96763723       11.832981     0.030742357       1.3852711       1.0050164      -16.721176      -103.27632  -9.1271872e-05      0.30451321      0.69550143      0.81991527     0.047804281       0.2553458      0.82605966        13.67184       146.68067       68.741728   2.1141103e-09       7.4770355       11.260101        1032.215        11.76106       1405.2329      -4.4580736       -4.4580736                           -0                          -0       2546.2363                                 85.767229           11.76106             1405.2329          11.260101                      23.956059                      396.09222                                602.05887                        10.107872
             70       1268.7849      -16.721176       -119.9975       1.0409134     0.022589555      0.12066175     0.052762516       3.0512192      0.96763723       11.907485     0.034598163       1.3203864        1.005037      -16.721176      -103.27632  -9.1271872e-05      0.30451321      0.69550143      0.81991527     0.047804281       0.2553458      0.82605966        13.67184       146.68067       68.741728   2.1141103e-09       7.4770355       11.260101       1032.2145        11.76106       1405.2329      -3.4836174       -3.4836174                           -0                          -0       2544.5371                                 84.068613           11.76106             1405.2329          11.260101                      23.952723                      396.09222                                602.06798                        10.101571
              4       1268.1238      -16.721176       -119.9975       1.0409134     0.022589555      0.12066175     0.052762516       3.0512192      0.96763723       11.629362     0.028849748       1.2818406       1.0045447      -16.721176      -103.27632  -9.1271872e-05      0.30451321      0.69550143      0.81991527     0.047804281       0.2553458      0.82605966        13.67184       146.68067       68.741728   2.1141103e-09       7.4770355       11.260101       1032.5977        11.76106       1405.2329      -5.9748167       -5.9748167                           -0                          -0       2548.1973                                 87.345509           11.76106             1405.2329          11.260101                      24.033107                      396.07265                                602.23254                        10.259447
              9        1266.983      -16.721176       -119.9975       1.0409134     0.022589555      0.12066175     0.052762516       3.0512192      0.96763723       11.681004     0.025661808       1.1413307       1.0045447      -16.721176      -103.27632  -9.1271872e-05      0.30451321      0.69550143      0.81991527     0.047804281       0.2553458      0.82605966        13.67184       146.68067       68.741728   2.1141103e-09       7.4770355       11.260101       1032.5977        11.76106       1405.2329      -5.3023416       -5.3023416                           -0                          -0       2544.5708                                 83.719009           11.76106             1405.2329          11.260101                      24.033107                      396.07265                                602.23254                        10.259447
             51        1267.215      -16.721176       -119.9975       1.0409134     0.022589555      0.12066175     0.052762516       3.0512192      0.96763723       11.778659     0.027744763       1.0790831       1.0045447      -16.721176      -103.27632  -9.1271872e-05      0.30451321      0.69550143      0.81991527     0.047804281       0.2553458      0.82605966        13.67184       146.68067       68.741728   2.1141103e-09       7.4770355       11.260101       1032.5977        11.76106       1405.2329      -4.6681671       -4.6681671                           -0                          -0       2543.7662                                 82.914464           11.76106             1405.2329          11.260101                      24.033107                      396.07265                                602.23254                        10.259447
              4       1267.6551      -8.0104505      -149.18378       1.0409678     0.022551446      0.12046263     0.054339733       3.0512405      0.96667668       11.777427     0.027057059        1.079194       1.0034689      -8.0104505      -141.17333  -4.3724724e-05      0.29941592      0.70055233      0.82045958     0.047002271      0.25107113      0.81966051       13.637748       146.77496       69.267223   2.1141554e-09       7.6405792       11.242024       1028.6941       9.1519131       1406.2155      -5.3907946       -5.3907946                           -0                          -0       2546.0918                                 90.788298          9.1519131             1406.2155          11.242024                      25.371096                      396.36128                                596.83368                        10.128038
             22       1264.7941       -3.508344      -115.16321       1.0409726      0.02257535      0.12031888     0.054408951       3.0513869      0.96658462       11.782717     0.027996157       1.0829092       1.0034689       -3.508344      -111.65486  -1.9150155e-05      0.30337539      0.69656723      0.81834744     0.047714113      0.25429986      0.82293829       13.676485       146.78645       68.785013   2.1144649e-09        7.641983       10.895236       1027.6202       11.533795       1405.4312      -5.3795873       -5.3795873                           -0                          -0       2540.3474                                 84.866983          11.533795             1405.4312          10.895236                      24.097218                      396.22511                                597.52471                        9.7731265
              1       1265.1079      -3.6614602       -131.7897       1.0409841     0.022568557      0.12033497     0.054767895        3.051417      0.96676497        11.78067     0.027556407       1.0816305       1.0029782      -3.6614602      -128.12824  -1.9985934e-05      0.30112279      0.69882124      0.81925765     0.047342511      0.25242906      0.82078931       13.656723       146.78972       69.044049   2.1145287e-09       7.6784821       10.544784       1027.9913       10.220074       1405.8624       -5.633021        -5.633021                           -0                          -0       2541.4818                                 86.863185          10.220074             1405.8624          10.544784                      24.633761                      396.36051                                597.04702                        9.9500358
             14       1264.8841      -3.6614602       -131.7897       1.0409841     0.022568557      0.12033497     0.054767895        3.051417      0.96676497       11.920643     0.029759469       1.0732105       1.0024565      -3.6614602      -128.12824  -1.9985934e-05      0.30112279      0.69882124      0.81925765     0.047342511      0.25242906      0.82078931       13.656723       146.78972       69.044049   2.1145287e-09       7.6784821       10.544784       1029.2721       10.220074       1405.8624      -4.6531911       -4.6531911                           -0                          -0       2539.0745                                  83.17516          10.220074             1405.8624          10.544784                      24.726089                      396.37018                                 598.0637                        10.112084
              5       1265.6985      -5.3237106      -119.99956       1.0409792     0.022565543       0.1204067     0.054555192       3.0514204      0.96690359       11.921629     0.030054692       1.0736527         1.00266      -5.3237106      -114.67585  -2.9059261e-05      0.30319983      0.69675278      0.81902366     0.047639891      0.25420005      0.82337997        13.67193       146.77417        68.82362   2.1145357e-09       7.6595306       10.781617       1029.0361       11.332962       1405.4649      -4.5646294       -4.5646294                           -0                          -0       2540.5263                                 83.910689          11.332962             1405.4649          10.781617                      24.262742                      396.25568                                 598.4144                        10.103318
             20       1265.9383      -2.5993102      -110.81636       1.0409805     0.022547684        0.120404     0.055070659       3.0511365      0.96709687       11.923454     0.030322341       1.0750515       1.0024168      -2.5993102      -108.21705  -1.4188231e-05      0.30461244      0.69532493      0.81860963     0.047830817      0.25541521      0.82487861       13.685122       146.79457       68.658937   2.1139356e-09        7.715683       11.440875       1027.4948       12.201926       1405.2107      -4.6736931       -4.6736931                           -0                          -0        2541.224                                 84.875623          12.201926             1405.2107          11.440875                      23.867789                      396.33386                                597.36825                        9.9249471
              3       1265.9882      -2.5993102      -110.81636       1.0409805     0.022547684        0.120404     0.055070659       3.0511365      0.96709687       11.849823     0.029952959       1.0793349       1.0011647      -2.5993102      -108.21705  -1.4188231e-05      0.30461244      0.69532493      0.81860963     0.047830817      0.25541521      0.82487861       13.685122       146.79457       68.658937   2.1139356e-09        7.715683       11.440875       1032.6279       12.201926       1405.2107      -5.7652902       -5.7652902                           -0                          -0        2543.507                                 82.025652          12.201926             1405.2107          11.440875                      24.072587                      396.34602                                601.87224                        10.337015
             10       1263.6007      -2.5993102      -110.81636       1.0409805     0.022547684        0.120404     0.055070659       3.0511365      0.96709687       11.820773     0.028681394       1.0728724        1.002469      -2.5993102      -108.21705  -1.4188231e-05      0.30461244      0.69532493      0.81860963     0.047830817      0.25541521      0.82487861       13.685122       146.79457       68.658937   2.1139356e-09        7.715683       11.440875       1027.3971       12.201926       1405.2107      -5.5919176       -5.5919176                           -0                          -0       2538.3852                                 82.134621          12.201926             1405.2107          11.440875                      23.859361                      396.33386                                 597.2941                        9.9097466
              6       1264.5321      -2.5993102      -110.81636       1.0409805     0.022547684        0.120404     0.055070659       3.0511365      0.96709687       11.847012     0.029407162       1.0724716       1.0036505      -2.5993102      -108.21705  -1.4188231e-05      0.30461244      0.69532493      0.81860963     0.047830817      0.25541521      0.82487861       13.685122       146.79457       68.658937   2.1139356e-09        7.715683       11.440875       1027.6452       12.201926       1405.2107      -4.8041033       -4.8041033                           -0                          -0       2538.6724                                 82.173626          12.201926             1405.2107          11.440875                      23.671168                      396.33612                                598.03017                        9.6077788
              2       1264.6531      -6.4659342       -96.40542       1.0409948     0.022549711      0.12040787     0.054751563       3.0511534       0.9668067       11.847734     0.029750796       1.0725307       1.0031984      -6.4659342      -89.939486  -3.5294043e-05      0.30650478      0.69345322      0.81793174     0.048130305      0.25699963      0.82675163       13.700973        146.7913       68.448067   2.1139712e-09       7.6840973       13.036787       1026.0522       13.361463       1404.8925      -5.0438354       -5.0438354                           -0                          -0       2539.3938                                 82.050823          13.361463             1404.8925          13.036787                       23.53546                      396.24502                                596.57114                        9.7006168
              3       1264.4224      -16.703556      -111.48407       1.0409616     0.022580368      0.12036126     0.054304758       3.0507936       0.9668591       11.843223     0.029257246       1.0687219       1.0030296      -16.703556      -94.780516  -9.1175693e-05      0.30394282       0.6960717      0.81820262     0.047798199      0.25478111      0.82356178         13.6795       146.76978        68.73212   2.1132108e-09       7.6307526       11.146846       1028.5827       11.811804       1405.3306      -5.1006989       -5.1006989                           -0                          -0       2539.0462                                 82.174262          11.811804             1405.3306          11.146846                      23.993359                       396.2467                                598.50853                        9.8341108
             10       1265.0058      -16.839511      -111.66444       1.0409617     0.022580255      0.12036143     0.054300944        3.050793      0.96686139       11.843165     0.029251216       1.0686728       1.0023977      -16.839511      -94.824932  -9.1917798e-05      0.30391741      0.69609786      0.81821282     0.047793945      0.25476007      0.82353761       13.679282       146.76986       68.735008   2.1132095e-09       7.6307526       11.133107       1030.3148       11.796542       1405.3351      -5.3755109       -5.3755109                           -0                          -0       2540.7625                                 82.182892          11.796542             1405.3351          11.133107                      24.102266                      396.25308                                599.93398                        10.025526
             26       1266.0153       -20.19599       -101.9567       1.0409719     0.022581051      0.12035076     0.054104633       3.0508697      0.96694701       11.843454     0.029475648       1.0685155       1.0023977       -20.19599      -81.760711    -0.000110239      0.30511741      0.69491587      0.81783142     0.047987647       0.2557609      0.82477723       13.689934       146.77177       68.597351   2.1133716e-09       7.6110992        11.93962       1031.0044       12.535133       1405.1246      -5.3728227       -5.3728227                           -0                          -0       2542.7762                                 82.172345          12.535133             1405.1246           11.93962                       23.87729                      396.13071                                600.96176                        10.034685
              4       1265.0763       -20.19599       -101.9567       1.0409719     0.022581051      0.12035076     0.054104633       3.0508697      0.96694701       11.796034     0.028192666       1.0768565       1.0031591       -20.19599      -81.760711    -0.000110239      0.30511741      0.69491587      0.81783142     0.047987647       0.2557609      0.82477723       13.689934       146.77177       68.597351   2.1133716e-09       7.6110992        11.93962       1028.4227       12.535133       1405.1246      -5.4212935       -5.4212935                           -0                          -0       2540.9952                                 82.973124          12.535133             1405.1246           11.93962                      23.755549                      396.12792                                598.73538                        9.8038081
              6       1264.5945       -20.19599       -101.9567       1.0409719     0.022581051      0.12035076     0.054104633       3.0508697      0.96694701       11.829682     0.030357767       1.1280197        1.003484       -20.19599      -81.760711    -0.000110239      0.30511741      0.69491587      0.81783142     0.047987647       0.2557609      0.82477723       13.689934       146.77177       68.597351   2.1133716e-09       7.6110992        11.93962       1027.9201       12.535133       1405.1246      -5.1946162       -5.1946162                           -0                          -0       2539.5783                                  82.05885          12.535133             1405.1246           11.93962                      23.704184                      396.12792                                598.37246                        9.7155378
              3       1264.7252       -20.19599       -101.9567       1.0409719     0.022581051      0.12035076     0.054104633       3.0508697      0.96694701       11.651191     0.025733917       1.1793306        1.003484       -20.19599      -81.760711    -0.000110239      0.30511741      0.69491587      0.81783142     0.047987647       0.2557609      0.82477723       13.689934       146.77177       68.597351   2.1133716e-09       7.6110992        11.93962       1027.9201       12.535133       1405.1246      -6.2354943       -6.2354943                           -0                          -0       2541.9214                                 84.401908          12.535133             1405.1246           11.93962                      23.704184                      396.12792                                598.37246                        9.7155378
              3        1265.846      -6.1758922      -128.88805       1.0409639     0.022613975      0.12024079     0.054210527       3.0509716      0.96682883       11.651627     0.025155467       1.1810022       1.0026219      -6.1758922      -122.71215   -3.371086e-05      0.30075954      0.69919828      0.81846194     0.047396661      0.25201283      0.81949737       13.654995       146.76448       69.073996    2.113587e-09       7.6110992       10.509262       1031.7541       10.073321        1405.934      -6.5413495       -6.5413495                           -0                          -0       2544.7747                                 86.504084          10.073321              1405.934          10.509262                      24.684973                      396.23606                                600.83709                        9.9959919
              5       1263.8985      -6.1758922      -128.88805       1.0409639     0.022613975      0.12024079     0.054210527       3.0509716      0.96682883       11.715629     0.026962484       1.1623455       1.0030246      -6.1758922      -122.71215   -3.371086e-05      0.30075954      0.69919828      0.81846194     0.047396661      0.25201283      0.81949737       13.654995       146.76448       69.073996    2.113587e-09       7.6110992       10.509262       1030.4852       10.073321        1405.934      -6.1721607       -6.1721607                           -0                          -0       2540.1414                                 83.139619          10.073321              1405.934          10.509262                      24.613993                      396.25365                                599.74426                        9.8733249
            112       1263.5559      -8.8273615      -121.60363        1.040959     0.022612285      0.12026418     0.054678788       3.0510396      0.96682373       11.715811     0.027129645       1.1621926       1.0031374      -8.8273615      -112.77627    -4.81838e-05      0.30190811       0.6980639      0.81825199     0.047566914       0.2529862      0.82085006       13.664119       146.76023       68.947692   2.1137308e-09       7.6595306       10.527728       1029.3669        10.69948       1405.7076      -6.1288854       -6.1288854                           -0                          -0       2539.3696                                 83.067916           10.69948             1405.7076          10.527728                      24.264451                      396.28066                                599.11742                        9.7043448
            148       1264.8092      -8.8273615      -121.60363        1.040959     0.022612285      0.12026418     0.054678788       3.0510396      0.96682373       11.967537     0.030928282       1.2799135       1.0035801      -8.8273615      -112.77627    -4.81838e-05      0.30190811       0.6980639      0.81825199     0.047566914       0.2529862      0.82085006       13.664119       146.76023       68.947692   2.1137308e-09       7.6595306       10.527728       1029.4447        10.69948       1405.7076      -4.0256532       -4.0256532                           -0                          -0       2537.6698                                 81.290208           10.69948             1405.7076          10.527728                      24.189946                      396.28135                                599.37826                        9.5951566
             26       1263.9511      -8.8273615      -121.60363        1.040959     0.022612285      0.12026418     0.054678788       3.0510396      0.96682373       11.794087      0.02839064       1.0802146       1.0032947      -8.8273615      -112.77627    -4.81838e-05      0.30190811       0.6980639      0.81825199     0.047566914       0.2529862      0.82085006       13.664119       146.76023       68.947692   2.1137308e-09       7.6595306       10.527728       1029.3188        10.69948       1405.7076      -5.3294628       -5.3294628                           -0                          -0       2538.5611                                 82.307499           10.69948             1405.7076          10.527728                      24.237914                      396.28066                                599.13592                        9.6642514
              4       1264.2891      -8.8273615      -121.60363        1.040959     0.022612285      0.12026418     0.054678788       3.0510396      0.96682373       11.615091     0.021578034       1.2345178       1.0030339      -8.8273615      -112.77627    -4.81838e-05      0.30190811       0.6980639      0.81825199     0.047566914       0.2529862      0.82085006       13.664119       146.76023       68.947692   2.1137308e-09       7.6595306       10.527728       1029.4441        10.69948       1405.7076      -6.0563547       -6.0563547                           -0                          -0        2540.691                                  84.31209           10.69948             1405.7076          10.527728                      24.281953                      396.28066                                599.14994                        9.7315012
             18       1264.2904      -8.2298085      -124.79237       1.0409588     0.022611098      0.12027336     0.054708849       3.0510491      0.96684414       11.614863     0.021499577        1.234437       1.0030339      -8.2298085      -116.56256  -4.4922081e-05      0.30152518      0.69844367      0.81843809     0.047501444      0.25267054       0.8205159       13.660497       146.75913       68.993379   2.1137507e-09       7.6623383       10.492557       1029.5771       10.470805       1405.7823      -6.0439853       -6.0439853                           -0                          -0       2540.6687                                 84.345885          10.470805             1405.7823          10.492557                      24.376253                      396.30711                                599.13984                        9.7539062
             25       1265.5017      -8.1821901       -121.9626       1.0409579     0.022611754      0.12027603     0.054682164       3.0510448      0.96682177       11.615217     0.021574623       1.2346603       1.0041016      -8.1821901      -113.78041  -4.4662158e-05      0.30193866      0.69802982      0.81830703     0.047566859      0.25301678      0.82094681       13.663929        146.7577       68.946923   2.1137417e-09       7.6602325       10.531316       1030.4639       10.703351       1405.7018      -5.4470929       -5.4470929                           -0                          -0       2541.8976                                 84.497183          10.703351             1405.7018          10.531316                      24.109587                      396.26609                                600.59821                        9.4900564
              7       1264.1776      -58.828087      -114.12278       1.0410426     0.022613349      0.12023792     0.052803818       3.0509232      0.96657685       11.602847     0.021306185       1.2219587       1.0049907      -58.828087      -55.294696  -0.00032111076      0.30184648      0.69839846      0.81802701     0.047567793      0.25292373       0.8205406       13.664663        146.7658       68.948678   2.1134847e-09       7.4693146       10.518139       1027.0349       10.694522       1405.7261      -4.7556971       -4.7556971                           -0                          -0       2537.8666                                 83.892892          10.694522             1405.7261          10.518139                      24.240063                      396.06345                                 597.1126                        9.6188294
              2       1264.3604      -14.801159       -86.49216       1.0411502     0.022579993      0.12021192     0.054783708       3.0509249       0.9684858       11.617757     0.022447616       1.2355663       1.0029015      -14.801159      -71.691001  -8.0791532e-05      0.30597305      0.69403049      0.81735582     0.048166897       0.2564321      0.82545256       13.702216       146.80949       68.467988   2.1134883e-09       7.6784821       12.903573       1024.7414       13.249669       1404.9771      -6.3295204       -6.3295204                           -0                          -0       2541.3798                                 85.508094          13.249669             1404.9771          12.903573                       23.09236                      396.20815                                595.88149                        9.5594166
              4       1264.2478       -14.46276      -88.431244       1.0411466     0.022580987      0.12021468     0.054827557       3.0509442      0.96849523       11.617612     0.022399672       1.2355106       1.0033189       -14.46276      -73.968484  -7.8944398e-05       0.3057364      0.69426535      0.81745007     0.048130501      0.25623295      0.82522843       13.700042       146.80768       68.495378   2.1135292e-09       7.6826935       12.664312       1024.5445       13.096726       1405.0164      -6.1121908       -6.1121908                           -0                          -0         2540.72                                 85.397967          13.096726             1405.0164          12.664312                      23.056378                      396.20815                                595.80441                        9.4756054
              3       1261.8431      -142.54418      -46.079844       1.0414267     0.022466553      0.11981026     0.055664647       3.0508695      0.96510101       11.589046      0.02231461       1.2050665       1.0013153      -142.54418       96.464341  -0.00077807173      0.30725783      0.69344239      0.81455199     0.048299599      0.25757344      0.82434624       13.735808       147.04053       68.201898   2.1133712e-09       7.7865753       14.747945       1017.4336       14.781672       1404.7809      -7.0008675       -7.0008675                           -0                          -0       2537.6878                                 85.943766          14.781672             1404.7809          14.747945                      23.660868                      396.34061                                588.20446                        9.2276505
              2       1257.8084      -142.12471      -121.20268       1.0414135      0.02243017      0.12017128     0.057191638       3.0515361      0.96502359       11.580091     0.020338127       1.1995805       1.0021465      -142.12471       20.922024  -0.00077578202      0.29928051      0.70141962      0.81938576     0.046862964      0.25107176       0.8184026       13.654451       146.98559       69.183321   2.1147804e-09       7.9473114       11.277146       1017.2937       9.5465754       1406.2606      -6.4120281       -6.4120281                           -0                          -0       2528.4408                                  84.06283          9.5465754             1406.2606          11.277146                       24.92126                      396.82711                                586.09403                        9.4512791
              4       1257.2819      -142.12471      -121.20268       1.0414135      0.02243017      0.12017128     0.057191638       3.0515361      0.96502359       11.696621     0.028394535        1.240854       1.0021465      -142.12471       20.922024  -0.00077578202      0.29928051      0.70141962      0.81938576     0.046862964      0.25107176       0.8184026       13.654451       146.98559       69.183321   2.1147804e-09       7.9473114       11.277146       1017.2937       9.5465754       1406.2606      -7.1052496       -7.1052496                           -0                          -0       2528.7742                                 84.396278          9.5465754             1406.2606          11.277146                       24.92126                      396.82711                                586.09403                        9.4512791
              8       1256.6876      -119.56616      -119.54887       1.0414204     0.022434212      0.12016635     0.056401445       3.0517567      0.96454637       11.702752     0.028649758       1.2468948       1.0019116      -119.56616      0.01729123   -0.0006526471      0.29976102      0.70081585      0.81911129     0.046946954      0.25146611      0.81878497       13.658409       146.98235       69.127636    2.115247e-09       7.8686981       11.017765       1015.7692       9.8131059       1406.1553      -7.1650933       -7.1650933                           -0                          -0       2527.7054                                 84.950094          9.8131059             1406.1553          11.017765                      25.112599                      396.68697                                584.32101                        9.6485918
              2        1256.522      -99.502455      -140.33241       1.0416063     0.022384831      0.12061754     0.055915711       3.0521722       0.9637777       11.705519     0.028290073       1.2506098       1.0019116      -99.502455      -40.829956  -0.00054313017         0.29927      0.70119769      0.82177073     0.046636068      0.25129195       0.8207703       13.637612       146.91801       69.281287    2.116126e-09       7.8378143       12.064936       1015.5962       9.0865755        1406.261       -7.167521        -7.167521                           -0                          -0       2527.3791                                 84.370344          9.0865755              1406.261          12.064936                      26.192085                      396.72589                                582.40839                        10.269837
             13       1256.4428      -99.502455      -140.33241       1.0416063     0.022384831      0.12061754     0.055915711       3.0521722       0.9637777       11.662019     0.025253415       1.2546393       1.0020537      -99.502455      -40.829956  -0.00054313017         0.29927      0.70119769      0.82177073     0.046636068      0.25129195       0.8207703       13.637612       146.91801       69.281287    2.116126e-09       7.8378143       12.064936       1015.4561       9.0865755        1406.261      -7.1176395       -7.1176395                           -0                          -0       2527.1209                                  84.25231          9.0865755              1406.261          12.064936                      26.163473                      396.73881                                582.32988                        10.223922
              1       1256.0842      -117.34606      -134.65286       1.0416004     0.022367644      0.12051425     0.056207288       3.0519895      0.96386049       11.658013     0.025235749       1.2503815       1.0020224      -117.34606      -17.306805  -0.00064052875        0.299394      0.70117099       0.8212691     0.046658705      0.25139164       0.8204392       13.644005        146.9642       69.237884   2.1157396e-09       7.8686981       11.866126       1014.8161       9.2889741       1406.2365      -7.1391421       -7.1391421                           -0                          -0       2526.4467                                 84.238961          9.2889741             1406.2365          11.866126                      25.883325                       396.7417                                582.16046                        10.030601
              3       1256.6439      -125.31693      -112.43983       1.0415525     0.022409975      0.12047772     0.054872325       3.0519313      0.96615223       11.658598     0.025746562       1.2499453       1.0032054      -125.31693       12.877106  -0.00068403748      0.30214124      0.69846657      0.82066047      0.04717405      0.25361126      0.82358398       13.667223       146.92695       68.923783   2.1156165e-09       7.7262115       10.627773       1014.9468       10.820135       1405.6811      -6.6803261       -6.6803261                           -0                          -0       2526.6484                                 84.572562          10.820135             1405.6811          10.627773                      24.431227                      396.34814                                584.18628                        9.9811575
             19       1256.9407      -99.566849      -120.53947       1.0417863     0.022451846      0.12064138     0.053608915       3.0516503      0.96589322       11.664391     0.025774601       1.2560968       1.0040195      -99.566849      -20.972619  -0.00054348166      0.30125995      0.69920763      0.82130448     0.047056951      0.25285296      0.82302735       13.649521       146.83763       69.073924    2.115022e-09       7.5928497       10.825466       1014.9082        10.07367       1405.8496      -6.1730774       -6.1730774                           -0                          -0       2526.2275                                 84.570602           10.07367             1405.8496          10.825466                       24.76997                      396.23022                                583.85461                        10.053391
              7       1257.1272      -111.92231      -126.50123       1.0417644     0.022437013      0.12076796     0.053687326       3.0517333      0.96556759       11.660423     0.025501526       1.2524115       1.0040195      -111.92231      -14.578926  -0.00061092344      0.30109591      0.69943921      0.82202708     0.046963746       0.2527839      0.82352717       13.643963       146.82072        69.11959   2.1151976e-09        7.605484       11.005509       1015.3336        9.851921       1405.8861      -6.1679468       -6.1679468                           -0                          -0       2526.5903                                 84.513155           9.851921             1405.8861          11.005509                      25.085986                      396.23893                                583.80783                        10.200848
              1       1257.9544      -82.278969      -105.51837       1.0416262     0.022438147      0.12046428     0.055471923         3.05471      0.96734857       11.670749     0.026332773       1.2617508       1.0036313      -82.278969      -23.239401  -0.00044911646      0.30322567      0.69714695      0.82157161     0.047398017      0.25446699      0.82597667       13.674926       146.89946       68.803956   2.1215033e-09        7.781662       10.704877       1016.1321        11.43503       1405.4691      -6.4493471       -6.4493471                           -0                          -0       2528.8076                                 85.066502           11.43503             1405.4691          10.704877                      23.902279                      396.44522                                585.58552                        10.199086
              8       1258.6311       -85.64885      -96.524411       1.0416193     0.022441406      0.12042916     0.055503839       3.0547188      0.96714324       11.670949     0.026538262       1.2615367       1.0046843       -85.64885      -10.875561  -0.00046751082       0.3042303      0.69616045      0.82099137     0.047572519      0.25529231      0.82675951       13.684854       146.90511       68.682637   2.1215218e-09       7.7837677        11.04882       1014.9212       12.074893       1405.2869      -5.7614598       -5.7614598                           -0                          -0       2528.7852                                 85.453433          12.074893             1405.2869           11.04882                      23.570088                      396.39069                                585.15312                        9.8072848
             10       1258.6345      -95.673059      -91.601603       1.0416368     0.022434321      0.12038248     0.055173759       3.0546955      0.96761793       11.668907     0.026574001       1.2592739       1.0039474      -95.673059       4.0714566  -0.00052222757      0.30450018      0.69594518       0.8208546     0.047617528      0.25551546      0.82698834       13.689473       146.92518       68.639331   2.1214724e-09        7.752182       11.198226       1015.7379       12.307513       1405.2399      -6.2831971       -6.2831971                           -0                          -0       2529.8354                                 85.351926          12.307513             1405.2399          11.198226                       23.54483                      396.30991                                585.82014                        10.063011
              7        1259.504      -75.045735      -85.055783       1.0416014     0.022441739      0.12032958     0.056146273       3.0547275      0.96774869       11.675121     0.026940071       1.2651725       1.0042203      -75.045735      -10.010049  -0.00040963414      0.30544442      0.69488809      0.82028402     0.047796133      0.25627641      0.82769384       13.699271       146.93101       68.522291   2.1215403e-09        7.847641       11.857043       1015.0095       12.947314       1405.0735      -6.1065358       -6.1065358                           -0                          -0        2531.221                                  86.33368          12.947314             1405.0735          11.857043                      23.185084                      396.47288                                585.68069                        9.6708067
              9       1257.6502      -58.877777      -118.25502       1.0416202     0.022430733      0.12039936     0.056059972       3.0547401      0.96830351       11.675365     0.026216533       1.2669407       1.0035988      -58.877777       -59.37724  -0.00032138199      0.30147509       0.6987702      0.82215266     0.047132558      0.25298904      0.82417144       13.662722       146.92477       68.986042   2.1215672e-09       7.8406219       10.669165       1016.3505       10.507363       1405.7992      -6.4499117       -6.4499117                           -0                          -0       2528.2002                                 84.873935          10.507363             1405.7992          10.669165                      23.912724                      396.55149                                585.76381                        10.122477
              1       1260.1924      -80.811289       -83.46507       1.0415556     0.022395844      0.12037129     0.055233586       3.0547405      0.96857166       11.673797     0.026927919       1.2637786       1.0044912      -80.811289      -2.6537816  -0.00044110519      0.30624246      0.69412132       0.8207872     0.047824404      0.25704256      0.82928279       13.707146       146.97061       68.431953    2.121568e-09        7.766922       12.333668       1015.7911       13.452233       1404.9425      -5.9439802       -5.9439802                           -0                          -0       2532.2727                                 85.753197          13.452233             1404.9425          12.333668                      23.052608                      396.30648                                586.47054                        9.9614538
             25       1260.6446      -114.42853      -112.23888       1.0415293     0.022417038      0.12035557     0.055542232       3.0560549      0.96915706       11.661485     0.025854005       1.2528165       1.0037572      -114.42853        2.189652  -0.00062460356      0.30167579      0.69887264      0.82279001     0.047154032      0.25316683      0.82508485       13.667793       146.95138       68.949274   2.1243584e-09       7.7900848       10.620245       1021.7135       10.691524       1405.7685       -6.372242        -6.372242                           -0                          -0       2534.0336                                 85.239938          10.691524             1405.7685          10.620245                      23.840263                      396.44954                                 590.7954                        10.628278
              7       1260.4526       -122.6724      -121.86464       1.0415334      0.02240973       0.1204013     0.055778105       3.0560086      0.96919593       11.658156      0.02552291       1.2499369       1.0037572       -122.6724      0.80776876  -0.00066960241      0.30048126       0.7001125      0.82345093     0.046939432      0.25219262      0.82411115       13.656035       146.94742       69.095442     2.12426e-09       7.8153534       10.976158       1020.6779       9.9688758       1406.0094      -6.3532896       -6.3532896                           -0                          -0       2533.6117                                 85.979398          9.9688758             1406.0094          10.976158                      24.118982                      396.51882                                 589.3853                        10.654764
             14       1259.9592       -122.6724      -121.86464       1.0415334      0.02240973       0.1204013     0.055778105       3.0560086      0.96919593       11.724443     0.025409687       1.2139395       1.0041979       -122.6724      0.80776876  -0.00066960241      0.30048126       0.7001125      0.82345093     0.046939432      0.25219262      0.82411115       13.656035       146.94742       69.095442     2.12426e-09       7.8153534       10.976158       1018.9961       9.9688758       1406.0094      -5.6815736       -5.6815736                           -0                          -0       2531.2815                                 85.330966          9.9688758             1406.0094          10.976158                      24.045608                      396.51124                                587.94103                        10.498192
              5       1259.5486       -126.8914      -143.65335       1.0415654     0.022412305      0.12039941     0.057416414       3.0559142      0.96899618       11.720704     0.024795705       1.2112097       1.0042049       -126.8914      -16.761955  -0.00069263161      0.29713632      0.70348131       0.8244059     0.046422017      0.24938012      0.82046174       13.626675       146.94522       69.483431   2.1240594e-09       7.9760895       13.646083       1019.6674        8.173303       1406.7329      -5.6241766       -5.6241766                           -0                          -0       2530.3456                                 82.125865           8.173303             1406.7329          13.646083                      24.743399                      396.98228                                587.82837                        10.113354
             19       1259.5514      -127.06328      -145.06541       1.0415657     0.022412878      0.12040085     0.057410844       3.0559175      0.96899174       11.720488     0.024756867       1.2110594       1.0020452      -127.06328      -18.002125  -0.00069356984      0.29692909      0.70368953      0.82447717     0.046390174      0.24920568      0.82024648       13.624765       146.94421       69.508163   2.1240665e-09       7.9753876       13.898749       1021.6491       8.0648863       1406.7804      -6.7001333       -6.7001333                           -0                          -0       2532.5031                                 82.109956          8.0648863             1406.7804          13.898749                      25.214709                      396.97266                                588.64069                        10.821042
             11        1258.552      -126.78118      -142.44981       1.0415645     0.022412576      0.12040861     0.057376794       3.0558932      0.96898883       11.720878     0.024828467       1.2113282       1.0025688      -126.78118      -15.668625  -0.00069203001      0.29736664      0.70325033      0.82436572     0.046455493      0.24957602      0.82073966        13.62831        146.9425       69.458811    2.124015e-09       7.9718781       13.394988       1019.6283       8.2819486       1406.6807      -6.5137323       -6.5137323                           -0                          -0       2530.1314                                 82.145489          8.2819486             1406.6807          13.394988                      24.984959                      396.98043                                587.04549                        10.617414
             15       1258.4644      -109.59014      -137.53647       1.0416141     0.022469025       0.1201176     0.057491401       3.0559981      0.96779443       11.725991     0.025119266       1.2162039       1.0023216      -109.59014      -27.946323  -0.00059819341      0.29622222      0.70430108      0.82255179     0.046469238      0.24842081      0.81735634       13.626636       146.95688       69.535941   2.1242378e-09       7.9669647       13.863869       1018.2294       7.9439805       1406.9359      -6.5867857       -6.5867857                           -0                          -0       2530.1024                                 83.129176          7.9439805             1406.9359          13.863869                      25.158672                      396.96975                                585.86289                        10.238111
              6       1258.1319      -100.10745      -103.86462       1.0416044     0.022476401      0.12005731     0.057290241       3.0559297      0.96790161       11.732548     0.026095895       1.2211997        1.003382      -100.10745      -3.7571781  -0.00054643249       0.3008002      0.69967015      0.82072641     0.047220335      0.25222661      0.82182026       13.668678       146.96461       68.992019   2.1240924e-09       7.9473114       10.555827       1015.0409       10.477578       1405.9352      -6.1630506       -6.1630506                           -0                          -0       2528.5898                                 86.580311          10.477578             1405.9352          10.555827                      23.734505                      396.76219                                584.82576                        9.7184689
             11       1258.7245      -98.186945      -117.43263       1.0416041     0.022474168      0.12005243     0.057217493       3.0559829      0.96791332       11.731416     0.025756226       1.2206928       1.0024176      -98.186945      -19.245683  -0.00053594951      0.29891181      0.70154853      0.82134648     0.046921562      0.25064543       0.8198555       13.652549       146.96836       69.207887   2.1242055e-09       7.9395905       11.258369       1018.2546       9.4301596       1406.3285      -6.5878206       -6.5878206                           -0                          -0       2530.6247                                 85.353015          9.4301596             1406.3285          11.258369                      24.312614                      396.79869                                587.04753                        10.095777
              5       1260.4525      -116.62262      -152.01884       1.0417656     0.022398202      0.11972453      0.05749964       3.0561036      0.96830068       11.722394     0.024671503       1.2132803        1.003901      -116.62262      -35.396219  -0.00063657992      0.29179309      0.70876948      0.82259602     0.045778411      0.24469816      0.81126637       13.606672       147.13893       69.948149   2.1244619e-09       7.9760895       20.960185       1014.9898       6.2571221       1408.0399      -5.8072083       -5.8072083                           -0                          -0       2532.5194                                 82.272374          6.2571221             1408.0399          20.960185                       25.68324                      397.06561                                582.51252                        9.7284685
              5       1262.6262      -82.754315      -159.63603       1.0417852     0.022396009      0.11977823     0.057442208       3.0563489      0.96818934        11.73038     0.024788418       1.2215973       1.0026526      -82.754315      -76.881719  -0.00045171112       0.2913994      0.70897843      0.82306125     0.045695686      0.24438945      0.81117742       13.600725       147.12715       70.008007   2.1249831e-09       7.9718781        22.14667       1019.0878        6.028886        1408.139      -6.4473473       -6.4473473                           -0                          -0       2538.1471                                 82.744653           6.028886              1408.139           22.14667                      26.275413                      397.08364                                585.55737                        10.171407
              1       1257.4029      -96.122606      -128.51544       1.0417665      0.02238675      0.11991814     0.058052839       3.0562475      0.96795735       11.730621     0.025483422       1.2204087       1.0026526      -96.122606      -32.392835   -0.0005246814       0.2966559      0.70379364       0.8220269     0.046458249       0.2488609      0.81743249       13.642435       147.10048       69.416722   2.1247674e-09        8.038559       13.355502       1014.7693        8.469343       1406.8297      -6.5215685       -6.5215685                           -0                          -0       2527.8489                                 84.425043           8.469343             1406.8297          13.355502                      24.571513                      397.05125                                583.26906                        9.8774926
              2       1256.4861      -96.122606      -128.51544       1.0417665      0.02238675      0.11991814     0.058052839       3.0562475      0.96795735       11.745603     0.024347036       1.1627214       1.0024928      -96.122606      -32.392835   -0.0005246814       0.2966559      0.70379364       0.8220269     0.046458249       0.2488609      0.81743249       13.642435       147.10048       69.416722   2.1247674e-09        8.038559       13.355502       1015.1855        8.469343       1406.8297      -6.2342837       -6.2342837                           -0                          -0       2525.4408                                 81.600732           8.469343             1406.8297          13.355502                      24.599679                      397.05394                                583.61247                        9.9193733
             25        1256.029      -75.683884      -117.00652       1.0419223     0.022355365      0.12007367     0.058139234       3.0564233      0.96835929       11.752366     0.024842177       1.1689403       1.0026262      -75.683884      -41.322633  -0.00041311745      0.29914302      0.70119438      0.82239623     0.046741478      0.25105476      0.82122076       13.658859       147.09415        69.15756   2.1251411e-09       8.0589142       11.511076        1014.665       9.6694198       1406.2749      -6.2191398       -6.2191398                           -0                          -0       2524.4962                                  82.37579          9.6694198             1406.2749          11.511076                      23.956609                      397.04855                                583.73456                        9.9252629
              1       1256.3245      -75.683884      -117.00652       1.0419223     0.022355365      0.12007367     0.058139234       3.0564233      0.96835929       11.751341     0.024454579       1.1508024       1.0035537      -75.683884      -41.322633  -0.00041311745      0.29914302      0.70119438      0.82239623     0.046741478      0.25105476      0.82122076       13.658859       147.09415        69.15756   2.1251411e-09       8.0589142       11.511076       1014.2673       9.6694198       1406.2749      -5.6697085       -5.6697085                           -0                          -0       2523.9884                                 82.265692          9.6694198             1406.2749          11.511076                       23.80523                      397.04631                                583.70184                        9.7139408
              1       1255.9085       -75.72093      -116.58313       1.0419226     0.022355302      0.12007425     0.058141431        3.056423      0.96836616       11.751383     0.024465393       1.1508242       1.0035745       -75.72093      -40.862202  -0.00041331967      0.29920499       0.7011326      0.82238171     0.046750862      0.25110707      0.82129131        13.65938       147.09407       69.150522   2.1251404e-09       8.0589142       11.471676       1014.2931       9.7031188       1406.2617       -5.658952        -5.658952                           -0                          -0       2523.1349                                 81.405293          9.7031188             1406.2617          11.471676                      23.787067                      397.04631                                583.75166                        9.7080693
              2       1257.1274      -81.681648       -117.4308       1.0419164     0.022336795      0.11992682     0.057710025       3.0562472      0.96848914       11.749713     0.024387128       1.1491974       1.0022632      -81.681648      -35.749154  -0.00044585601      0.29832588      0.70204439      0.82199153     0.046628989      0.25035223       0.8196948       13.658813       147.15349       69.212163    2.124767e-09       8.0182037        11.96358       1017.5989       9.4099647       1406.4509      -6.2667023       -6.2667023                           -0                          -0       2526.7882                                  81.36483          9.4099647             1406.4509           11.96358                      24.103813                      396.93767                                586.51971                        10.037724
              2       1256.5435      -80.656356      -123.45499       1.0418673     0.022423612      0.12002923     0.058095192       3.0560697       0.9696772       11.749255     0.024237934       1.1490176       1.0021907      -80.656356      -42.798632  -0.00044025949       0.2976663      0.70269863      0.82251369     0.046644968      0.24968142      0.81930828       13.644225       147.03038        69.33466   2.1243897e-09       8.0371552       12.361134         1016.91       8.8407427       1406.5974      -6.2566876       -6.2566876                           -0                          -0       2525.6003                                 80.891011          8.8407427             1406.5974          12.361134                      23.955246                      397.02503                                  585.926                        10.003753
              7       1256.7393      -80.656356      -123.45499       1.0418673     0.022423612      0.12002923     0.058095192       3.0560697       0.9696772       11.698661     0.024170008       1.1931884       1.0021907      -80.656356      -42.798632  -0.00044025949       0.2976663      0.70269863      0.82251369     0.046644968      0.24968142      0.81930828       13.644225       147.03038        69.33466   2.1243897e-09       8.0371552       12.361134         1016.91       8.8407427       1406.5974      -6.6480217       -6.6480217                           -0                          -0       2526.7747                                 82.065397          8.8407427             1406.5974          12.361134                      23.955246                      397.02503                                  585.926                        10.003753
              5        1256.453      -101.83788      -113.78495       1.0419146     0.022459914      0.11985211      0.05776853       3.0560699      0.96852078       11.694259     0.024226227       1.1883523       1.0021907      -101.83788      -11.947071  -0.00055587798      0.29739979      0.70308076      0.82110977     0.046724631      0.24933512      0.81754359       13.647084         147.037       69.331581   2.1243903e-09        7.994339       12.151989       1016.3367       8.8548319       1406.6575      -6.6412405       -6.6412405                           -0                          -0       2526.1884                                  82.18739          8.8548319             1406.6575          12.151989                      24.092895                      396.90891                                585.53308                        9.8018457
             13       1256.3425      -127.53304      -111.28977       1.0418082     0.022436783      0.11983697     0.057899772       3.0560845      0.96863747       11.687804     0.024050957       1.1817977       1.0021907      -127.53304       16.243273    -0.000696134      0.29778138      0.70283931      0.82110882     0.046748914      0.24969035      0.81806697       13.652954       147.06657       69.277871   2.1244212e-09       8.0118866       11.874564       1016.3006       9.1024257       1406.5772      -6.6496228       -6.6496228                           -0                          -0       2525.9842                                 82.129456          9.1024257             1406.5772          11.874564                      24.022731                      396.93107                                585.51932                         9.827437
             10       1255.3795      -126.77086      -108.02379       1.0418075     0.022436332      0.11982777     0.057877178       3.0560533      0.96865742       11.688398     0.024144206       1.1822409       1.0029443      -126.77086       18.747078  -0.00069197369      0.29820547      0.70241094      0.82092091     0.046817714      0.25004365      0.81846196       13.657069       147.06949       69.226254   2.1243549e-09       8.0097809       11.543206       1013.9174       9.3435849       1406.4829      -6.3510154       -6.3510154                           -0                          -0        2523.461                                 82.173889          9.3435849             1406.4829          11.543206                      23.796259                      396.88884                                583.60333                        9.6289353
              4       1255.6811      -121.45391      -84.593402        1.041797     0.022444616      0.11987171     0.057620744       3.0563113      0.96829598       11.692624     0.024811766        1.185381       1.0033728      -121.45391       36.860506   -0.0006629513      0.30173584      0.69885068      0.81995085     0.047372155      0.25300416      0.82231961       13.685545       147.04871       68.832655    2.124903e-09       7.9859161       10.508341       1013.2226       11.286215       1405.7493      -6.1990957       -6.1990957                           -0                          -0       2523.7603                                 82.993921          11.286215             1405.7493          10.508341                      23.286686                      396.78443                                583.64662                        9.5048291
             23       1255.7981      -116.20451       -118.8526       1.0417944     0.022445961      0.11995031     0.057854423       3.0562081      0.96797377        11.68987     0.023957857       1.1842061       1.0033344      -116.20451        -2.64809  -0.00063429766      0.29747723      0.70308176      0.82156704     0.046680251      0.24945739      0.81810537       13.645115        147.0265       69.342982   2.1246837e-09       8.0069733       12.286754       1014.0675       8.8027168       1406.6451      -6.1216134       -6.1216134                           -0                          -0       2523.8395                                 82.037426          8.8027168             1406.6451          12.286754                      24.199883                       396.9727                                583.23858                        9.6563332
              8       1255.9823      -134.43982      -78.498375        1.041888      0.02246716      0.11998609     0.057923394        3.055714       0.9665192       11.689945     0.024850623       1.1824286       1.0032415      -134.43982       55.941446  -0.00073383438      0.30259049      0.69806677      0.81932182     0.047508549      0.25371987      0.82285163       13.686741       146.99365       68.768287   2.1236343e-09       8.0125885       10.661208       1013.0723       11.621348       1405.5873      -6.2611712       -6.2611712                           -0                          -0        2524.487                                 83.544815          11.621348             1405.5873          10.661208                      23.514407                      396.87614                                583.36828                         9.313502
             12       1257.4608      -4.0165426      -130.64432       1.0416671     0.022336602      0.12088091     0.057564809       3.0554603      0.96413662       11.717944     0.024699447       1.2127573       1.0008388      -4.0165426      -126.62778  -2.1924137e-05      0.30360167      0.69634383      0.82342986     0.047138553      0.25510375      0.82835798       13.666043       146.90215       68.836761   2.1230956e-09       8.0196075       10.794539       1017.7087          11.265       1405.3951      -7.0029225       -7.0029225                           -0                          -0       2528.9274                                 83.764186             11.265             1405.3951          10.794539                       25.35876                      397.07702                                584.17719                          11.0957
              6       1257.0094      -14.214881      -148.79462       1.0417037     0.022337605      0.12088196     0.057475509       3.0554821      0.96412628       11.713073     0.024125289         1.20873       1.0030551      -14.214881      -134.57973   -7.759136e-05      0.30072125      0.69928065      0.82436251     0.046692755      0.25268205      0.82535287       13.641036       146.90076       69.166143    2.123142e-09        8.009079       11.625512       1016.9245        9.628406       1405.9497      -6.2586991       -6.2586991                           -0                          -0       2526.5363                                 82.408119           9.628406             1405.9497          11.625512                      25.818091                      397.11923                                583.55898                        10.428236
              1       1257.1019       -21.19372      -127.99503       1.0417447      0.02236805      0.12080602     0.057817781       3.0558378         0.96438       11.713748     0.024608147       1.2084487       1.0030551       -21.19372      -106.80131  -0.00011568508      0.30287483      0.69716459      0.82333017     0.047106132      0.25441218      0.82726565       13.660936       146.88713       68.908904   2.1238971e-09       8.0364532       10.758919       1016.2706       10.895567       1405.5298      -6.3148312       -6.3148312                           -0                          -0       2526.8335                                 83.378612          10.895567             1405.5298          10.758919                      24.880909                      397.05399                                584.17943                        10.156276
              4       1256.9513      -37.227977      -111.67603       1.0418581      0.02231365      0.12028485     0.056325344       3.0560222       0.9636617       11.711501     0.024887936       1.2054581       1.0037645      -37.227977      -74.448052  -0.00020320742      0.30204747      0.69807938      0.82112224     0.047051507      0.25363771      0.82391952       13.677724       147.08443       68.864998   2.1242889e-09       7.8932648       10.678142       1012.8325       11.119668       1405.6829      -5.9625725       -5.9625725                           -0                          -0       2525.8277                                 85.514444          11.119668             1405.6829          10.678142                      24.838707                      396.67116                                581.38437                         9.938269
             53       1255.0635      -37.227977      -111.67603       1.0418581      0.02231365      0.12028485     0.056325344       3.0560222       0.9636617       11.784996     0.026088391       1.2336176       1.0042051      -37.227977      -74.448052  -0.00020320742      0.30204747      0.69807938      0.82112224     0.047051507      0.25363771      0.82391952       13.677724       147.08443       68.864998   2.1242889e-09       7.8932648       10.678142       1012.4218       11.119668       1405.6829      -5.3995719       -5.3995719                           -0                          -0       2520.9261                                 81.023555          11.119668             1405.6829          10.678142                      24.760105                      396.68001                                581.16529                        9.8163933
             91       1255.7125      -37.227977      -111.67603       1.0418581      0.02231365      0.12028485     0.056325344       3.0560222       0.9636617       11.722137     0.024722831       1.2423837       1.0032469      -37.227977      -74.448052  -0.00020320742      0.30204747      0.69807938      0.82112224     0.047051507      0.25363771      0.82391952       13.677724       147.08443       68.864998   2.1242889e-09       7.8932648       10.678142       1014.1707       11.119668       1405.6829      -6.2450124       -6.2450124                           -0                          -0       2523.9151                                 82.263669          11.119668             1405.6829          10.678142                      24.931768                      396.67919                                  582.464                        10.095689
              1       1257.5611      -37.227977      -111.67603       1.0418581      0.02231365      0.12028485     0.056325344       3.0560222       0.9636617       11.632957     0.025166141        1.126878       1.0027134      -37.227977      -74.448052  -0.00020320742      0.30204747      0.69807938      0.82112224     0.047051507      0.25363771      0.82391952       13.677724       147.08443       68.864998   2.1242889e-09       7.8932648       10.678142       1016.4904       11.119668       1405.6829      -6.6625791       -6.6625791                           -0                          -0       2528.4473                                 84.476157          11.119668             1405.6829          10.678142                      25.028592                       396.6772                                 584.5105                        10.274088
             45       1258.1725      -37.227977      -111.67603       1.0418581      0.02231365      0.12028485     0.056325344       3.0560222       0.9636617       11.656365     0.021480281       1.0389511       1.0027134      -37.227977      -74.448052  -0.00020320742      0.30204747      0.69807938      0.82112224     0.047051507      0.25363771      0.82391952       13.677724       147.08443       68.864998   2.1242889e-09       7.8932648       10.678142       1016.4904       11.119668       1405.6829      -5.6742212       -5.6742212                           -0                          -0       2527.6933                                 83.722217          11.119668             1405.6829          10.678142                      25.028592                       396.6772                                 584.5105                        10.274088
