#        weight    minuslogpost          a_samp               s     theta_s_100         omega_b       omega_cdm        tau_reio            logA             n_s     shmr_log_Mc          shmr_N       shmr_beta        A_planck           a_exo           b_exo        Omega_x0         Omega_m    Omega_Lambda          sigma8         Omega_b       Omega_cdm              S8             age         rs_drag              H0             A_s          z_reio       chi2__BAO       chi2__CMB        chi2__H0        chi2__SN   minuslogprior minuslogprior__0 minuslogprior__h2_positivity minuslogprior__e2_pre_class            chi2 chi2__jwst_likelihood_uvlf.UVLFLikelihood chi2__H0.riess2020 chi2__sn.pantheonplus chi2__bao.desi_dr2 chi2__planck_2018_lowl.TT_clik chi2__planck_2018_lowl.EE_clik chi2__planck_2018_highl_plik.TTTEEE_lite chi2__planck_2018_lensing.native
              9       1277.0306      -69.947801      -186.63427       1.0417619      0.02244491      0.12035281     0.052902341       3.0487909      0.96516729       11.509478     0.025786825       1.4301348       1.0017741      -69.947801      -116.68647  -0.00038180728      0.29039428      0.70991422      0.82195245     0.045439131      0.24365111      0.80868631       13.565655       146.92112        70.28197   2.1089829e-09       7.5156403       26.741742       1025.7754       5.0384005       1408.4191      -7.5743171       -7.5743171                           -0                          -0       2569.2098                                 103.23517          5.0384005             1408.4191          26.741742                      29.675187                      396.58523                                588.93578                        10.579175
              2       1269.8594      -28.941882      -50.018192       1.0421366     0.022386218      0.12094576     0.055242147       3.0506901      0.96238031       11.536747     0.029773034       1.4510685        1.002578      -28.941882       -21.07631  -0.00015797811      0.31275027      0.68732905      0.81803654     0.048628177      0.26272287       0.8352393       13.736319       146.83016       67.849457   2.1129922e-09       7.7837677       20.413895       1016.1258       16.939831       1404.0168      -7.4598944       -7.4598944                           -0                          -0       2554.6385                                 97.142178          16.939831             1404.0168          20.413895                      23.886782                      396.34403                                586.47206                        9.4229147
              7       1268.8812      -28.941882      -50.018192       1.0421366     0.022386218      0.12094576     0.055242147       3.0506901      0.96238031       11.704955     0.033834053       1.4379613       1.0027201      -28.941882       -21.07631  -0.00015797811      0.31275027      0.68732905      0.81803654     0.048628177      0.26272287       0.8352393       13.736319       146.83016       67.849457   2.1129922e-09       7.7837677       20.413895       1016.6936       16.939831       1404.0168      -6.7075973       -6.7075973                           -0                          -0       2551.1776                                 93.113437          16.939831             1404.0168          20.413895                      23.863968                      396.34403                                587.08718                         9.398431
              5       1266.7132      -28.941882      -50.018192       1.0421366     0.022386218      0.12094576     0.055242147       3.0506901      0.96238031       11.512648      0.02717612       1.3321761       1.0005779      -28.941882       -21.07631  -0.00015797811      0.31275027      0.68732905      0.81803654     0.048628177      0.26272287       0.8352393       13.736319       146.83016       67.849457   2.1129922e-09       7.7837677       20.413895       1015.3369       16.939831       1404.0168      -7.9776104       -7.9776104                           -0                          -0       2549.3816                                 92.674179          16.939831             1404.0168          20.413895                       24.21468                      396.34043                                584.89193                        9.8898711
              1       1266.1217      -83.411504      -90.886608       1.0421644     0.022392435       0.1206966     0.055105668       3.0506815      0.96228644       11.493394     0.025587744       1.3148431       1.0010896      -83.411504      -7.4751046  -0.00045529836      0.30509546      0.69528297      0.81915324     0.047531342      0.25619684      0.82608056       13.681915       146.88875       68.637369    2.112974e-09       7.7606049       11.244972       1015.6464       12.318109       1405.1354      -7.7774862       -7.7774862                           -0                          -0       2547.7984                                 103.45355          12.318109             1405.1354          11.244972                       24.91959                      396.38864                                584.48552                        9.8526561
              3       1265.8518      -83.411504      -90.886608       1.0421644     0.022392435       0.1206966     0.055105668       3.0506815      0.96228644       11.794686     0.026913009       1.2060351       1.0010896      -83.411504      -7.4751046  -0.00045529836      0.30509546      0.69528297      0.81915324     0.047531342      0.25619684      0.82608056       13.681915       146.88875       68.637369    2.112974e-09       7.7606049       11.244972       1015.6464       12.318109       1405.1354      -6.6565852       -6.6565852                           -0                          -0       2545.0167                                 100.67187          12.318109             1405.1354          11.244972                       24.91959                      396.38864                                584.48552                        9.8526561
             19       1265.6973      -84.430452      -91.684151       1.0421712     0.022394482      0.12071045     0.055132359       3.0506688      0.96221349       11.794322     0.026882425       1.2057084       1.0010896      -84.430452      -7.2536987  -0.00046086025      0.30501489      0.69536913      0.81920859     0.047517875      0.25613025      0.82602729       13.680532       146.88286       68.650231   2.1129472e-09       7.7627106       11.201136       1015.6495       12.248757       1405.1495      -6.6558917       -6.6558917                           -0                          -0       2544.7063                                 100.45746          12.248757             1405.1495          11.201136                      24.954031                      396.38465                                584.46109                         9.849746
             11       1258.9848      -84.430452      -91.684151       1.0421712     0.022394482      0.12071045     0.055132359       3.0506688      0.96221349       11.939837     0.029869412       1.1344826       1.0010896      -84.430452      -7.2536987  -0.00046086025      0.30501489      0.69536913      0.81920859     0.047517875      0.25613025      0.82602729       13.680532       146.88286       68.650231   2.1129472e-09       7.7627106       11.201136       1015.6495       12.248757       1405.1495      -5.2245566       -5.2245566                           -0                          -0       2528.4186                                 84.169774          12.248757             1405.1495          11.201136                      24.954031                      396.38465                                584.46109                         9.849746
             62       1256.3393      -84.430452      -91.684151       1.0421712     0.022394482      0.12071045     0.055132359       3.0506688      0.96221349       11.670483     0.025999097       1.1151266       1.0016267      -84.430452      -7.2536987  -0.00046086025      0.30501489      0.69536913      0.81920859     0.047517875      0.25613025      0.82602729       13.680532       146.88286       68.650231   2.1129472e-09       7.7627106       11.201136       1014.8605       12.248757       1405.1495      -6.9365006       -6.9365006                           -0                          -0       2526.5516                                 83.091713          12.248757             1405.1495          11.201136                      24.857354                       396.3892                                583.90445                        9.7094794
              4       1257.4258      -84.430452      -91.684151       1.0421712     0.022394482      0.12071045     0.055132359       3.0506688      0.96221349       11.749291     0.025417143       1.0572317       1.0022699      -84.430452      -7.2536987  -0.00046086025      0.30501489      0.69536913      0.81920859     0.047517875      0.25613025      0.82602729       13.680532       146.88286       68.650231   2.1129472e-09       7.7627106       11.201136        1015.187       12.248757       1405.1495      -6.0415375       -6.0415375                           -0                          -0       2526.9347                                 83.148351          12.248757             1405.1495          11.201136                       24.74283                      396.38258                                584.49826                        9.5632986
              7       1258.2847      -42.961474      -81.756757       1.0422172     0.022360473      0.12064344     0.055032469       3.0507104      0.96287125       11.761393     0.026067878       1.0688495        1.000988      -42.961474      -38.795283  -0.00023450349      0.30661991      0.69353729      0.81876753      0.04772892      0.25751607      0.82775186       13.698315       146.93801       68.446254    2.113035e-09       7.7606049        12.21622       1016.5793       13.371655       1404.8757      -6.4155029       -6.4155029                           -0                          -0       2529.4003                                 82.357457          13.371655             1404.8757           12.21622                      24.525576                      396.36566                                585.84372                        9.8443168
             29       1259.5463      -43.459274      -58.605796       1.0422447     0.022379006      0.12054597     0.055050276       3.0508646      0.96233073       11.764056     0.026673523       1.0704435       1.0013988      -43.459274      -15.146521  -0.00023722071      0.30894398      0.69121532      0.81732238     0.048157009      0.25940086      0.82941642       13.720834        146.9432       68.169584   2.1133609e-09       7.7584991       14.977338       1015.2167       14.973424       1404.5183      -6.3712399       -6.3712399                           -0                          -0       2531.8351                                 82.149315          14.973424             1404.5183          14.977338                      24.295357                       396.2784                                585.12357                        9.5193552
              2       1258.5058      -57.244531      -102.55714       1.0422271     0.022367194      0.12040854     0.054132727       3.0505151      0.96218497       11.755127     0.025385539       1.0635533       1.0013988      -57.244531      -45.312613  -0.00031246698      0.30222765       0.6980085      0.81864151     0.047134228      0.25373604       0.8216753       13.669978       146.99236       68.887045   2.1126224e-09       7.6630402       10.659999        1019.852       11.006851       1405.6495        -6.29044         -6.29044                           -0                          -0       2529.5924                                 82.424138          11.006851             1405.6495          10.659999                      25.359904                      396.26072                                588.36651                        9.8648465
             18       1256.7949      -65.756868      -97.471128        1.042244     0.022369535      0.12044572     0.054274169       3.0505244      0.96206149       11.753503     0.025439763       1.0616992       1.0026712      -65.756868      -31.714261  -0.00035893123      0.30294825      0.69733421      0.81855541     0.047238536      0.25434947      0.82256776       13.674544       146.97999       68.814549    2.112642e-09       7.6777802         10.6721       1015.1421       11.379989       1405.5147      -5.8837733       -5.8837733                           -0                          -0       2525.3573                                 82.648421          11.379989             1405.5147            10.6721                      25.004018                      396.25288                                584.38459                        9.5006416
             13       1256.8279       -17.04755      -115.90093       1.0423176     0.022350344      0.12044918     0.054425269       3.0510746      0.96241665       11.764086     0.025410857       1.0731039       1.0026484       -17.04755      -98.853376  -9.3053368e-05      0.30097226      0.69904481      0.81962743     0.046895301      0.25272544      0.82095451       13.657728       147.00031        69.03629   2.1138046e-09       7.6974335       11.010424       1016.5862       10.258272       1405.8895      -5.8711544       -5.8711544                           -0                          -0       2525.3981                                 81.653765          10.258272             1405.8895          11.010424                      25.370773                      396.35375                                585.20849                        9.6531632
             24       1257.7942      -11.883472      -96.118558       1.0423664     0.022285004      0.12051101     0.054098554       3.0508955      0.96235667       11.767831     0.025980813       1.0759322       1.0035776      -11.883472      -84.235086  -6.4865457e-05      0.30436789      0.69562014        0.819158     0.047286898      0.25571419      0.82509977       13.687856       147.05631       68.649274   2.1134261e-09       7.6805878       10.932255       1016.4694       12.253911       1405.2505      -5.4335682       -5.4335682                           -0                          -0       2526.4556                                 81.549572          12.253911             1405.2505          10.932255                      24.624644                      396.22213                                 586.1347                        9.4879327
              6        1257.662      -13.646931      -95.282579       1.0423631     0.022289511      0.12049083     0.054250192       3.0508747      0.96221318       11.767468     0.025986308       1.0755319       1.0025064      -13.646931      -81.635648  -7.4491227e-05      0.30432942      0.69566823      0.81898812     0.047295652      0.25566699      0.82487653       13.688126       147.05665       68.649862   2.1133821e-09       7.6946259       10.927958        1017.282       12.250743       1405.2573      -5.9582703       -5.9582703                           -0                          -0       2527.2406                                 81.522679          12.250743             1405.2573          10.927958                      24.813502                      396.23259                                 586.5883                        9.6475984
             14       1258.7729     -0.68037467      -115.90605       1.0423538     0.022290454      0.12041289     0.054467868       3.0508787       0.9624455       11.768389     0.025564265       1.0773971       1.0015297     -0.68037467      -115.22567  -3.7137979e-06      0.30125761         0.69867      0.81963232     0.046845393      0.25305851      0.82134849       13.664723       147.07618       68.980449   2.1133907e-09       7.7142792       11.006063       1021.3545       10.535272       1405.8303       -6.236228        -6.236228                           -0                          -0       2530.0182                                 81.292098          10.535272             1405.8303          11.006063                      25.480632                      396.33902                                589.61587                        9.9189647
              6       1258.9363      -16.410319       -75.63151       1.0423421     0.022269928      0.12035401     0.055458811       3.0506635      0.96249222       11.769113     0.026478434       1.0762708        1.001011      -16.410319      -59.221192  -8.9575068e-05      0.30637273      0.69363941      0.81776853       0.0476233      0.25737197      0.82640858       13.712362       147.11455       68.383238    2.112936e-09       7.8209686       12.091484       1018.1562        13.72852       1404.9096      -6.4013767       -6.4013767                           -0                          -0       2530.6754                                 81.789584           13.72852             1404.9096          12.091484                      24.427199                      396.41654                                587.77896                         9.533448
             15       1258.0648      -6.1258561      -70.606223        1.042288     0.022296074      0.12043457     0.057024971       3.0510271      0.96356244       11.772424     0.026707392       1.0793431       1.0006389      -6.1258561      -64.480367  -3.3437741e-05      0.30762565      0.69233009      0.81810342      0.04783857      0.25840502      0.82843579       13.718391       147.06446       68.269247   2.1137043e-09       7.9739838       13.210798       1014.9089       14.385993       1404.7109      -6.4700742       -6.4700742                           -0                          -0       2529.0697                                 81.853231          14.385993             1404.7109          13.210798                      23.935185                      396.77141                                584.79211                        9.4101479
             27       1256.4706      -11.882696       -92.15874       1.0422725     0.022298062      0.12044927     0.056667772       3.0507381      0.96337646       11.768309      0.02608521       1.0762274       1.0011723      -11.882696      -80.276044  -6.4861219e-05       0.3047805      0.69520739      0.81889492      0.04739483      0.25601655      0.82539368       13.693553       147.05835       68.591148   2.1130935e-09       7.9360809       11.110795       1015.1407       12.568945        1405.178      -6.3601675       -6.3601675                           -0                          -0       2525.6616                                 81.663136          12.568945              1405.178          11.110795                      24.278475                      396.70395                                 584.7152                        9.4430971
             27       1256.6539      -11.700966      -92.538983       1.0422726     0.022298316      0.12045061     0.056665632       3.0507401      0.96337591       11.768311     0.026076891       1.0762468       1.0013409      -11.700966      -80.838017  -6.3869256e-05      0.30473684      0.69525008      0.81891448     0.047388054      0.25597987      0.82535427       13.693109       147.05772       68.596442   2.1130977e-09       7.9360809       11.092277       1015.4795       12.540085       1405.1856      -6.3257171       -6.3257171                           -0                          -0       2525.9593                                 81.661845          12.540085             1405.1856          11.092277                      24.257568                      396.70395                                585.09857                        9.4193994
              1       1257.1019      -5.4239353      -84.908412       1.0423136     0.022301299      0.12047556     0.056088054       3.0506606      0.96320741       11.770882     0.026336937       1.0784618       1.0013409      -5.4239353      -79.484477  -2.9606334e-05      0.30584188       0.6941105       0.8185826     0.047556993      0.25691129      0.82651428       13.701154       147.04778       68.479076   2.1129297e-09       7.8785248       11.666126       1015.4349       13.187645       1404.9967       -6.339914        -6.339914                           -0                          -0       2526.8836                                 81.598213          13.187645             1404.9967          11.666126                      24.222097                      396.54879                                585.20014                        9.4639061
              1       1258.1788      -117.07867      -79.272432       1.0423044      0.02230638      0.12031983     0.055770706       3.0507554       0.9614252       11.742205     0.025438069       1.0495918       1.0019073      -117.07867        37.80624  -0.00063906924      0.30424064      0.69632154      0.81780202     0.047368541      0.25550424      0.82356174       13.694449        147.0832       68.622975   2.1131302e-09       7.8413239       10.960589        1016.111        12.39595       1405.2852      -6.1751306       -6.1751306                           -0                          -0       2528.7078                                 83.955009           12.39595             1405.2852          10.960589                      24.763938                      396.51844                                585.54421                        9.2844234
              3       1258.7614      -117.46597      -87.655802       1.0422646     0.022307003      0.12037123     0.055545582       3.0505241      0.96133727       11.741091      0.02521343       1.0488657       1.0007703      -117.46597       29.810167  -0.00064118329      0.30350053      0.69706397      0.81817259     0.047237477      0.25489903      0.82293214       13.686122       147.06893       68.719069   2.1126413e-09       7.8188629       10.743527       1017.7757       11.880915       1405.4197      -6.3991325       -6.3991325                           -0                          -0        2530.321                                 84.501178          11.880915             1405.4197          10.743527                      25.185892                      396.50672                                586.48596                        9.5971156
              2        1258.955      -115.88121      -77.185781       1.0422675      0.02230539      0.12038866     0.055752077       3.0504987      0.96133725       11.742772     0.025504312       1.0500614       1.0005198      -115.88121       38.695428  -0.00063253295      0.30503767       0.6955178      0.81777292     0.047468049      0.25619883      0.82461045       13.698651       147.06613       68.549489   2.1125878e-09       7.8406219       11.278617        1017.661       12.797191       1405.1465      -6.4495107       -6.4495107                           -0                          -0        2530.809                                 83.925706          12.797191             1405.1465          11.278617                      24.950975                      396.51205                                586.63807                        9.5599163
              8       1258.6376      -113.96745       -78.82009       1.0422725     0.022304814      0.12038356     0.055738056        3.050487      0.96135473       11.743078      0.02547918       1.0504417       1.0006817      -113.96745       35.147364  -0.00062208679      0.30480292      0.69574216      0.81782443     0.047432171      0.25600096      0.82434501       13.696849       147.06811       68.574524   2.1125629e-09       7.8392181       11.164747       1017.2359       12.659782       1405.1868      -6.4310829       -6.4310829                           -0                          -0       2530.1373                                 83.890073          12.659782             1405.1868          11.164747                      24.949215                      396.50594                                586.25331                        9.5274287
              1       1259.0104      -113.96745       -78.82009       1.0422725     0.022304814      0.12038356     0.055738056        3.050487      0.96135473       11.918673     0.028312903       1.0740164       1.0007651      -113.96745       35.147364  -0.00062208679      0.30480292      0.69574216      0.81782443     0.047432171      0.25600096      0.82434501       13.696849       147.06811       68.574524   2.1125629e-09       7.8392181       11.164747       1016.9907       12.659782       1405.1868      -5.2573508       -5.2573508                           -0                          -0       2528.5355                                 82.533419          12.659782             1405.1868          11.164747                      24.934148                      396.50594                                586.04193                        9.5087185
             86       1257.3555      -113.96745       -78.82009       1.0422725     0.022304814      0.12038356     0.055738056        3.050487      0.96135473       11.898449     0.025988892       1.0709206       1.0018945      -113.96745       35.147364  -0.00062208679      0.30480292      0.69574216      0.81782443     0.047432171      0.25600096      0.82434501       13.696849       147.06811       68.574524   2.1125629e-09       7.8392181       11.164747       1016.0089       12.659782       1405.1868      -5.0706823       -5.0706823                           -0                          -0       2524.8523                                 79.832096          12.659782             1405.1868          11.164747                      24.732256                      396.52086                                585.46122                        9.2945538
              2       1257.8077      -113.96745       -78.82009       1.0422725     0.022304814      0.12038356     0.055738056        3.050487      0.96135473       11.898813     0.026486909       1.0596051       1.0019035      -113.96745       35.147364  -0.00062208679      0.30480292      0.69574216      0.81782443     0.047432171      0.25600096      0.82434501       13.696849       147.06811       68.574524   2.1125629e-09       7.8392181       11.164747       1016.0183       12.659782       1405.1868      -5.0574607       -5.0574607                           -0                          -0       2525.7303                                 80.700691          12.659782             1405.1868          11.164747                      24.730661                      396.52086                                585.47361                        9.2931388
             14       1259.1168      -232.74954      -137.61719       1.0422065     0.022260433      0.12107625     0.056099669       3.0514874      0.96171705       11.860485     0.023822568       1.0240657       1.0004621      -232.74954       95.132357   -0.0012704541      0.29915875      0.70203647      0.82398375     0.046252018      0.25156836      0.82282764       13.623611        146.9349       69.374754   2.1146776e-09       7.8904572       13.491309       1019.8183       8.6582862       1406.3101      -5.2235445       -5.2235445                           -0                          -0       2528.6808                                 80.402818          8.6582862             1406.3101          13.491309                      27.416643                      396.88686                                584.72247                        10.792335
              4       1258.7554      -232.74954      -137.61719       1.0422065     0.022260433      0.12107625     0.056099669       3.0514874      0.96171705        11.83604     0.023802946       1.0604441       1.0003076      -232.74954       95.132357   -0.0012704541      0.29915875      0.70203647      0.82398375     0.046252018      0.25156836      0.82282764       13.623611        146.9349       69.374754   2.1146776e-09       7.8904572       13.491309       1020.2242       8.6582862       1406.3101      -5.6087731       -5.6087731                           -0                          -0       2528.7283                                 80.044363          8.6582862             1406.3101          13.491309                      27.450571                      396.88686                                585.03508                        10.851713
              3       1258.0015      -232.74954      -137.61719       1.0422065     0.022260433      0.12107625     0.056099669       3.0514874      0.96171705       11.830753     0.023947488       1.0610135        1.001028      -232.74954       95.132357   -0.0012704541      0.29915875      0.70203647      0.82398375     0.046252018      0.25156836      0.82282764       13.623611        146.9349       69.374754   2.1146776e-09       7.8904572       13.491309       1019.0132       8.6582862       1406.3101      -5.5982243       -5.5982243                           -0                          -0       2527.1994                                  79.72654          8.6582862             1406.3101          13.491309                      27.292973                      396.87624                                584.25739                        10.586603
              6       1258.3117      -227.67427      -131.65435       1.0422297     0.022259197      0.12106272     0.056262145       3.0515292      0.96152874       11.832807     0.024152295        1.062789       1.0002886      -227.67427       96.019923   -0.0012427509      0.29996752      0.70119978      0.82361642      0.04637924      0.25224616      0.82357183       13.631128       146.93983       69.277616   2.1147659e-09       7.9073029       12.662728       1019.7992       9.1036081       1406.1378      -5.6932129       -5.6932129                           -0                          -0       2528.0098                                 80.306511          9.1036081             1406.1378          12.662728                      27.106728                      396.88346                                585.08754                         10.72142
             19       1259.7216      -240.68284      -142.91575       1.0422683     0.022238946      0.12133395     0.056790253       3.0517259      0.96200259       11.828027     0.023733382       1.0585377      0.99961926      -240.68284       97.767091   -0.0013137577       0.2996295      0.70160902      0.82545918     0.046204282      0.25208695      0.82494931        13.61828       146.89102       69.377076   2.1151819e-09       7.9676666       13.620415       1021.9526       8.6477797       1406.2144      -5.6375514       -5.6375514                           -0                          -0       2530.7184                                  80.28317          8.6477797             1406.2144          13.620415                      27.661196                      397.08487                                585.97674                        11.229786
              9       1259.6573      -237.77955      -145.01227       1.0422662     0.022231237      0.12132903     0.056839382       3.0517457      0.96201962       11.828538     0.023705349       1.0591431       1.0008788      -237.77955        92.76728   -0.0012979102      0.29938791      0.70183482      0.82557099     0.046155067      0.25189553      0.82472836       13.616788       146.90084       69.402022   2.1152238e-09       7.9739838       13.928023       1021.4906       8.5352887       1406.2652      -5.5753515       -5.5753515                           -0                          -0       2530.4653                                  80.24615          8.5352887             1406.2652          13.928023                      27.486286                      397.11079                                586.13277                        10.760707
             13       1258.4574      -224.26983      -112.46308       1.0422987     0.022218429      0.12129392     0.056829868       3.0518939      0.96235263       11.836018      0.02469016       1.0651117      0.99990659      -224.26983       111.80675   -0.0012241679      0.30410993      0.69703784      0.82411226       0.0468716      0.25587948      0.82973813        13.65941       146.92422       68.849658   2.1155373e-09       7.9788971       10.980329       1020.1336       11.198507       1405.3359      -5.7162512       -5.7162512                           -0                          -0       2528.3473                                 80.699041          11.198507             1405.3359          10.980329                      25.817953                      396.95952                                586.48382                        10.872255
              4       1258.2957      -255.23112      -104.50289       1.0423819     0.022328314      0.12133919     0.056698682       3.0513905      0.96236961       11.828838     0.024609558       1.0575827      0.99990659      -255.23112       150.72822   -0.0013931688      0.30409096      0.69722591      0.82349449     0.047049831      0.25568381      0.82909028       13.651279       146.79092       68.888849   2.1144725e-09       7.9416962       10.884435       1020.1788       10.997648       1405.3421      -5.7956464       -5.7956464                           -0                          -0       2528.1826                                   80.7797          10.997648             1405.3421          10.884435                      25.647528                      396.89277                                587.05596                        10.582499
             15       1259.1039      -255.23112      -104.50289       1.0423819     0.022328314      0.12133919     0.056698682       3.0513905      0.96236961       11.825806     0.024141378        1.068783      0.99974238      -255.23112       150.72822   -0.0013931688      0.30409096      0.69722591      0.82349449     0.047049831      0.25568381      0.82909028       13.651279       146.79092       68.888849   2.1144725e-09       7.9416962       10.884435       1020.2769       10.997648       1405.3421      -5.8043602       -5.8043602                           -0                          -0       2529.8166                                  82.31552          10.997648             1405.3421          10.884435                      25.679358                      396.89277                                 587.0644                        10.640345
              5       1258.6346      -250.86607      -103.25024       1.0423735     0.022326926       0.1213194     0.056785791       3.0514153      0.96241333       11.827105      0.02421535       1.0700214       1.0004399      -250.86607       147.61583   -0.0013693424      0.30425533      0.69703765      0.82337259     0.047079246      0.25581784      0.82919157        13.65356       146.79765       68.865185    2.114525e-09       7.9508209       10.882946       1020.1325       11.118711       1405.3118      -5.7981657       -5.7981657                           -0                          -0       2528.8655                                 81.419464          11.118711             1405.3118          10.882946                      25.460925                      396.87971                                587.43173                        10.360128
              3       1258.3503      -253.62607      -104.62806       1.0423652     0.022326333      0.12131109     0.056774723       3.0513989      0.96233788       11.826213     0.024153136       1.0691948       1.0002494      -253.62607       148.99801   -0.0013844078      0.30400603      0.69730208      0.82338493     0.047042325      0.25560649      0.82886421       13.651852       146.80049       68.891289   2.1144903e-09       7.9494171       10.878344       1019.7738       10.985204        1405.357      -5.8043071       -5.8043071                           -0                          -0       2528.3092                                 81.314799          10.985204              1405.357          10.878344                      25.580274                      396.88791                                586.88036                        10.425267
              2       1258.4947       -243.9863       -114.9228       1.0423689     0.022320931      0.12132855     0.056619069       3.0514043      0.96216293       11.827506     0.023972173       1.0709566       1.0004959       -243.9863        129.0635   -0.0013317895      0.30279579      0.69846001      0.82383542       0.0468398      0.25460429      0.82766531       13.640978       146.80185       69.031711   2.1145018e-09       7.9346771        11.09332       1020.5448       10.280847       1405.5795      -5.7611625       -5.7611625                           -0                          -0       2528.5116                                 81.013205          10.280847             1405.5795           11.09332                      25.987802                      396.86484                                587.21435                        10.477771
              7       1258.6233      -246.81788      -123.33104       1.0423783     0.022318501      0.12129544     0.056597484       3.0514116      0.96216853       11.825746     0.023723949       1.0695875       1.0005431      -246.81788       123.48685   -0.0013472455      0.30134536      0.69992624      0.82415389      0.04662184      0.25337797      0.82599981       13.629946       146.81322        69.18912   2.1145173e-09       7.9318695       11.734845       1021.0331       9.5190292       1405.8609      -5.7310197       -5.7310197                           -0                          -0       2528.7086                                 80.560747          9.5190292             1405.8609          11.734845                      26.400396                      396.92489                                587.19983                        10.507934
             14       1260.6401      -246.22881      -145.36377       1.0424158     0.022322325      0.12130098     0.056404623       3.0514906      0.96131458       11.823242     0.023148639       1.0681008       1.0006181      -246.22881       100.86504   -0.0013440301      0.29799701      0.70327222      0.82499253     0.046108713      0.25055778      0.82223383       13.600292       146.80753       69.579004   2.1146843e-09       7.9101105       15.112456       1023.3108       7.7583497       1406.5668       -5.653715        -5.653715                           -0                          -0       2532.5876                                 79.839262          7.7583497             1406.5668          15.112456                      28.041226                      396.98014                                587.61971                         10.66968
              9       1261.2543      -246.96509      -149.96209       1.0424186     0.022321166      0.12129356      0.05649934       3.0514896       0.9612354       11.822494     0.023020509       1.0675651       0.9999445      -246.96509          97.003    -0.001348049      0.29725335      0.70402008      0.82517557     0.045993994      0.24993208      0.82138944       13.594148       146.81076       69.663915   2.1146821e-09       7.9192352       16.207189       1023.8129       7.3987567       1406.7344      -5.6675374       -5.6675374                           -0                          -0       2533.8437                                 79.690393          7.3987567             1406.7344          16.207189                      28.549941                      397.06352                                 587.2866                        10.912854
             16       1260.6802      -106.06211      -148.54292        1.042293     0.022386648      0.12191251     0.055883428       3.0506083      0.96333937       11.859713     0.024379749       1.1046331      0.99992047      -106.06211      -42.480815  -0.00057893577      0.30296326      0.69753998       0.8263225     0.046793004      0.25482387      0.83039349       13.614464        146.5767       69.167818   2.1128192e-09       7.8553619       11.477126       1023.9534       9.6204098       1405.5346      -5.6857508       -5.6857508                           -0                          -0        2532.732                                 82.146466          9.6204098             1405.5346          11.477126                      26.736728                      396.79572                                588.98225                        11.438671
              8       1260.7912      -104.58997      -143.31578       1.0422972     0.022384869      0.12191822      0.05589538       3.0506251      0.96338626       11.860731     0.024531359       1.1054087      0.99992047      -104.58997      -38.725813  -0.00057090016      0.30378255      0.69671245      0.82611895     0.046914542      0.25551802       0.8313107       13.621318       146.57716        69.07542   2.1128549e-09       7.8574677       11.203597       1023.6871       10.066365       1405.3834      -5.6986787       -5.6986787                           -0                          -0       2532.9797                                 82.639215          10.066365             1405.3834          11.203597                      26.418666                      396.77187                                589.09725                          11.3993
             30       1260.7279      -113.46331       -145.7768       1.0423122     0.022372156      0.12196755     0.056050287       3.0505047      0.96311437       11.858101     0.024383239       1.1028976      0.99987477      -113.46331      -32.313487  -0.00061933493      0.30360171       0.6969418      0.82636905      0.04684815      0.25540471      0.83131482       13.618494       146.57827       69.104718   2.1126004e-09       7.8764191       11.318978       1024.2095       9.9238665       1405.4182      -5.6966983       -5.6966983                           -0                          -0       2532.8493                                 81.978735          9.9238665             1405.4182          11.318978                      26.620003                      396.82688                                 589.3798                        11.382775
              6       1260.7837      -114.37118      -145.06548       1.0423135     0.022371939      0.12196889     0.056065119       3.0505046      0.96308909       11.857948     0.024393474       1.1027125      0.99984572      -114.37118      -30.694299  -0.00062429053      0.30369802      0.69685042      0.82633823     0.046862191      0.25548656      0.83141565       13.619278       146.57816       69.094028   2.1126001e-09       7.8778229       11.289946       1024.2885        9.975743       1405.4008      -5.6980615       -5.6980615                           -0                          -0       2532.9635                                 82.008527           9.975743             1405.4008          11.289946                      26.595141                      396.82684                                589.47817                        11.388365
             11       1260.4417      -114.37118      -145.06548       1.0423135     0.022371939      0.12196889     0.056065119       3.0505046      0.96308909       11.824066     0.023119741       1.0938656      0.99967954      -114.37118      -30.694299  -0.00062429053      0.30369802      0.69685042      0.82633823     0.046862191      0.25548656      0.83141565       13.619278       146.57816       69.094028   2.1126001e-09       7.8778229       11.289946       1024.1265        9.975743       1405.4008      -5.7684746       -5.7684746                           -0                          -0       2532.4204                                 81.627378           9.975743             1405.4008          11.289946                      26.629691                      396.82684                                589.21093                        11.459086
              4       1261.0698      -118.10411      -130.01521       1.0422941     0.022381642      0.12210321     0.056100556       3.0504415      0.96310038       11.824901     0.023481483       1.0940074      0.99848121      -118.10411        -11.9111  -0.00064466657      0.30658378      0.69398439      0.82600733     0.047281032      0.25794202      0.83502189          13.638       146.53248       68.802227   2.1124669e-09       7.8827362       11.318168       1024.9201       11.444027       1404.9056      -5.6388107       -5.6388107                           -0                          -0       2533.4172                                 80.829253          11.444027             1404.9056          11.318168                      26.068676                      396.77789                                 590.1037                        11.969877
              1       1260.9894      -124.90645      -123.13812       1.0422865     0.022400263      0.12208858     0.056541545       3.0509283      0.96291403       11.823943     0.023598966       1.0927353      0.99944141      -124.90645       1.7683349  -0.00068179686      0.30729502       0.6933101       0.8257379     0.047428841      0.25850233      0.83571723       13.643665       146.51587       68.723505   2.1134955e-09       7.9227448       11.607968       1024.2209       11.857403       1404.7924      -5.8128895       -5.8128895                           -0                          -0       2533.6046                                 81.125969          11.857403             1404.7924          11.607968                       25.64155                      396.84689                                590.35669                        11.375763
             10       1261.4543      -124.90645      -123.13812       1.0422865     0.022400263      0.12208858     0.056541545       3.0509283      0.96291403       11.693872     0.018843358       1.1315411      0.99956276      -124.90645       1.7683349  -0.00068179686      0.30729502       0.6933101       0.8257379     0.047428841      0.25850233      0.83571723       13.643665       146.51587       68.723505   2.1134955e-09       7.9227448       11.607968       1024.4369       11.857403       1404.7924      -5.8466398       -5.8466398                           -0                          -0       2534.6019                                 81.907163          11.857403             1404.7924          11.607968                       25.61808                      396.84689                                590.64752                        11.324446
              7       1261.5099      -121.86039      -127.92439       1.0422928     0.022401603      0.12207643     0.056721577       3.0509624       0.9628503       11.694095     0.018745755       1.1319836      0.99966367      -121.86039      -6.0640015  -0.00066517004       0.3065558      0.69403287      0.82589818     0.047321104      0.25787403      0.83487346       13.637782       146.51758       68.803751   2.1135675e-09       7.9395905       11.320856       1025.2087       11.436097       1404.9102      -5.8275391       -5.8275391                           -0                          -0       2534.6749                                 81.799076          11.436097             1404.9102          11.320856                      25.779536                      396.92748                                591.26879                        11.232946
              8       1263.1602      -95.575312      -127.12624       1.0422726     0.022381199      0.12198186      0.05681816       3.0507094      0.96141276       11.701103      0.01901338       1.1389383       1.0001265      -95.575312      -31.550927  -0.00052169402      0.30671369      0.69373141      0.82491971      0.04733986      0.25801138      0.83409907       13.643919       146.56467       68.758785   2.1130328e-09       7.9529266       11.387783       1026.2844       11.671239       1404.8807      -5.8974739       -5.8974739                           -0                          -0       2538.1154                                 83.891254          11.671239             1404.8807          11.387783                      25.935552                      396.97216                                592.58922                        10.787504
             34       1261.7021      -95.575312      -127.12624       1.0422726     0.022381199      0.12198186      0.05681816       3.0507094      0.96141276       11.856583     0.022873738       1.1356287      0.99907432      -95.575312      -31.550927  -0.00052169402      0.30671369      0.69373141      0.82491971      0.04733986      0.25801138      0.83409907       13.643919       146.56467       68.758785   2.1130328e-09       7.9529266       11.387783       1022.7914       11.671239       1404.8807      -5.5359987       -5.5359987                           -0                          -0       2534.4762                                 83.745107          11.671239             1404.8807          11.387783                      26.144986                      396.95522                                588.49838                         11.19283
              3       1261.0804      -95.575312      -127.12624       1.0422726     0.022381199      0.12198186      0.05681816       3.0507094      0.96141276       11.853077     0.032083313       1.1811082      0.99866457      -95.575312      -31.550927  -0.00052169402      0.30671369      0.69373141      0.82491971      0.04733986      0.25801138      0.83409907       13.643919       146.56467       68.758785   2.1130328e-09       7.9529266       11.387783       1022.4631       11.671239       1404.8807      -6.1061343       -6.1061343                           -0                          -0       2534.3731                                 83.970277          11.671239             1404.8807          11.387783                      26.227689                      396.96911                                587.89835                        11.368003
              9       1262.7023      -99.955313      -118.55942        1.042269     0.022384043      0.12197659     0.056847656        3.050627       0.9615622       11.852959     0.032268066       1.1805974       0.9995847      -99.955313      -18.604105  -0.00054560208      0.30783489      0.69263384      0.82453328     0.047519743      0.25894769      0.83523076       13.653497       146.56292       68.632881   2.1128588e-09       7.9557343       11.942201        1023.805       12.342355       1404.7046      -6.2232637       -6.2232637                           -0                          -0       2537.8512                                 85.057029          12.342355             1404.7046          11.942201                      25.663155                      396.93951                                 590.3112                        10.891127
              8       1261.7883      -173.30631      -145.11886       1.0424133     0.022378487      0.12175493     0.055018018       3.0492958      0.96414773       11.830468     0.030879781       1.1593772      0.99937753      -173.30631       28.187444  -0.00094598555       0.3012749      0.69959573      0.82586637     0.046568523      0.25336596      0.82761934       13.606796       146.62674       69.321689    2.110048e-09        7.766922       12.275842       1025.7809       8.9001766       1405.8683      -6.4045425       -6.4045425                           -0                          -0       2536.3856                                 83.560364          8.9001766             1405.8683          12.275842                      26.885108                      396.64199                                590.74833                        11.505469
              2       1261.1182      -171.68842      -107.14937       1.0423925     0.022390623      0.12177888     0.055333881       3.0492354      0.96430686       11.835475     0.031895925         1.16263      0.99937753      -171.68842       64.539056  -0.00093715438      0.30689739      0.69396302      0.82412864     0.047451497       0.2580808       0.8335487       13.653264       146.60717       68.692311   2.1099206e-09       7.7992096       11.551639       1023.1923        12.02323       1404.8576       -6.328294        -6.328294                           -0                          -0        2534.893                                 83.268192           12.02323             1404.8576          11.551639                      25.001786                      396.53505                                590.60151                        11.053992
              8       1260.7057      -121.74146      -133.46147       1.0423354     0.022392405      0.12135114     0.055935022       3.0488067      0.96391236       11.845433     0.031670833       1.1737723       1.0008089      -121.74146       -11.72001  -0.00066452089      0.30164754      0.69894133      0.82332163     0.046781095      0.25352074      0.82557929       13.625424       146.71712       69.185514   2.1090163e-09       7.8511505       11.469066       1023.7899       9.5361507       1405.7822      -6.2627234       -6.2627234                           -0                          -0       2533.9367                                 83.359456          9.5361507             1405.7822          11.469066                      25.679211                      396.69956                                591.29277                        10.118357
              4       1259.4529      -188.15684      -124.25536       1.0424717     0.022310196      0.12113141     0.055164297       3.0494179      0.96438317       11.829081     0.031290478       1.1570357       1.0014447      -188.15684       63.901483   -0.0010270466      0.30089893       0.7000525      0.82337345     0.046591105      0.25296265      0.82460612       13.632356        146.8653       69.199058   2.1103056e-09        7.788681       11.865694       1021.4288       9.4719147       1405.9388      -6.2570709       -6.2570709                           -0                          -0       2531.4199                                 82.714714          9.4719147             1405.9388          11.865694                      25.524056                       396.5581                                589.16298                        10.183681
              3       1262.5595      -185.30724      -156.69632       1.0424346     0.022312859      0.12115702     0.054881951       3.0494247      0.96476471       11.825915     0.030461989       1.1553666       1.0009162      -185.30724       28.610919   -0.0010114922      0.29639784      0.70453918      0.82506704     0.045890631      0.24918242      0.82009871       13.592058       146.85561       69.729347   2.1103201e-09       7.7577972       17.347972       1023.0462       7.1274762       1406.9191      -6.4018445       -6.4018445                           -0                          -0       2537.9227                                 83.481909          7.1274762             1406.9191          17.347972                      27.462652                      396.70447                                588.16631                        10.712821
              9        1259.148      -179.39454      -125.58234       1.0424194     0.022306245      0.12110807     0.054654302       3.0492442      0.96481264       11.831225     0.031337696       1.1592354       1.0020285      -179.39454       53.812197  -0.00097921791      0.30089465      0.70000894      0.82334456     0.046591017      0.25295822      0.82457132       13.633616       146.87575       69.192996   2.1099391e-09        7.737442       11.852463       1020.4764       9.5006393       1405.9384      -6.0803893       -6.0803893                           -0                          -0       2530.4569                                 82.688892          9.5006393             1405.9384          11.852463                       25.39778                      396.45866                                588.45606                        10.163943
             29       1262.2779      -179.39454      -125.58234       1.0424194     0.022306245      0.12110807     0.054654302       3.0492442      0.96481264       11.793223     0.028811086       1.2857554       1.0024115      -179.39454       53.812197  -0.00097921791      0.30089465      0.70000894      0.82334456     0.046591017      0.25295822      0.82457132       13.633616       146.87575       69.192996   2.1099391e-09        7.737442       11.852463       1021.3739       9.5006393       1405.9384       -6.502019        -6.502019                           -0                          -0       2537.5598                                 88.894353          9.5006393             1405.9384          11.852463                      25.325611                      396.45704                                589.51811                        10.073126
            175       1258.6898      -179.39454      -125.58234       1.0424194     0.022306245      0.12110807     0.054654302       3.0492442      0.96481264       11.788898     0.023571973       1.2134638       1.0028081      -179.39454       53.812197  -0.00097921791      0.30089465      0.70000894      0.82334456     0.046591017      0.25295822      0.82457132       13.633616       146.87575       69.192996   2.1099391e-09        7.737442       11.852463       1022.8199       9.5006393       1405.9384      -5.8254609       -5.8254609                           -0                          -0       2529.0306                                 78.919083          9.5006393             1405.9384          11.852463                       25.25129                      396.45399                                 591.1268                        9.9878746
             62       1258.8444      -179.39454      -125.58234       1.0424194     0.022306245      0.12110807     0.054654302       3.0492442      0.96481264       11.849682      0.02536726       1.2435241       1.0028081      -179.39454       53.812197  -0.00097921791      0.30089465      0.70000894      0.82334456     0.046591017      0.25295822      0.82457132       13.633616       146.87575       69.192996   2.1099391e-09        7.737442       11.852463       1022.8199       9.5006393       1405.9384      -5.6165445       -5.6165445                           -0                          -0       2528.9219                                 78.810456          9.5006393             1405.9384          11.852463                       25.25129                      396.45399                                 591.1268                        9.9878746
              2       1257.8122      -179.39454      -125.58234       1.0424194     0.022306245      0.12110807     0.054654302       3.0492442      0.96481264       11.898705     0.024540834       1.1451672       1.0025256      -179.39454       53.812197  -0.00097921791      0.30089465      0.70000894      0.82334456     0.046591017      0.25295822      0.82457132       13.633616       146.87575       69.192996   2.1099391e-09        7.737442       11.852463       1021.7368       9.5006393       1405.9384      -4.9591865       -4.9591865                           -0                          -0       2525.5428                                 76.514432          9.5006393             1405.9384          11.852463                      25.304188                      396.45704                                589.92792                        10.047685
             16       1257.7303      -179.39454      -125.58234       1.0424194     0.022306245      0.12110807     0.054654302       3.0492442      0.96481264       11.832353     0.027647968       1.1432182       1.0015763      -179.39454       53.812197  -0.00097921791      0.30089465      0.70000894      0.82334456     0.046591017      0.25295822      0.82457132       13.633616       146.87575       69.192996   2.1099391e-09        7.737442       11.852463       1020.0489       9.5006393       1405.9384      -6.1362437       -6.1362437                           -0                          -0       2527.7331                                 80.392616          9.5006393             1405.9384          11.852463                      25.483561                      396.45768                                587.82572                        10.281972
             19       1259.0077      -171.93673      -107.58481       1.0423196     0.022293428      0.12095066     0.054055956       3.0491107      0.96434441       11.836486     0.028192389       1.1465153       1.0019209      -171.93673       64.351918  -0.00093850975      0.30309194       0.6977703      0.82171491     0.046959772      0.25477533      0.82593854       13.659982       146.93123       68.900986   2.1096575e-09       7.6784821       10.852351       1017.4702       10.935813       1405.5097      -6.0335213       -6.0335213                           -0                          -0       2530.0825                                 85.314465          10.935813             1405.5097          10.852351                      24.915851                      396.31647                                586.12405                        10.113824
             11        1259.786      -161.31158         -135.79       1.0424539     0.022302138       0.1211387     0.055316613       3.0489735      0.96437285       11.835876     0.027548508       1.1472015       1.0009742      -161.31158       25.521585  -0.00088051283      0.29975834      0.70104684      0.82362793      0.04639798      0.25202028      0.82329613       13.622474       146.87231       69.330402   2.1093681e-09       7.8055267       12.858746       1021.5764       8.8602317       1406.1696      -6.2354308       -6.2354308                           -0                          -0       2532.0428                                 82.577757          8.8602317             1406.1696          12.858746                      25.983425                      396.64816                                588.68372                         10.26114
             16       1260.0516      -161.31158         -135.79       1.0424539     0.022302138       0.1211387     0.055316613       3.0489735      0.96437285       11.695096     0.019327024       1.1657019       1.0006429      -161.31158       25.521585  -0.00088051283      0.29975834      0.70104684      0.82362793      0.04639798      0.25202028      0.82329613       13.622474       146.87231       69.330402   2.1093681e-09       7.8055267       12.858746       1021.3918       8.8602317       1406.1696      -6.0470552       -6.0470552                           -0                          -0       2532.1973                                 82.916891          8.8602317             1406.1696          12.858746                      26.049464                      396.64332                                588.34668                        10.352348
              5       1260.6072      -161.31158         -135.79       1.0424539     0.022302138       0.1211387     0.055316613       3.0489735      0.96437285       11.658153     0.019806213        1.202031      0.99992627      -161.31158       25.521585  -0.00088051283      0.29975834      0.70104684      0.82362793      0.04639798      0.25202028      0.82329613       13.622474       146.87231       69.330402   2.1093681e-09       7.8055267       12.858746        1022.275       8.8602317       1406.1696      -6.4470253       -6.4470253                           -0                          -0       2534.1084                                 83.944778          8.8602317             1406.1696          12.858746                      26.193394                      396.64339                                588.86696                        10.571267
              2       1264.8022      -111.51912      -113.16797       1.0424182     0.022274781      0.12089979     0.054248359       3.0490212      0.96434384       11.673976     0.020869693       1.2167779      0.99992627      -111.51912      -1.6488476  -0.00060872266      0.30267483      0.69785768      0.82163332     0.046878571      0.25444064      0.82528808       13.658631       146.96526       68.931787   2.1094687e-09       7.7016449       10.945246       1026.5865        10.77967       1405.5783      -6.6353638       -6.6353638                           -0                          -0       2542.8751                                  88.98542           10.77967             1405.5783          10.945246                      25.261439                      396.32288                                594.40288                        10.599278
              2       1262.8234      -56.392274      -123.71259       1.0423921     0.022274483      0.12112997     0.054383794       3.0483593       0.9681976       11.687198     0.021108863       1.2304536       1.0004314      -56.392274      -67.320314  -0.00030781497      0.30331557      0.69691599      0.82352691     0.046902214      0.25505704      0.82806517       13.654481       146.90509        68.91395   2.1080729e-09       7.7198944       10.978447       1024.8241       10.869954       1405.4537      -6.6359332       -6.6359332                           -0                          -0       2538.9186                                 86.792394          10.869954             1405.4537          10.978447                      24.231662                      396.33307                                 593.5708                        10.688539
              3       1262.5059      -56.392274      -123.71259       1.0423921     0.022274483      0.12112997     0.054383794       3.0483593       0.9681976       11.497803     0.015962107       1.1851912       1.0009329      -56.392274      -67.320314  -0.00030781497      0.30331557      0.69691599      0.82352691     0.046902214      0.25505704      0.82806517       13.654481       146.90509        68.91395   2.1080729e-09       7.7198944       10.978447       1023.0148       10.869954       1405.4537      -5.5639455       -5.5639455                           -0                          -0       2536.1397                                 85.822763          10.869954             1405.4537          10.978447                      24.147086                      396.34154                                591.99182                        10.534338
             12       1261.9678      -56.392274      -123.71259       1.0423921     0.022274483      0.12112997     0.054383794       3.0483593       0.9681976       11.713977      0.02124882       1.2149635       1.0005696      -56.392274      -67.320314  -0.00030781497      0.30331557      0.69691599      0.82352691     0.046902214      0.25505704      0.82806517       13.654481       146.90509        68.91395   2.1080729e-09       7.7198944       10.978447       1024.2503       10.869954       1405.4537      -6.4896319       -6.4896319                           -0                          -0       2536.9149                                 85.362435          10.869954             1405.4537          10.978447                      24.208277                      396.34593                                593.05153                        10.644587
              7       1259.9645      -56.392274      -123.71259       1.0423921     0.022274483      0.12112997     0.054383794       3.0483593       0.9681976       11.770641     0.023964254       1.2399704       1.0005696      -56.392274      -67.320314  -0.00030781497      0.30331557      0.69691599      0.82352691     0.046902214      0.25505704      0.82806517       13.654481       146.90509        68.91395   2.1080729e-09       7.7198944       10.978447       1024.2503       10.869954       1405.4537      -6.6476068       -6.6476068                           -0                          -0       2533.2241                                 81.671672          10.869954             1405.4537          10.978447                      24.208277                      396.34593                                593.05153                        10.644587
