#        weight    minuslogpost          a_samp               s     theta_s_100         omega_b       omega_cdm        tau_reio            logA             n_s     shmr_log_Mc          shmr_N       shmr_beta        A_planck           a_exo           b_exo        Omega_x0         Omega_m    Omega_Lambda          sigma8         Omega_b       Omega_cdm              S8             age         rs_drag              H0             A_s          z_reio       chi2__BAO       chi2__CMB        chi2__H0        chi2__SN   minuslogprior minuslogprior__0 minuslogprior__h2_positivity minuslogprior__e2_pre_class            chi2 chi2__jwst_likelihood_uvlf.UVLFLikelihood chi2__H0.riess2020 chi2__sn.pantheonplus chi2__bao.desi_dr2 chi2__planck_2018_lowl.TT_clik chi2__planck_2018_lowl.EE_clik chi2__planck_2018_highl_plik.TTTEEE_lite chi2__planck_2018_lensing.native
              5       1392.2326      -235.66193       -85.95734       1.0407017     0.022551765      0.12103082     0.053099273       3.0490657      0.97415365       11.484873     0.033349532       1.3261873       1.0016033      -235.66193       149.70459   -0.0012863512      0.30919393      0.69201479      0.82180047     0.048346583      0.25946645      0.83429807       13.701173       146.62549       68.297904   2.1095626e-09       7.5226593       15.319371       1062.9635       14.219256       1404.5149      -7.5698431       -7.5698431                           -0                          -0       2799.6048                                  302.5879          14.219256             1404.5149          15.319371                      22.424026                      396.00522                                633.06853                        11.465676
              5       1352.4948      -235.66193       -85.95734       1.0407017     0.022551765      0.12103082     0.053099273       3.0490657      0.97415365        12.05271     0.053867854       1.5298344       1.0015735      -235.66193       149.70459   -0.0012863512      0.30919393      0.69201479      0.82180047     0.048346583      0.25946645      0.83429807       13.701173       146.62549       68.297904   2.1095626e-09       7.5226593       15.319371       1063.2129       14.219256       1404.5149       3.2279764        3.2279764                           -0                          -0       2698.5337                                 201.26731          14.219256             1404.5149          15.319371                      22.427912                      396.00522                                633.30056                        11.479252
              2       1342.4385      -198.05499      -159.02646       1.0406781     0.022549484      0.12092307     0.051491607       3.0493259      0.97501432        12.05378     0.052294371       1.5342566       1.0032569      -198.05499       39.028524   -0.0010810752      0.29866961      0.70233642      0.82505982     0.046731892       0.2506028      0.82322837       13.615324       146.65608       69.464294   2.1101115e-09       7.3556061       12.324098       1070.0792       8.2576916       1406.4152       3.0311067        3.0311067                           -0                          -0       2678.8148                                 181.73857          8.2576916             1406.4152          12.324098                      24.834852                      396.29936                                636.79044                        12.154597
              3       1307.3162      -198.05499      -159.02646       1.0406781     0.022549484      0.12092307     0.051491607       3.0493259      0.97501432       11.822571     0.055454056       1.5530102       1.0040964      -198.05499       39.028524   -0.0010810752      0.29866961      0.70233642      0.82505982     0.046731892       0.2506028      0.82322837       13.615324       146.65608       69.464294   2.1101115e-09       7.3556061       12.324098       1063.3125       8.2576916       1406.4152       2.8538096        2.8538096                           -0                          -0       2608.9247                                 118.61517          8.2576916             1406.4152          12.324098                      24.684492                      396.31279                                630.56723                        11.748016
              5       1305.6508      -196.64275      -155.84631       1.0406819     0.022552055      0.12090889     0.051610468       3.0493492      0.97501026       11.823327     0.055551141       1.5536176       1.0048814      -196.64275       40.796435   -0.0010733666      0.29906321        0.701935      0.82485001     0.046802582      0.25092385      0.82356116        13.61916       146.65698       69.415772   2.1101606e-09       7.3668365       11.961821       1058.3994          8.4736       1406.3295        3.488546         3.488546                           -0                          -0       2604.3246                                 119.16024             8.4736             1406.3295          11.961821                      24.341572                      396.25774                                626.48592                        11.314144
              3       1306.3588      -185.32461      -180.71966       1.0406449     0.022525285       0.1208523     0.052135477       3.0495225      0.97502387       11.823301     0.055001597       1.5547338       1.0047129      -185.32461       4.6049538    -0.001011587      0.29538782      0.70554949      0.82600082     0.046199246      0.24786746      0.81962679       13.590756       146.70129       69.826086   2.1105265e-09       7.4243927       16.501526       1059.4171        6.735676       1407.1657       2.9928596        2.9928596                           -0                          -0       2606.7318                                 116.91181           6.735676             1407.1657          16.501526                      25.901459                      396.48186                                625.58054                        11.453236
              6         1306.02      -192.80169      -170.42588       1.0406442     0.022531334      0.12080825      0.05207758       3.0495914      0.97488175       11.822577     0.055202822       1.5535391       1.0061774      -192.80169       22.375806   -0.0010524003      0.29658836      0.70438945      0.82532962     0.046411715      0.24884981      0.82062332       13.602837       146.70618       69.675429   2.1106719e-09       7.4173737       14.521129       1056.7585       7.3506515        1406.882       4.3881666        4.3881666                           -0                          -0       2603.2636                                 117.75136          7.3506515              1406.882          14.521129                       24.97848                      396.36403                                624.60452                        10.811494
              4        1302.487      -192.80169      -170.42588       1.0406442     0.022531334      0.12080825      0.05207758       3.0495914      0.97488175       11.783093     0.052319655       1.5282646       1.0061774      -192.80169       22.375806   -0.0010524003      0.29658836      0.70438945      0.82532962     0.046411715      0.24884981      0.82062332       13.602837       146.70618       69.675429   2.1106719e-09       7.4173737       14.521129       1056.7585       7.3506515        1406.882       2.3759061        2.3759061                           -0                          -0       2600.2223                                 114.70997          7.3506515              1406.882          14.521129                       24.97848                      396.36403                                624.60452                        10.811494
             12        1300.063      -143.07047       -170.5627       1.0406502     0.022466427      0.12051044     0.052387381       3.0496256      0.97506551       11.796152     0.052782583       1.5413002       1.0061198      -143.07047      -27.492234  -0.00078094443      0.29604421      0.70466209       0.8244214     0.046309769      0.24840669      0.81896796       13.613262       146.85588       69.651536   2.1107439e-09        7.458786       14.979274       1052.0742       7.4506476       1406.9973       2.6292076        2.6292076                           -0                          -0       2594.8676                                 113.36611          7.4506476             1406.9973          14.979274                      24.677306                       396.3914                                620.43702                         10.56849
             18       1295.5261      -143.07047       -170.5627       1.0406502     0.022466427      0.12051044     0.052387381       3.0496256      0.97506551       11.819325     0.045141021       1.5423254       1.0061198      -143.07047      -27.492234  -0.00078094443      0.29604421      0.70466209       0.8244214     0.046309769      0.24840669      0.81896796       13.613262       146.85588       69.651536   2.1107439e-09        7.458786       14.979274       1052.0742       7.4506476       1406.9973     -0.67339556      -0.67339556                           -0                          -0        2592.399                                  110.8975          7.4506476             1406.9973          14.979274                      24.677306                       396.3914                                620.43702                         10.56849
              2       1291.7728      -305.11718      -125.89979        1.040982     0.022544282      0.12106638     0.052447346       3.0485661      0.97641085       11.782108     0.044798264       1.5031436       1.0058163      -305.11718       179.21739   -0.0016654699      0.30188718      0.69970251      0.82494328     0.047179227      0.25335994       0.8275339       13.637372       146.62435       69.126218   2.1085089e-09       7.4566803       10.718351       1055.2867       9.8199409       1405.7667      -1.3786588       -1.3786588                           -0                          -0        2586.303                                 104.71138          9.8199409             1405.7667          10.718351                      22.730803                       396.1446                                625.89573                        10.515534
              1       1292.3247      -305.11718      -125.89979        1.040982     0.022544282      0.12106638     0.052447346       3.0485661      0.97641085       11.837774     0.031184455       1.5468481       1.0058163      -305.11718       179.21739   -0.0016654699      0.30188718      0.69970251      0.82494328     0.047179227      0.25335994       0.8275339       13.637372       146.62435       69.126218   2.1085089e-09       7.4566803       10.718351       1055.2867       9.8199409       1405.7667      -3.5058367       -3.5058367                           -0                          -0       2591.6611                                 110.06946          9.8199409             1405.7667          10.718351                      22.730803                       396.1446                                625.89573                        10.515534
              7       1284.7277      -305.11718      -125.89979        1.040982     0.022544282      0.12106638     0.052447346       3.0485661      0.97641085       11.924802     0.032614502       1.2067039       1.0058163      -305.11718       179.21739   -0.0016654699      0.30188718      0.69970251      0.82494328     0.047179227      0.25335994       0.8275339       13.637372       146.62435       69.126218   2.1085089e-09       7.4566803       10.718351       1055.2867       9.8199409       1405.7667      -2.7365541       -2.7365541                           -0                          -0       2574.9285                                 93.336841          9.8199409             1405.7667          10.718351                      22.730803                       396.1446                                625.89573                        10.515534
              4       1280.2865       -296.3522      -117.52393       1.0409968     0.022550928      0.12104474     0.052339081       3.0485597      0.97648447       11.928117     0.032917535       1.2096271       1.0042554       -296.3522       178.82827   -0.0016176266      0.30302152      0.69852003      0.82443721     0.047375386      0.25429293      0.82857857       13.647513        146.6227       68.993126   2.1084955e-09        7.444046       10.640724       1052.6698       10.472063       1405.5474      -3.9334491       -3.9334491                           -0                          -0         2568.44                                 89.109998          10.472063             1405.5474          10.640724                      22.646993                      396.14342                                622.97405                        10.905318
             85        1278.308       -296.3522      -117.52393       1.0409968     0.022550928      0.12104474     0.052339081       3.0485597      0.97648447       11.921166     0.033162657       1.2206836       1.0052554       -296.3522       178.82827   -0.0016176266      0.30302152      0.69852003      0.82443721     0.047375386      0.25429293      0.82857857       13.647513        146.6227       68.993126   2.1084955e-09        7.444046       10.640724       1052.9399       10.472063       1405.5474      -3.2490199       -3.2490199                           -0                          -0       2563.1141                                 83.514063          10.472063             1405.5474          10.640724                      22.511133                      396.14709                                623.67984                        10.601806
             20       1275.1433       -296.3522      -117.52393       1.0409968     0.022550928      0.12104474     0.052339081       3.0485597      0.97648447       11.777921     0.024509005       1.2271275       1.0042389       -296.3522       178.82827   -0.0016176266      0.30302152      0.69852003      0.82443721     0.047375386      0.25429293      0.82857857       13.647513        146.6227       68.993126   2.1084955e-09        7.444046       10.640724       1052.6934       10.472063       1405.5474      -5.1078441       -5.1078441                           -0                          -0       2560.5022                                 81.148573          10.472063             1405.5474          10.640724                      22.649247                      396.14342                                622.98998                         10.91078
              3       1277.3416      -291.43688      -121.90028       1.0409854      0.02256544      0.12105157     0.051823132       3.0485385      0.97632699       11.778685     0.024439745       1.2280909       1.0042389      -291.43688        169.5366   -0.0015907966      0.30243954      0.69907534       0.8245146     0.047307828       0.2537813      0.82786021       13.641442       146.60494       69.064584   2.1084507e-09       7.3885956       10.626695       1054.1795        10.11933       1405.6571       -5.073636        -5.073636                           -0                          -0       2564.8305                                 84.247857           10.11933             1405.6571          10.626695                      22.893279                       396.1252                                624.06659                        11.094423
              3       1277.7473      -259.41467      -165.14641       1.0408504     0.022532881      0.12091507     0.052219155       3.0484356       0.9753739       11.781886     0.023600077       1.2332696       1.0045991      -259.41467       94.268252   -0.0014160046      0.29631879      0.70502275       0.8256629     0.046337838      0.24865631      0.82058153         13.5958       146.67648       69.733342   2.1082338e-09       7.4321136       15.108097       1052.7966       7.1110753       1406.9568      -4.7401755       -4.7401755                           -0                          -0        2564.975                                 83.002426          7.1110753             1406.9568          15.108097                       25.03766                      396.40449                                620.29329                        11.061156
              1       1274.4363      -196.74595       -172.0093       1.0410795     0.022400815      0.12084207     0.053429828       3.0495139      0.97519131       11.797536     0.024007057       1.2491979       1.0035625      -196.74595       24.736646   -0.0010739299      0.29590722      0.70509224       0.8265676      0.04606783       0.2485147      0.82090996       13.600989       146.84114       69.732146   2.1105082e-09       7.5830231       16.500808       1043.9577       7.1159847       1407.0418      -5.4988378       -5.4988378                           -0                          -0       2559.8703                                 85.253999          7.1159847             1407.0418          16.500808                      25.211138                      396.49168                                610.93394                        11.320957
              3        1272.121      -196.74595       -172.0093       1.0410795     0.022400815      0.12084207     0.053429828       3.0495139      0.97519131       11.796118     0.026569141       1.2316535       1.0040496      -196.74595       24.736646   -0.0010739299      0.29590722      0.70509224       0.8265676      0.04606783       0.2485147      0.82090996       13.600989       146.84114       69.732146   2.1105082e-09       7.5830231       16.500808       1042.7248       7.1159847       1407.0418      -5.4517796       -5.4517796                           -0                          -0       2555.1455                                 81.762073          7.1159847             1407.0418          16.500808                      25.119997                      396.50374                                609.95712                        11.143925
              2        1270.226       -162.3447      -167.23829       1.0411304     0.022410034      0.12080678     0.054415754       3.0490424       0.9742095       11.805739     0.027017638       1.2410332        1.003988       -162.3447      -4.8935934  -0.00088615203      0.29673982      0.70407164       0.8255239      0.04622484      0.24918633      0.82102604       13.608762       146.84033        69.62794   2.1095134e-09       7.6812897       15.091308        1039.036        7.550066       1406.8394      -5.4619495       -5.4619495                           -0                          -0       2551.3759                                 82.859155           7.550066             1406.8394          15.091308                      24.656447                      396.55371                                607.26189                        10.563908
              3       1265.4917      -273.81775      -108.97836       1.0411643     0.022333904      0.12032394      0.05267922       3.0481593      0.97352166       11.783461     0.027507768       1.2161309       1.0044301      -273.81775       164.83939   -0.0014946232      0.30139511      0.70002335      0.82145953     0.046973037      0.25306731      0.82336736       13.673946       147.05137       68.953767   2.1076513e-09       7.5156403       10.706548       1030.4811        10.66893       1405.8513      -5.3240613       -5.3240613                           -0                          -0       2541.6316                                 83.923636           10.66893             1405.8513          10.706548                      22.894641                      396.10506                                601.36801                        10.113393
             22       1265.5946      -290.02388      -101.23044       1.0411413     0.022321985      0.12045752     0.053378103       3.0481003      0.97344607       11.780135     0.027559991       1.2124568       1.0044301      -290.02388       188.79344   -0.0015830837       0.3031583      0.69834824      0.82160106     0.047182563      0.25461421       0.8259145        13.68459       147.02939       68.782133   2.1075271e-09       7.5914459       10.659828       1030.5681       11.548844       1405.5159      -5.3408748       -5.3408748                           -0                          -0        2541.871                                  83.57823          11.548844             1405.5159          10.659828                      22.589366                      396.15057                                601.80788                        10.020323
              4       1265.7305      -290.03967      -101.27474       1.0411407     0.022321981      0.12045687     0.053372355       3.0480992      0.97344813       11.780125     0.027558675       1.2124494       1.0045616      -290.03967       188.76492   -0.0015831699      0.30314997      0.69835666      0.82160076     0.047181475        0.254607      0.82590285       13.684547       147.02957       68.782921   2.1075246e-09        7.590744       10.658833       1030.6573       11.544728       1405.5175      -5.2462743       -5.2462743                           -0                          -0       2541.9535                                 83.575223          11.544728             1405.5175          10.658833                      22.573254                      396.14605                                601.94185                        9.9961092
              1       1264.5365      -273.77003      -101.86226       1.0413496     0.022341901      0.12056745     0.052044484       3.0485807      0.97279663       11.784332     0.027695813       1.2166736       1.0045616      -273.77003       171.90777   -0.0014943627      0.30312116      0.69829674      0.82202905     0.047176167      0.25458486      0.82629412        13.67774       146.97829       68.817476   2.1085397e-09       7.4531708       10.664263       1027.7438       11.364803       1405.5202      -5.2344104       -5.2344104                           -0                          -0       2539.5418                                 84.248771          11.364803             1405.5202          10.664263                      22.904217                      396.05144                                 598.4485                         10.33967
              1       1263.7621      -273.77003      -101.86226       1.0413496     0.022341901      0.12056745     0.052044484       3.0485807      0.97279663       11.759608     0.026783577       1.2093786       1.0045616      -273.77003       171.90777   -0.0014943627      0.30312116      0.69829674      0.82202905     0.047176167      0.25458486      0.82629412        13.67774       146.97829       68.817476   2.1085397e-09       7.4531708       10.664263       1027.7438       11.364803       1405.5202      -5.3346149       -5.3346149                           -0                          -0       2538.1934                                 82.900363          11.364803             1405.5202          10.664263                      22.904217                      396.05144                                 598.4485                         10.33967
              2       1263.5317      -273.77003      -101.86226       1.0413496     0.022341901      0.12056745     0.052044484       3.0485807      0.97279663       11.769355     0.026759102       1.2006492       1.0050593      -273.77003       171.90777   -0.0014943627      0.30312116      0.69829674      0.82202905     0.047176167      0.25458486      0.82629412        13.67774       146.97829       68.817476   2.1085397e-09       7.4531708       10.664263       1026.5211       11.364803       1405.5202      -4.8666393       -4.8666393                           -0                          -0       2536.7967                                 82.726314          11.364803             1405.5202          10.664263                      22.833631                      396.06536                                 597.4112                        10.210942
              2       1264.7154      -270.05676      -96.451888       1.0413206     0.022275982      0.12093858     0.050992405       3.0480079      0.97090962       11.770984     0.026936567       1.2020263       1.0047382      -270.05676       173.60487    -0.001474094      0.30651448      0.69488245      0.82237981     0.047462623      0.25767942      0.83126083       13.695362       146.95345       68.508201   2.1073322e-09       7.3647308       11.704248        1026.786       13.025433       1404.9308      -5.1025744       -5.1025744                           -0                          -0       2539.6359                                 83.189467          13.025433             1404.9308          11.704248                      23.118325                       396.0288                                596.92466                        10.714233
              2       1263.4769      -270.55548      -97.835607       1.0413518     0.022264467      0.12090142     0.051527275       3.0479512      0.97093194       11.770686     0.026895411       1.2017924       1.0050937      -270.55548       172.71988   -0.0014768163      0.30607869      0.69532105      0.82238371     0.047386676      0.25732107      0.83067362       13.693688         146.976       68.545356   2.1072128e-09       7.4215851       11.454033       1024.1807       12.819949       1405.0023      -4.8150213       -4.8150213                           -0                          -0       2536.5839                                 83.126954          12.819949             1405.0023          11.454033                      23.024334                      396.04535                                594.69334                        10.417718
             19        1264.536       -273.9002      -113.65669       1.0413367     0.022267692      0.12089741     0.051365221       3.0479693      0.97105683       11.767897     0.026446952       1.1997365       1.0064696       -273.9002       160.24351   -0.0014950733      0.30379098       0.6976276      0.82313408     0.047039565      0.25539071      0.82831856       13.674213       146.97347       68.802775   2.1072509e-09       7.4040375       10.783812       1026.1731       11.441175       1405.4016      -3.5263354       -3.5263354                           -0                          -0       2536.1247                                 82.325078          11.441175             1405.4016          10.783812                      23.308625                      396.10313                                596.53661                        10.224708
             25       1267.9833       -273.9002      -113.65669       1.0413367     0.022267692      0.12089741     0.051365221       3.0479693      0.97105683       11.592521      0.02203671       1.2459034       1.0068479       -273.9002       160.24351   -0.0014950733      0.30379098       0.6976276      0.82313408     0.047039565      0.25539071      0.82831856       13.674213       146.97347       68.802775   2.1072509e-09       7.4040375       10.783812       1027.5156       11.441175       1405.4016       -3.430509        -3.430509                           -0                          -0       2542.8276                                 87.685457          11.441175             1405.4016          10.783812                      23.251688                      396.09414                                598.02409                        10.145701
             46       1267.6915       -273.9002      -113.65669       1.0413367     0.022267692      0.12089741     0.051365221       3.0479693      0.97105683       11.568463     0.024425577       1.2701267       1.0066916       -273.9002       160.24351   -0.0014950733      0.30379098       0.6976276      0.82313408     0.047039565      0.25539071      0.82831856       13.674213       146.97347       68.802775   2.1072509e-09       7.4040375       10.783812       1026.9086       11.441175       1405.4016       -4.046932        -4.046932                           -0                          -0       2543.4768                                 88.941635          11.441175             1405.4016          10.783812                      23.275155                      396.10313                                597.35299                        10.177359
              7       1268.9189       -273.9002      -113.65669       1.0413367     0.022267692      0.12089741     0.051365221       3.0479693      0.97105683       11.805994     0.032739561       1.1860271       1.0067773       -273.9002       160.24351   -0.0014950733      0.30379098       0.6976276      0.82313408     0.047039565      0.25539071      0.82831856       13.674213       146.97347       68.802775   2.1072509e-09       7.4040375       10.783812       1027.2364       11.441175       1405.4016      -2.9109701       -2.9109701                           -0                          -0       2543.6597                                 88.796773          11.441175             1405.4016          10.783812                      23.262275                      396.10313                                597.71118                        10.159826
             19       1267.8397      -324.85857      -84.126586       1.0414927     0.022321765      0.12085866     0.050750093       3.0488339      0.97124638       11.796159     0.033039999       1.1748592       1.0067773      -324.85857       240.73198   -0.0017732275      0.30618523      0.69551091         0.82227     0.047520357      0.25729358       0.8307033       13.693034        146.9238       68.536893   2.1090737e-09       7.3289337        11.65344       1022.6576       12.866607       1404.9895      -2.9561328       -2.9561328                           -0                          -0       2541.5917                                 89.424584          12.866607             1404.9895           11.65344                       22.72167                      395.97755                                593.78256                        10.175823
             22       1263.7153      -324.85857      -84.126586       1.0414927     0.022321765      0.12085866     0.050750093       3.0488339      0.97124638        11.98129     0.026699047       1.2145164       1.0062434      -324.85857       240.73198   -0.0017732275      0.30618523      0.69551091         0.82227     0.047520357      0.25729358       0.8307033       13.693034        146.9238       68.536893   2.1090737e-09       7.3289337        11.65344       1022.5872       12.866607       1404.9895      -1.8296982       -1.8296982                           -0                          -0         2531.09                                 78.993206          12.866607             1404.9895           11.65344                      22.795431                      395.96475                                593.51865                        10.308413
              1       1264.2266      -324.85857      -84.126586       1.0414927     0.022321765      0.12085866     0.050750093       3.0488339      0.97124638       11.779735     0.024419908       1.1567836       1.0060015      -324.85857       240.73198   -0.0017732275      0.30618523      0.69551091         0.82227     0.047520357      0.25729358       0.8307033       13.693034        146.9238       68.536893   2.1090737e-09       7.3289337        11.65344       1022.8861       12.866607       1404.9895      -3.6202849       -3.6202849                           -0                          -0       2535.6938                                 83.298218          12.866607             1404.9895           11.65344                      22.829164                      395.97534                                593.70772                        10.373848
              6       1264.9438      -280.67463      -146.51121       1.0413164     0.022305435      0.12076206     0.051458652        3.048363      0.97082804       11.783824     0.023189794        1.163727       1.0040527      -280.67463       134.16342   -0.0015320512      0.29793595      0.70352103      0.82421371     0.046242542      0.25035802      0.82137345       13.627042       146.96733        69.45196   2.1080807e-09       7.4019318       13.911981       1030.1985       8.3123116       1406.5877      -5.0024712       -5.0024712                           -0                          -0       2539.8926                                 80.882112          8.3123116             1406.5877          13.911981                      25.433827                      396.27543                                597.40052                        11.088766
             32       1264.6354      -280.67463      -146.51121       1.0413164     0.022305435      0.12076206     0.051458652        3.048363      0.97082804       11.855606     0.024057147       1.1096272       1.0041613      -280.67463       134.16342   -0.0015320512      0.29793595      0.70352103      0.82421371     0.046242542      0.25035802      0.82137345       13.627042       146.96733        69.45196   2.1080807e-09       7.4019318       13.911981       1029.5959       8.3123116       1406.5877      -4.3113872       -4.3113872                           -0                          -0       2537.8936                                 79.485765          8.3123116             1406.5877          13.911981                      25.413218                      396.27543                                 596.8594                        11.047807
             11       1262.8477       -294.6735      -101.41947       1.0413103     0.022259527      0.12056157      0.05360674       3.0483194      0.97042553       11.857368     0.025114548       1.1093139       1.0041613       -294.6735       193.25403   -0.0016084635      0.30350128      0.69803058      0.82152038      0.04709012      0.25504848      0.82630042       13.686128       147.07116       68.753225   2.1079887e-09       7.6307526       10.714797       1022.3168       11.700478       1405.4539       -4.399929        -4.399929                           -0                          -0       2534.4954                                 84.309406          11.700478             1405.4539          10.714797                      23.216828                      396.15735                                592.95141                        9.9911756
             16        1261.691      -302.26069      -124.09881         1.04133     0.022257307      0.12048832     0.053289625       3.0484437      0.97045989       11.852636      0.02444549       1.1056342       1.0040083      -302.26069       178.16188   -0.0016498779       0.2996753       0.7018989      0.82246415     0.046516329      0.25181277      0.82201894       13.656131       147.09291       69.172519   2.1082507e-09       7.5963593       11.897917       1022.6075       9.5979879       1406.2103      -4.4493094       -4.4493094                           -0                          -0       2532.2807                                 81.966984          9.5979879             1406.2103          11.897917                      24.172695                      396.26744                                591.95526                          10.2121
              1       1262.1762      -306.21492      -103.27128       1.0413404     0.022245581      0.12050032     0.053345106       3.0483431      0.97033463       11.854109     0.024957459       1.1061484       1.0043657      -306.21492       202.94363   -0.0016714619      0.30272681       0.6988682      0.82152785     0.046965142      0.25440176      0.82525298        13.68271       147.10273       68.823072   2.1080386e-09        7.605484       10.694985       1021.5637         11.3358       1405.5996      -4.2509057       -4.2509057                           -0                          -0       2532.8542                                 83.660114            11.3358             1405.5996          10.694985                      23.349815                      396.18654                                592.03718                        9.9901498
              1       1262.0282      -307.78002      -103.84818       1.0413374     0.022245246      0.12049839     0.053355468       3.0483438      0.97034537       11.853628     0.024927568       1.1056949       1.0034158      -307.78002       203.93184    -0.001680005      0.30262363      0.69897995      0.82155792     0.046949171      0.25431499      0.82514253       13.681942       147.10362        68.83426   2.1080401e-09       7.6068878       10.702093       1022.6267       11.277921       1405.6195      -4.8411892       -4.8411892                           -0                          -0       2533.7388                                 83.512601          11.277921             1405.6195          10.702093                      23.514632                      396.18436                                592.71627                        10.211465
             28        1261.557      -307.78002      -103.84818       1.0413374     0.022245246      0.12049839     0.053355468       3.0483438      0.97034537        11.82864     0.023675388       1.1024934       1.0033886      -307.78002       203.93184    -0.001680005      0.30262363      0.69897995      0.82155792     0.046949171      0.25431499      0.82514253       13.681942       147.10362        68.83426   2.1080401e-09       7.6068878       10.702093       1022.7014       11.277921       1405.6195      -4.8974745       -4.8974745                           -0                          -0        2532.909                                 82.608074          11.277921             1405.6195          10.702093                      23.518875                      396.18436                                592.77959                         10.21858
             12       1262.4574      -318.50137      -106.26815       1.0413308     0.022236204      0.12042672     0.052704157       3.0486975      0.97105316       11.825529     0.023511013       1.0995007       1.0041691      -318.50137       212.23322    -0.001738527      0.30180529      0.69985697      0.82188821     0.046829542       0.2536192      0.82435741       13.678415        147.1325       68.908115   2.1087859e-09       7.5409088       10.812774       1024.6103       10.899572       1405.7786      -4.4089896       -4.4089896                           -0                          -0       2533.7328                                 81.631643          10.899572             1405.7786          10.812774                      23.496355                      396.13557                                594.69659                        10.281774
              4       1262.1776      -316.24161      -110.25062       1.0413258     0.022234671      0.12038804     0.052930855       3.0487931      0.97115416       11.825642     0.023427225       1.0997968       1.0050164      -316.24161       205.99099   -0.0017261922      0.30107729       0.7005728      0.82200648     0.046726475      0.25299716      0.82348105        13.67378       147.14443       68.981692   2.1089875e-09       7.5633698       11.026664       1022.9669       10.529065       1405.9225      -3.7729459       -3.7729459                           -0                          -0       2531.9012                                 81.456041          10.529065             1405.9225          11.026664                      23.454531                      396.19846                                593.26934                        10.044577
             21       1262.7761      -335.43713      -110.02914       1.0414375     0.022209044      0.12090896     0.053313851       3.0494552      0.97197363       11.820622     0.023252988       1.0947779       1.0042569      -335.43713       225.40798   -0.0018309701       0.3035495      0.69820501       0.8245535     0.046893736      0.25529569      0.82941707       13.675001       147.03552       68.818866   2.1103844e-09       7.6160126       10.821576       1026.3287       11.357596       1405.4547      -4.3079467       -4.3079467                           -0                          -0       2534.1681                                 80.205438          11.357596             1405.4547          10.821576                      23.294551                       396.2223                                596.10644                        10.705458
              1       1265.5189      -335.43713      -110.02914       1.0414375     0.022209044      0.12090896     0.053313851       3.0494552      0.97197363        11.79632     0.022791259        1.085313       1.0044341      -335.43713       225.40798   -0.0018309701       0.3035495      0.69820501       0.8245535     0.046893736      0.25529569      0.82941707       13.675001       147.03552       68.818866   2.1103844e-09       7.6160126       10.821576       1026.1773       11.357596       1405.4547       -4.262748        -4.262748                           -0                          -0       2539.5633                                 85.752126          11.357596             1405.4547          10.821576                      23.267703                      396.21336                                596.04299                        10.653268
              1       1263.7722      -327.02868      -130.42971       1.0414672     0.022202635      0.12086829     0.053496866       3.0495321      0.97198958       11.796069     0.022332332       1.0859991       1.0044341      -327.02868       196.59896    -0.001785073      0.30041526      0.70129412      0.82543885     0.046411351      0.25265744      0.82600994       13.649779       147.05335       69.165601   2.1105467e-09        7.634964       12.100369        1026.463       9.6309924       1406.0646      -4.1830053       -4.1830053                           -0                          -0       2535.9103                                 81.651329          9.6309924             1406.0646          12.100369                      24.043295                      396.35742                                595.33723                        10.725066
              3       1264.0163      -327.02868      -130.42971       1.0414672     0.022202635      0.12086829     0.053496866       3.0495321      0.97198958       11.775853     0.022022401       1.0971676       1.0046433      -327.02868       196.59896    -0.001785073      0.30041526      0.70129412      0.82543885     0.046411351      0.25265744      0.82600994       13.649779       147.05335       69.165601   2.1105467e-09        7.634964       12.100369       1026.4766       9.6309924       1406.0646      -4.1631376       -4.1631376                           -0                          -0        2536.359                                 82.086381          9.6309924             1406.0646          12.100369                      24.008453                      396.34452                                 595.4583                        10.665302
              4        1263.742      -327.02868      -130.42971       1.0414672     0.022202635      0.12086829     0.053496866       3.0495321      0.97198958       11.834134     0.021773806       1.0510342       1.0044031      -327.02868       196.59896    -0.001785073      0.30041526      0.70129412      0.82543885     0.046411351      0.25265744      0.82600994       13.649779       147.05335       69.165601   2.1105467e-09        7.634964       12.100369       1026.4601       9.6309924       1406.0646      -3.6583771       -3.6583771                           -0                          -0       2534.8007                                 80.544623          9.6309924             1406.0646          12.100369                      24.048468                      396.34591                                595.33157                        10.734133
              1       1264.2589      -327.02868      -130.42971       1.0414672     0.022202635      0.12086829     0.053496866       3.0495321      0.97198958       11.796242     0.019881505       1.0446546       1.0035955      -327.02868       196.59896    -0.001785073      0.30041526      0.70129412      0.82543885     0.046411351      0.25265744      0.82600994       13.649779       147.05335       69.165601   2.1105467e-09        7.634964       12.100369       1027.8236       9.6309924       1406.0646      -4.0478697       -4.0478697                           -0                          -0       2536.6136                                 80.993954          9.6309924             1406.0646          12.100369                      24.184364                      396.34486                                596.30448                        10.989926
             12       1262.8161      -308.43309      -117.60791       1.0413537     0.022218221      0.12029914     0.054109505       3.0481625      0.97272877       11.802679     0.020393966       1.0504878       1.0038104      -308.43309       190.82519   -0.0016835697      0.29964697      0.70196081      0.82235431     0.046504279      0.25179447       0.8218703       13.665721       147.18626       69.120708   2.1076581e-09       7.6855011       11.780821       1025.7926       9.8465225       1406.2152      -4.0302984       -4.0302984                           -0                          -0       2533.6928                                 80.057734          9.8465225             1406.2152          11.780821                      23.316373                      396.31336                                 596.1212                        10.041648
             43       1262.6673      -301.72244      -107.93065       1.0413413     0.022220283      0.12028916     0.054224038       3.0481111       0.9728559       11.805611     0.020712035        1.052969       1.0034395      -301.72244       193.79179   -0.0016469399      0.30110628      0.70046449      0.82183285     0.046737683      0.25301373      0.82334675       13.678692       147.18662       68.951101   2.1075496e-09       7.6974335       10.965246       1026.0233       10.682333       1405.9132      -4.3048981       -4.3048981                           -0                          -0       2533.9443                                 80.360228          10.682333             1405.9132          10.965246                      22.974738                       396.2498                                596.77289                        10.025827
              1       1263.1179      -286.55441      -104.23807        1.041336     0.022216272      0.12021941     0.053749667       3.0483426      0.97265905       11.810045     0.020951674        1.057223       1.0036408      -286.55441       182.31634   -0.0015641458       0.3015005      0.69998734      0.82139809     0.046814548      0.25332862      0.82344971       13.685082       147.20946       68.888254   2.1080377e-09       7.6490021       10.796931       1026.1887       11.000683       1405.8314      -4.2217805       -4.2217805                           -0                          -0       2534.6793                                 80.861633          11.000683             1405.8314          10.796931                      22.937691                       396.1899                                597.02436                        10.036703
              4       1263.5312      -286.55441      -104.23807        1.041336     0.022216272      0.12021941     0.053749667       3.0483426      0.97265905       11.681417     0.020174266       1.1954066       1.0036408      -286.55441       182.31634   -0.0015641458       0.3015005      0.69998734      0.82139809     0.046814548      0.25332862      0.82344971       13.685082       147.20946       68.888254   2.1080377e-09       7.6490021       10.796931       1026.1887       11.000683       1405.8314      -5.3010958       -5.3010958                           -0                          -0       2537.6646                                 83.846938          11.000683             1405.8314          10.796931                      22.937691                       396.1899                                597.02436                        10.036703
              4       1266.4594      -264.33835       -152.4082       1.0412757     0.022198125      0.12029974     0.054619156       3.0480063      0.97152449       11.681445     0.019112797       1.1976461        1.004394      -264.33835       111.93014   -0.0014428803      0.29551271      0.70585542      0.82335712     0.045827414      0.24835549      0.81717618       13.630481       147.20845       69.597793   2.1073289e-09       7.7395477       16.963587       1028.1562       7.6780454       1407.1424      -4.5503526       -4.5503526                           -0                          -0       2542.0195                                 82.079358          7.6780454             1407.1424          16.963587                      24.899026                      396.59477                                596.68462                        9.9777462
              1       1264.4727      -268.56649      -141.94121       1.0412791     0.022195147       0.1203001       0.0546002       3.0479663      0.97149929       11.681596     0.019349068       1.1973166       1.0039093      -268.56649       126.62528   -0.0014659595      0.29703409      0.70435672       0.8228582     0.046058012      0.24963941      0.81878056       13.644064       147.21166       69.418691   2.1072446e-09       7.7388458       14.633367        1026.351       8.4605292       1406.7855      -4.9260953       -4.9260953                           -0                          -0       2538.7977                                 82.567288          8.4605292             1406.7855          14.633367                       24.40806                      396.49735                                595.44996                        9.9956573
             17       1262.5034      -284.33004      -120.19545       1.0412467     0.022216323      0.12038072     0.054956561       3.0479661      0.97144661       11.680076     0.019774458       1.1948014       1.0022782      -284.33004       164.13459   -0.0015520042      0.30042423      0.70105182      0.82203202     0.046594994      0.25247827      0.82261304       13.669485       147.16689       69.050442   2.1072441e-09       7.7725372       11.399335       1025.7957       10.188656       1406.0511      -5.8590071       -5.8590071                           -0                          -0       2536.7248                                 83.289983          10.188656             1406.0511          11.399335                      23.674674                       396.4517                                 595.5077                        10.161591
             12       1263.2885      -291.49972      -136.00881       1.0412361     0.022216985      0.12036542       0.0548391       3.0479021      0.97162647       11.676282     0.019290321       1.1917426       1.0023659      -291.49972       155.49091   -0.0015911396      0.29794478      0.70357104      0.82279103     0.046216538      0.25038828      0.81996781       13.648537       147.17018       69.333617   2.1071092e-09        7.759201       13.498707        1026.937       8.8455131       1406.5841      -5.7203769       -5.7203769                           -0                          -0       2538.0178                                 82.152542          8.8455131             1406.5841          13.498707                       24.36877                      396.51206                                595.78961                        10.266519
              7       1263.0017      -270.92729      -131.30116       1.0413278     0.022227704      0.12035039     0.054680205       3.0480776      0.97132673        11.68226     0.019607418       1.1974899       1.0019414      -270.92729       139.62614   -0.0014788458      0.29849757       0.7029058      0.82243194     0.046326018      0.25082907      0.82036995       13.652874       147.16225       69.268345   2.1074792e-09       7.7416534       12.840591       1026.2301       9.1466908       1406.4572      -5.9399934       -5.9399934                           -0                          -0       2537.8834                                 83.208852          9.1466908             1406.4572          12.840591                      24.265722                      396.46061                                595.16924                         10.33454
              1       1262.1313      -279.57124      -101.25272       1.0413213     0.022231356      0.12028542     0.054896009       3.0481955      0.97122749       11.683613     0.020318477       1.1974608       1.0029846      -279.57124       178.31852   -0.0015260284      0.30234101      0.69910854      0.82085289     0.046950319      0.25403034      0.82404937       13.688816       147.17538       68.811923   2.1077276e-09       7.7634125       10.664693        1022.655       11.393619       1405.6671      -5.6896987       -5.6896987                           -0                          -0       2535.6421                                 85.261629          11.393619             1405.6671          10.664693                      23.035557                      396.32314                                593.44917                        9.8471748
             18       1261.3619      -279.57124      -101.25272       1.0413213     0.022231356      0.12028542     0.054896009       3.0481955      0.97122749       11.674796      0.02044564        1.196058       1.0027537      -279.57124       178.31852   -0.0015260284      0.30234101      0.69910854      0.82085289     0.046950319      0.25403034      0.82404937       13.688816       147.17538       68.811923   2.1077276e-09       7.7634125       10.664693       1022.7394       11.393619       1405.6671      -5.8600947       -5.8600947                           -0                          -0       2534.4441                                 83.979266          11.393619             1405.6671          10.664693                       23.06942                      396.32949                                593.45138                        9.8891316
              4       1261.9404      -273.87619      -98.148083       1.0413237     0.022227429      0.12029697      0.05490194       3.0482293      0.97125698       11.676668     0.020580911       1.1977832       1.0021423      -273.87619       175.72811   -0.0014949422       0.3029395      0.69847882      0.82076259     0.047032446      0.25454409      0.82477384       13.693669       147.17668       68.745747   2.1077988e-09       7.7655182       10.656948       1023.8388       11.739866       1405.5527      -6.1211935       -6.1211935                           -0                          -0       2536.1232                                 84.334907          11.739866             1405.5527          10.656948                      23.050785                      396.32129                                594.45797                        10.008752
              8        1261.294      -273.87619      -98.148083       1.0413237     0.022227429      0.12029697      0.05490194       3.0482293      0.97125698       11.804458     0.029302963       1.2349161       1.0021423      -273.87619       175.72811   -0.0014949422       0.3029395      0.69847882      0.82076259     0.047032446      0.25454409      0.82477384       13.693669       147.17668       68.745747   2.1077988e-09       7.7655182       10.656948       1023.8388       11.739866       1405.5527      -6.4083188       -6.4083188                           -0                          -0       2535.4047                                 83.616442          11.739866             1405.5527          10.656948                      23.050785                      396.32129                                594.45797                        10.008752
              3        1264.007      -268.51323      -147.72652       1.0413397     0.022227796       0.1202704     0.055422059       3.0482133      0.97146072       11.799885     0.028046267       1.2326297       1.0016567      -268.51323        120.7867   -0.0014656687      0.29560482      0.70578606      0.82306053     0.045902871      0.24837174      0.81700913       13.630637       147.18335       69.587027   2.1077652e-09       7.8139496       16.505731       1025.8982         7.72401       1407.1196      -6.5563551       -6.5563551                           -0                          -0       2541.1268                                 83.879248            7.72401             1407.1196          16.505731                      25.051801                      396.69592                                593.85272                         10.29777
             22       1262.0973       -275.6816       -117.8775       1.0413621     0.022225535      0.12024678     0.056012106       3.0482555      0.97128296       11.801602     0.028765911       1.2329728       1.0016567       -275.6816        157.8041    -0.001504797      0.29971361      0.70171535      0.82157929     0.046544583      0.25182008      0.82118704       13.667742       147.19215       69.102147   2.1078541e-09       7.8750153       11.655399       1022.9186       9.9363293        1406.195      -6.5640389       -6.5640389                           -0                          -0       2537.3227                                 86.617463          9.9363293              1406.195          11.655399                      23.600857                      396.57079                                592.78606                        9.9608451
              4       1263.9445       -280.0073      -140.55555       1.0413493     0.022208398      0.12024807     0.055145085       3.0483784       0.9708738       11.797728     0.028127484       1.2301487       1.0037452       -280.0073       139.45175   -0.0015284086      0.29647667      0.70497672      0.82266381      0.04601149      0.24913065      0.81781868       13.640366       147.21075       69.474506   2.1081132e-09       7.7900848       15.200723       1024.5972       8.2126081       1406.9151      -5.6499857       -5.6499857                           -0                          -0       2539.1889                                 84.263275          8.2126081             1406.9151          15.200723                      24.547396                      396.57253                                593.58559                         9.891641
              2       1262.5375      -299.60396      -118.87098       1.0413873     0.022208579      0.12018374     0.056313958        3.048308      0.97091236       11.795192     0.028515302       1.2266234       1.0027461      -299.60396       180.73298   -0.0016353762      0.29890237      0.70265733      0.82153584     0.046409127       0.2511472      0.82003156       13.664271       147.22766       69.176516   2.1079648e-09       7.9080048       12.236159        1023.819       9.5789485       1406.3713      -6.1941016       -6.1941016                           -0                          -0       2537.4632                                 85.457804          9.5789485             1406.3713          12.236159                      23.602163                      396.68294                                593.81091                        9.7229453
              1       1261.3849      -299.60396      -118.87098       1.0413873     0.022208579      0.12018374     0.056313958        3.048308      0.97091236       11.711562     0.028760673       1.2546744       1.0023595      -299.60396       180.73298   -0.0016353762      0.29890237      0.70265733      0.82153584     0.046409127       0.2511472      0.82003156       13.664271       147.22766       69.176516   2.1079648e-09       7.9080048       12.236159        1022.771       9.5789485       1406.3713      -6.9332781       -6.9332781                           -0                          -0       2536.6363                                 85.678851          9.5789485             1406.3713          12.236159                      23.663861                       396.7038                                 592.6317                         9.771663
             23       1260.7149        -294.948      -121.57352       1.0414079     0.022220686       0.1202367     0.056399381       3.0483807      0.97083169        11.71246     0.028733106       1.2556945        1.001676        -294.948       173.37448   -0.0016099618      0.29873039      0.70280398      0.82179023     0.046386609      0.25099912      0.82004947       13.659817       147.20023       69.212162   2.1081181e-09       7.9143219        12.43179       1021.7989       9.4099706       1406.4083      -7.1619684       -7.1619684                           -0                          -0       2535.7537                                 85.704737          9.4099706             1406.4083           12.43179                       23.86878                      396.71771                                591.31527                        9.8971653
             19       1266.3215      -325.61863      -122.54891       1.0413706     0.022158493      0.12012197     0.057707361        3.048061      0.97117249       11.704278     0.028419668       1.2475762       1.0024064      -325.61863       203.06972   -0.0017773762      0.29801366      0.70368821      0.82180468     0.046202918      0.25046764      0.81907952       13.662068        147.2998       69.252492   2.1074441e-09       8.0561066       13.195299       1030.2769       9.2206034        1406.571       -6.873021        -6.873021                           -0                          -0        2546.389                                 87.125127          9.2206034              1406.571          13.195299                      23.586725                       397.0096                                600.00491                        9.6756962
             20       1265.4125      -329.56298      -66.228154       1.0413188     0.022346281      0.12004598     0.057152786       3.0484123      0.97380836       11.710038     0.029867415       1.2507369       1.0024729      -329.56298       263.33482   -0.0017989063      0.30446814      0.69725369       0.8191801     0.047566429       0.2555306       0.8252579       13.710926       147.11143       68.541303   2.1081845e-09       7.9613495       11.300355       1029.6567       12.842285       1405.2765      -6.9749387       -6.9749387                           -0                          -0       2544.7749                                 85.699133          12.842285             1405.2765          11.300355                      21.814801                      396.58677                                601.78045                        9.4746292
              4       1267.8243      -314.05858      -105.43384       1.0412964     0.022315798      0.12014565     0.057814891       3.0485764      0.97344166       11.709383     0.028979308       1.2518836       1.0026759      -314.05858       208.62474   -0.0017142762      0.30003691      0.70160144      0.82125346     0.046787576      0.25189883      0.82130399       13.670244       147.11893       69.062285   2.1085307e-09       8.0322418       11.070206       1035.5529       10.130584       1406.1312      -6.8864008       -6.8864008                           -0                          -0       2549.4214                                 86.536531          10.130584             1406.1312          11.070206                      22.507305                      396.88325                                606.54716                        9.6151938
              5       1267.8036      -312.50531      -96.004555       1.0413188     0.022308533      0.12014196     0.057674343       3.0486004      0.97354034       11.710929     0.029242458       1.2529935       1.0029021      -312.50531       216.50075   -0.0017057977      0.30134971      0.70027983      0.82089163      0.04698059       0.2530126      0.82273617       13.682094       147.12795       68.909052   2.1085813e-09       8.0210114       10.643435       1035.6292       10.894815       1405.8632      -6.7805602       -6.7805602                           -0                          -0       2549.1683                                 86.137651          10.894815             1405.8632          10.643435                       22.23619                       396.8032                                 606.9983                        9.5915507
             13       1264.7421      -180.02669      -135.86206       1.0412805     0.022332215      0.12014585     0.054829471        3.048652       0.9734165       11.740952     0.029434515       1.2847768       1.0040938      -180.02669       44.164628  -0.00098266848      0.29750559       0.7034018      0.82194072     0.046421579      0.24974506      0.81851649       13.646201       147.10043       69.359498     2.10869e-09       7.7311249       13.051858       1027.8558       8.7274879       1406.6583       -5.988953        -5.988953                           -0                          -0       2541.4622                                 85.168714          8.7274879             1406.6583          13.051858                      23.393519                      396.42457                                598.22597                        9.8117364
             25       1263.2435      -180.02669      -135.86206       1.0412805     0.022332215      0.12014585     0.054829471        3.048652       0.9734165       11.818659     0.028562912       1.2184972       1.0032596      -180.02669       44.164628  -0.00098266848      0.29750559       0.7034018      0.82194072     0.046421579      0.24974506      0.81851649       13.646201       147.10043       69.359498     2.10869e-09       7.7311249       13.051858       1027.0811       8.7274879       1406.6583      -5.8252158       -5.8252158                           -0                          -0       2538.1374                                 82.618604          8.7274879             1406.6583          13.051858                      23.523448                      396.43833                                 597.1758                        9.9435607
              1       1264.3231      -183.36078      -134.95716       1.0412828     0.022330385      0.12019176     0.054701603       3.0486288       0.9733165       11.817892     0.028555489         1.21769       1.0027263      -183.36078       48.403625   -0.0010008675      0.29784854      0.70307699      0.82203543     0.046456977      0.25005148      0.81908251       13.647456       147.09032       69.330228   2.1086412e-09       7.7191925       12.787841       1027.9432       8.8610249       1406.5826      -6.0846588       -6.0846588                           -0                          -0       2540.8156                                 84.640974          8.8610249             1406.5826          12.787841                      23.610112                      396.41342                                597.82235                        10.097336
              7       1263.9903      -192.23854      -134.75886       1.0412814     0.022334014      0.12018809      0.05470668       3.0486408      0.97335431       11.815582     0.028477434       1.2153759       1.0031383      -192.23854       57.479681   -0.0010493264      0.29771057      0.70326345      0.82206099     0.046443016      0.24992809      0.81891823       13.646271       147.08727       69.346282   2.1086664e-09       7.7191925       12.899895        1027.313        8.787656       1406.6149      -5.9033583       -5.9033583                           -0                          -0       2539.7874                                 84.171931           8.787656             1406.6149          12.899895                      23.562454                      396.41919                                597.32081                        10.010591
              3       1264.9379      -188.13809      -123.46078       1.0412741     0.022343217      0.12019727      0.05492663       3.0487447       0.9733774       11.818023     0.028813745       1.2172931       1.0019681      -188.13809       64.677312   -0.0010269443      0.29942738      0.70152384      0.82154217     0.046724088      0.25135628      0.82075774       13.660397       147.07468       69.151633   2.1088856e-09       7.7402496       11.446692       1029.7239       9.6977979       1406.2395      -6.3750363       -6.3750363                           -0                          -0       2542.6259                                 85.517952          9.6977979             1406.2395          11.446692                      23.261413                      396.38941                                599.90833                        10.164775
             31       1263.5648      -221.27316      -112.32191       1.0412505     0.022288395      0.12033879     0.056513179        3.049118      0.97355012       11.810655     0.028796549       1.2094308       1.0017203      -221.27316       108.95125   -0.0012078107      0.30175604      0.69937551      0.82206429     0.046943504      0.25345586      0.82446674       13.678234        147.0982       68.905144   2.1096728e-09         7.91362       10.720439         1028.68       10.914666       1405.7723      -6.4760933       -6.4760933                           -0                          -0       2540.0819                                   83.9944          10.914666             1405.7723          10.720439                      22.736681                      396.60334                                599.28603                        10.053976
              3       1263.4745       -216.6876      -119.87331       1.0412362     0.022297087      0.12038582     0.056743671       3.0491013      0.97346599        11.81095     0.028640493       1.2100711        1.001455       -216.6876       96.814294   -0.0011827806      0.30099272      0.70011401      0.82246534     0.046824806      0.25281521      0.82382502       13.669242       147.07617       69.005875   2.1096377e-09       7.9346771       10.959618       1029.1662       10.408687       1405.9239      -6.5425339       -6.5425339                           -0                          -0        2540.034                                 83.575554          10.408687             1405.9239          10.959618                      22.963753                      396.71854                                599.36497                        10.118979
             12       1263.8693      -239.17063      -120.41775        1.041045     0.022299469      0.12007784     0.055021219        3.049192      0.97139269       11.804972     0.028415225       1.2041327       1.0037159      -239.17063       118.75287   -0.0013055033      0.29947166      0.70175802      0.82076382     0.046692712      0.25143019      0.82004076       13.669387        147.1547       69.107107    2.109829e-09       7.7563934       11.372392       1027.0701       9.9122899       1406.2392      -5.6353823       -5.6353823                           -0                          -0       2539.0093                                 84.415329          9.9122899             1406.2392          11.372392                      23.499655                      396.43026                                597.36819                        9.7719891
             41       1263.6028      -239.17063      -120.41775        1.041045     0.022299469      0.12007784     0.055021219        3.049192      0.97139269       11.827923     0.030850434       1.1775833       1.0026363      -239.17063       118.75287   -0.0013055033      0.29947166      0.70175802      0.82076382     0.046692712      0.25143019      0.82004076       13.669387        147.1547       69.107107    2.109829e-09       7.7563934       11.372392       1028.3698       9.9122899       1406.2392      -5.9438261       -5.9438261                           -0                          -0       2539.0933                                 83.199576          9.9122899             1406.2392          11.372392                      23.670127                      396.42775                                598.27763                        9.9942912
             28       1263.6063      -233.03623      -128.92986        1.041049     0.022298241      0.12007552     0.055050284        3.049302      0.97111629       11.828509     0.030683582       1.1785585       1.0024093      -233.03623       104.10637   -0.0012720189       0.2983064      0.70289008      0.82109042     0.046509621      0.25045325      0.81876948       13.659302       147.15668       69.241091    2.110061e-09        7.759201       12.246346       1028.8513       9.2739433       1406.4901        -6.03688         -6.03688                           -0                          -0       2539.2863                                 82.424631          9.2739433             1406.4901          12.246346                       24.10079                      396.45752                                598.19997                        10.093016
             12       1262.4017      -240.37908      -117.24129       1.0410346     0.022338983      0.11989775     0.054788071       3.0500976      0.96837208       11.827989     0.030922836        1.177503       1.0028054      -240.37908       123.13779   -0.0013120996      0.29869936      0.70253703      0.81926405     0.046700722      0.25065204      0.81748618       13.667863       147.15849       69.162375   2.1117406e-09       7.7212982       11.523513       1024.9985       9.6463991       1406.4024      -5.8762912       -5.8762912                           -0                          -0        2536.556                                 83.985244          9.6463991             1406.4024          11.523513                      24.434687                      396.37914                                594.35701                        9.8276351
             11       1261.9253      -234.24927      -119.45354       1.0410276     0.022337026       0.1198933      0.05487297       3.0501296      0.96842759       11.829333      0.03092202       1.1789462       1.0037493      -234.24927       114.79573   -0.0012786403       0.2984779      0.70272509      0.81935235     0.046664103      0.25046814      0.81727115       13.666194       147.16184       69.186476   2.1118082e-09        7.730423       11.684398       1022.8827       9.5315819       1406.4497      -5.3737956       -5.3737956                           -0                          -0       2534.5981                                 84.049742          9.5315819             1406.4497          11.684398                      24.313052                      396.43533                                592.51878                         9.615497
             10       1265.0536       -233.8668       -121.5221       1.0410273     0.022336344      0.11989092     0.054854397       3.0501319      0.96844303       11.829184     0.030871076       1.1788924       1.0054936       -233.8668       112.34471   -0.0012765526      0.29817682      0.70302416      0.81944682     0.046616608      0.25021588      0.81695303       13.663691       147.16323       69.220656   2.1118129e-09       7.7283173       11.916346       1026.5938       9.3699279       1406.5159      -4.0864944       -4.0864944                           -0                          -0       2538.2802                                  83.88415          9.3699279             1406.5159          11.916346                      24.101204                      396.41533                                596.70648                        9.3708365
              6       1262.3631      -227.81001      -122.29435       1.0410278     0.022341275      0.11990065     0.054764799       3.0501627      0.96844465       11.830684     0.030907538       1.1804237       1.0042648      -227.81001       105.51567   -0.0012434918      0.29817359      0.70299433      0.81947825     0.046621611       0.2502078      0.81697994        13.66294       147.15518       69.224582   2.1118781e-09       7.7184906       11.918932       1022.9295        9.351447       1406.5157      -5.0366818       -5.0366818                           -0                          -0       2534.7995                                 84.083974           9.351447             1406.5157          11.918932                      24.335982                      396.40788                                592.63004                        9.5556319
             11       1261.8326      -240.89503      -110.98695        1.041056     0.022330055      0.11985052     0.054725807       3.0500252       0.9691278       11.828608     0.031082876       1.1778335       1.0038274      -240.89503       129.90808   -0.0013149159      0.29931402      0.70192501      0.81908855     0.046796511      0.25116761      0.81815155       13.675583       147.18087       69.077745   2.1115876e-09       7.7163849        11.11937       1022.6907        10.05502       1406.2694      -5.3238401       -5.3238401                           -0                          -0       2534.3129                                 84.178402           10.05502             1406.2694           11.11937                      23.862862                      396.32324                                592.91992                        9.5846579
              5       1262.0479      -241.17298      -112.04624       1.0410635     0.022328436      0.11985362     0.054932167       3.0499873      0.96922168       11.828407     0.031052343       1.1776817       1.0042707      -241.17298       129.12674   -0.0013164331      0.29916237      0.70207821      0.81917687     0.046768928      0.25104424      0.81803246       13.674195       147.18187       69.095609   2.1115076e-09       7.7381439        11.21076       1022.6726       9.9680638       1406.3019       -5.038625        -5.038625                           -0                          -0       2534.1731                                 84.019821          9.9680638             1406.3019           11.21076                       23.76879                       396.3936                                593.02678                        9.4833914
             15        1261.704      -239.66833      -115.63454       1.0410616     0.022328346      0.11985742      0.05491525       3.0499743      0.96922781        11.82837     0.030971862       1.1778091       1.0035954      -239.66833       124.03378     -0.00130822      0.29869766      0.70253483      0.81934236     0.046694878      0.25065571      0.81756199       13.669978       147.18096       69.150234   2.1114801e-09       7.7360382       11.506762       1022.9449       9.7045012        1406.402      -5.4667264       -5.4667264                           -0                          -0       2534.3415                                 83.783308          9.7045012              1406.402          11.506762                       24.00367                      396.38503                                592.93659                        9.6196345
             11        1262.015       -242.6866      -115.89207       1.0410837     0.022332461      0.11979906     0.054829479       3.0500054      0.96914203       11.827545     0.030936758       1.1769981       1.0044804       -242.6866       126.79452   -0.0013246951      0.29819985      0.70304921      0.81916504     0.046643361      0.25021116      0.81670365       13.667716       147.19183       69.194786   2.1115457e-09       7.7255096       11.773226       1022.2523       9.4921543       1406.5107      -4.9012552       -4.9012552                           -0                          -0       2533.8324                                 83.804115          9.4921543             1406.5107          11.773226                      23.936788                       396.3813                                592.48335                        9.4508653
              3       1263.8361      -258.86367      -81.757396       1.0410552     0.022336545      0.11981618     0.054061599       3.0500569      0.96895698       11.827411     0.031684871       1.1752973       1.0051787      -258.86367       177.10627    -0.001412997      0.30292774      0.69840843       0.8176828     0.047384511      0.25417677      0.82166306        13.70813       147.18271       68.657786   2.1116547e-09       7.6490021       10.716507       1021.6201       12.208109       1405.5472      -4.3303467       -4.3303467                           -0                          -0       2536.3328                                  86.24099          12.208109             1405.5472          10.716507                      23.037852                      396.13506                                593.12413                        9.3230111
             24       1262.2576      -266.17198      -96.167202       1.0410546     0.022341101      0.11984513     0.053978813       3.0500641      0.96929367        11.82375     0.031236434       1.1723067       1.0043103      -266.17198       170.00477   -0.0014528891      0.30096038       0.7004162      0.81854644     0.047075327      0.25252779      0.81985559       13.689728       147.16999       68.889909   2.1116697e-09       7.6391754       10.538232       1022.8765       10.992239       1405.9317      -5.0306206       -5.0306206                           -0                          -0       2534.5765                                 84.237735          10.992239             1405.9317          10.538232                      23.476387                      396.17898                                593.65052                        9.5706544
             11       1262.9313      -266.17198      -96.167202       1.0410546     0.022341101      0.11984513     0.053978813       3.0500641      0.96929367       11.850916     0.033603197       1.2076421       1.0035795      -266.17198       170.00477   -0.0014528891      0.30096038       0.7004162      0.81854644     0.047075327      0.25252779      0.81985559       13.689728       147.16999       68.889909   2.1116697e-09       7.6391754       10.538232       1025.3916       10.992239       1405.9317      -5.1940884       -5.1940884                           -0                          -0       2536.2507                                 83.396862          10.992239             1405.9317          10.538232                      23.589889                      396.23039                                595.84506                        9.7262729
              5       1264.2902      -272.76259      -96.706147       1.0411362     0.022321013       0.1197926     0.054250171       3.0501742      0.96909784       11.849118     0.033527161       1.2058731       1.0038389      -272.76259       176.05645   -0.0014888637      0.30037026      0.70104241      0.81857086     0.046964655      0.25205031      0.81907584       13.687602       147.20618       68.940016   2.1119023e-09       7.6700592       10.656249       1021.9408       10.738145        1406.052      -5.0563007       -5.0563007                           -0                          -0       2538.6931                                 89.305913          10.738145              1406.052          10.656249                      23.608092                      396.24958                                592.48598                        9.5970963
              2       1264.5594      -272.76259      -96.706147       1.0411362     0.022321013       0.1197926     0.054250171       3.0501742      0.96909784       11.794822     0.038268193       1.2718759       1.0037374      -272.76259       176.05645   -0.0014888637      0.30037026      0.70104241      0.81857086     0.046964655      0.25205031      0.81907584       13.687602       147.20618       68.940016   2.1119023e-09       7.6700592       10.656249       1022.2908       10.738145        1406.052      -4.9678618       -4.9678618                           -0                          -0       2539.0545                                  89.31733          10.738145              1406.052          10.656249                      23.624045                      396.25596                                592.79296                        9.6178372
             20       1264.5149      -317.49966      -107.01793       1.0410972     0.022329896      0.11959406     0.055411445       3.0498987      0.97008448       11.781815     0.037576666       1.2593721       1.0037374      -317.49966       210.48174   -0.0017330592      0.29725042      0.70440714      0.81872655     0.046557198      0.24935021      0.81496599       13.668464       147.24901       69.254809   2.1113205e-09       7.7802582       12.223107       1022.4636       9.2097833       1406.7338      -5.1821846       -5.1821846                           -0                          -0       2539.3942                                  88.76395          9.2097833             1406.7338          12.223107                       23.71082                      396.43579                                 592.9164                        9.4005669
              2       1264.0519      -313.16392      -95.131005       1.0411619     0.022303672      0.11977738     0.054934795       3.0500448       0.9699582        11.78439     0.037930708        1.261395       1.0042938      -313.16392       218.03291   -0.0017093927      0.29996978      0.70166351      0.81896331     0.046876293      0.25173969      0.81892206       13.685924       147.22952       68.978153    2.111629e-09       7.7423553       10.791782       1021.0826       10.546743       1406.1413      -4.7353619       -4.7353619                           -0                          -0       2537.5745                                 89.012029          10.546743             1406.1413          10.791782                      23.292528                      396.34125                                592.00124                        9.4476099
             12       1264.0011      -295.12226      -108.61987       1.0412124      0.02232205      0.11977493     0.054968546       3.0500173      0.97004512       11.787505      0.03774436       1.2651229       1.0043711      -295.12226       186.50239   -0.0016109131      0.29802454      0.70351077      0.81947248     0.046605483      0.25007418      0.81676997       13.667659       147.20978       69.206762   2.1115709e-09       7.7409515       11.889271       1020.7132       9.4354743       1406.5573      -4.7051667       -4.7051667                           -0                          -0       2537.4126                                 88.817334          9.4354743             1406.5573          11.889271                      23.644634                      396.38039                                591.22361                        9.4645719
              1       1263.4268      -305.88049      -100.96056       1.0411842     0.022328924      0.11971199     0.055745639       3.0500743      0.97030987       11.785601     0.037845354       1.2628713       1.0031585      -305.88049       204.91993   -0.0016696364      0.29866186      0.70293198      0.81901632      0.04673789      0.25057569      0.81718768       13.675634       147.21888       69.119303   2.1116914e-09       7.8167572       11.319363       1021.2369       9.8533075       1406.4179       -5.428206        -5.428206                           -0                          -0       2537.7101                                 88.882584          9.8533075             1406.4179          11.319363                      23.450826                      396.45146                                 591.8559                        9.4787194
             11       1262.9586      -305.88049      -100.96056       1.0411842     0.022328924      0.11971199     0.055745639       3.0500743      0.97030987       11.787831     0.036886622       1.2368719       1.0032283      -305.88049       204.91993   -0.0016696364      0.29866186      0.70293198      0.81901632      0.04673789      0.25057569      0.81718768       13.675634       147.21888       69.119303   2.1116914e-09       7.8167572       11.319363       1021.1855       9.8533075       1406.4179      -5.5120355       -5.5120355                           -0                          -0       2536.9412                                 88.165196          9.8533075             1406.4179          11.319363                      23.440013                      396.45146                                591.82538                        9.4686083
             10       1263.2217       -306.3875      -85.852663       1.0411431      0.02232882      0.11974139     0.056092829       3.0501379      0.97028526       11.789521     0.037280146       1.2378644       1.0032283       -306.3875       220.53484   -0.0016724039      0.30106635      0.70052967      0.81841358     0.047104276      0.25260322      0.81986681       13.695554       147.21125       68.849805   2.1118257e-09       7.8532562       10.494321       1021.6389       11.197751       1405.9148      -5.4327063       -5.4327063                           -0                          -0       2537.3087                                 88.062989          11.197751             1405.9148          10.494321                       22.97708                      396.45104                                592.82993                        9.3808642
             28       1262.8422      -304.20329       -88.96484       1.0411494     0.022328493      0.11973503     0.056196841       3.0501246      0.97019002        11.78972     0.037218592       1.2382055        1.002848      -304.20329       215.23845   -0.0016604815      0.30061044      0.70097376      0.81849257     0.047034462      0.25221912      0.81932488       13.691831        147.2133       68.900379   2.1117975e-09       7.8630829         10.5527       1021.4311       10.938901       1406.0067      -5.6276501       -5.6276501                           -0                          -0       2536.9397                                 88.010275          10.938901             1406.0067            10.5527                      23.110162                      396.48387                                592.41832                         9.418775
              1       1265.1444       -259.2078      -58.409272       1.0414172     0.022370391      0.11971973     0.056985996       3.0506389      0.96775839       11.805238     0.038446218       1.2522851       1.0033941       -259.2078       200.79852   -0.0014148754      0.30421436      0.69712333      0.81642044     0.047678772      0.25516272      0.82213493       13.719847       147.17097       68.497427   2.1128839e-09       7.9360809       11.463847       1018.0565       13.085323       1405.3073       -5.025194        -5.025194                           -0                          -0       2540.3392                                  92.42626          13.085323             1405.3073          11.463847                      22.847513                      396.60256                                589.54832                        9.0580701
              1       1265.0599      -248.75449      -62.709256       1.0414234     0.022372991       0.1196583     0.056883511       3.0506181         0.96775       11.807468     0.038430924       1.2547069       1.0035501      -248.75449       186.04524   -0.0013578164      0.30340611       0.6978747      0.81633262     0.047577232      0.25445909      0.82095373       13.715169       147.18434       68.574466   2.1128399e-09       7.9241486       11.040806       1017.9015       12.660098       1405.4517      -4.9276477       -4.9276477                           -0                          -0       2539.9752                                 92.921097          12.660098             1405.4517          11.040806                      22.896462                      396.58431                                589.37554                        9.0451628
              1       1262.8718      -233.46572      -67.164288       1.0414195      0.02237086      0.11968382     0.056917196       3.0510761      0.96765729        11.81095     0.038456904       1.2583857       1.0021978      -233.46572       166.30143   -0.0012743633      0.30317811      0.69801932      0.81669921     0.047529161      0.25428042      0.82101375       13.712172       147.17995       68.605869    2.113808e-09         7.92836       10.910087       1014.5265       12.488783       1405.4921      -5.5226506       -5.5226506                           -0                          -0       2536.7889                                 93.371381          12.488783             1405.4921          10.910087                      23.179427                      396.61521                                585.56109                         9.170813
              7       1258.8319      -233.46572      -67.164288       1.0414195      0.02237086      0.11968382     0.056917196       3.0510761      0.96765729       11.765036      0.03210904       1.2194318       1.0021075      -233.46572       166.30143   -0.0012743633      0.30317811      0.69801932      0.81669921     0.047529161      0.25428042      0.82101375       13.712172       147.17995       68.605869    2.113808e-09         7.92836       10.910087       1014.5526       12.488783       1405.4921      -6.6591285       -6.6591285                           -0                          -0       2530.9821                                 87.538466          12.488783             1405.4921          10.910087                      23.192841                      396.60325                                 585.5751                        9.1814278
              6       1258.5589      -236.11049      -79.192152       1.0414102     0.022360774      0.11966087      0.05686647       3.0510705      0.96753753       11.762889     0.031767146        1.217842       1.0012648      -236.11049       156.91834   -0.0012887997      0.30147497       0.6997373      0.81714741     0.047251793      0.25286202      0.81915373       13.699016        147.1972        68.79142   2.1137961e-09       7.9241486       10.473927       1016.7708       11.500344       1405.8191       -6.916809        -6.916809                           -0                          -0       2530.9513                                 86.387228          11.500344             1405.8191          10.473927                      23.584087                      396.61622                                587.21056                         9.359885
             38       1257.7913      -236.11049      -79.192152       1.0414102     0.022360774      0.11966087      0.05686647       3.0510705      0.96753753       11.896679     0.030081522       1.0553845       1.0020472      -236.11049       156.91834   -0.0012887997      0.30147497       0.6997373      0.81714741     0.047251793      0.25286202      0.81915373       13.699016        147.1972        68.79142   2.1137961e-09       7.9241486       10.473927       1014.8845       11.500344       1405.8191      -5.1424922       -5.1424922                           -0                          -0       2525.8676                                 83.189786          11.500344             1405.8191          10.473927                      23.462431                      396.63687                                585.54837                        9.2367973
             13        1258.827      -236.11049      -79.192152       1.0414102     0.022360774      0.11966087      0.05686647       3.0510705      0.96753753       11.878934     0.029613223       1.0425779       1.0033434      -236.11049       156.91834   -0.0012887997      0.30147497       0.6997373      0.81714741     0.047251793      0.25286202      0.81915373       13.699016        147.1972        68.79142   2.1137961e-09       7.9241486       10.473927       1016.2648       11.500344       1405.8191      -4.7001372       -4.7001372                           -0                          -0       2527.0543                                 82.996192          11.500344             1405.8191          10.473927                      23.264723                      396.62565                                587.26446                        9.1099343
