#        weight    minuslogpost     theta_s_100         omega_b       omega_cdm        tau_reio            logA             n_s        A_planck         Omega_m    Omega_Lambda          sigma8         Omega_b       Omega_cdm              S8             age         rs_drag              H0             A_s          z_reio       chi2__BAO       chi2__CMB        chi2__H0        chi2__SN   minuslogprior minuslogprior__0            chi2 chi2__jwst_likelihood_uvlf.UVLFLikelihood chi2__H0.riess2020 chi2__sn.pantheonplus chi2__bao.desi_dr2 chi2__planck_2018_lowl.TT_clik chi2__planck_2018_lowl.EE_clik chi2__planck_2018_highl_plik.TTTEEE_lite chi2__planck_2018_lensing.native
              1       1331.6244       1.0414675     0.022453694      0.12208847      0.04904547       3.0500698      0.96422841       0.9998589      0.32752137      0.67239694      0.81904581     0.050652607      0.27541568      0.85579036       13.808329       146.45662       66.579878   2.1116818e-09       7.1464386        63.73573       1093.7017       25.932551       1402.9673      -15.578029       -15.578029       2694.4049                                 108.06759          25.932551             1402.9673           63.73573                      24.464317                      395.69631                                658.80446                        14.736616
              1       1333.0405       1.0413962      0.02243081      0.12210744     0.049849562       3.0507449      0.96433941      0.99951904      0.32801249      0.67190569      0.81943508     0.050678228      0.27587896      0.85683879       13.812996       146.47685       66.529119    2.113108e-09       7.2362823       65.383139       1093.0534       26.331746       1402.9563      -15.576536       -15.576536       2697.2341                                 109.50954          26.331746             1402.9563          65.383139                      24.428185                      395.69214                                 658.0024                        14.930631
              3       1326.6214       1.0414691     0.022333562      0.12204997     0.051353085       3.0524293      0.96168012      0.99904467       0.3280867      0.67183138      0.81957425     0.050523772      0.27610574      0.85708125       13.821034       146.59878       66.486139   2.1166702e-09       7.4138641       64.280487       1084.7061       26.672151       1402.9548      -15.544894       -15.544894       2684.3325                                 105.71899          26.672151             1402.9548          64.280487                      25.111884                       395.8194                                648.84016                        14.934662
              1       1319.1512       1.0414208     0.022335565      0.12139485     0.052342257       3.0523206      0.96407754      0.99897968      0.32453411      0.67538449      0.81810115     0.050207276      0.27287891      0.85089614       13.819595       146.76795       66.698358   2.1164401e-09       7.5065155       53.843463       1083.7078        25.01263       1403.0661      -15.534847       -15.534847       2669.3722                                 103.74223           25.01263             1403.0661          53.843463                      24.469982                      395.90769                                649.84545                        13.484664
              4       1317.4968       1.0419429      0.02228323      0.12197722     0.050743561       3.0465231      0.96152478      0.99694628      0.32645473      0.67346368      0.81753524     0.050201765       0.2748018      0.85281993       13.811973       146.67315       66.623827   2.1042056e-09       7.3605194       56.723928       1077.8387       25.589376       1402.9963      -14.856592       -14.856592       2664.7069                                 101.55859          25.589376             1402.9963          56.723928                      25.118991                      395.78942                                643.65686                        13.273444
              1       1317.4728       1.0421153     0.022099155      0.12103564     0.049416315        3.035038       0.9715211      0.99512342      0.32179401      0.67812495      0.81377243     0.049460487      0.27089187      0.84281319       13.822698       147.12369       66.843417   2.0801768e-09        7.246109        41.91575       1086.5617       23.908961       1403.2055      -13.486597       -13.486597       2661.9187                                 106.32681          23.908961             1403.2055           41.91575                      22.498205                      395.75908                                657.72547                        10.578957
              4       1317.0876       1.0420609     0.022040865      0.12100842     0.049763608       3.0354606      0.97063035      0.99515191      0.32218647      0.67773234      0.81375967     0.049419581      0.27132262      0.84331375        13.83047        147.1957       66.782825    2.081056e-09       7.2952423       42.617567       1085.4374       24.366941       1403.1826      -13.389546       -13.389546       2660.9543                                 105.34971          24.366941             1403.1826          42.617567                      22.639266                      395.79204                                656.43091                        10.575215
              1       1315.8418       1.0420356     0.022003786      0.12060611     0.052629719       3.0421159      0.97120259       0.9961798      0.32024894      0.67967011       0.8154611     0.049190163      0.26961879      0.84253213       13.833498        147.3435       66.882051   2.0949524e-09       7.5991669       37.783905        1087.414       23.619221       1403.3049      -14.013603       -14.013603       2659.7108                                 107.58878          23.619221             1403.3049          37.783905                      22.586057                      395.90244                                658.25784                         10.66768
              2       1309.2042       1.0420356     0.022003786      0.12060611     0.052629719       3.0421159      0.97120259      0.99682312      0.32024894      0.67967011       0.8154611     0.049190163      0.26961879      0.84253213       13.833498        147.3435       66.882051   2.0949524e-09       7.5991669       37.783905        1074.859       23.619221       1403.3049      -14.373707       -14.373707       2647.1558                                 107.58878          23.619221             1403.3049          37.783905                      22.500525                       395.9016                                   646.02                        10.436877
              1       1304.1448       1.0418924     0.022023123      0.12042419     0.044922967       3.0329935      0.96978399      0.99971068      0.31956705      0.68035208      0.81051716     0.049184383      0.26894412      0.83653205       13.834932       147.36945       66.915364   2.0759282e-09       6.7681122        36.83934        1077.337       23.370802       1403.3535      -15.221954       -15.221954       2638.7334                                 97.832772          23.370802             1403.3535           36.83934                      22.621498                      396.14112                                648.83692                        9.7374783
              4       1300.8702       1.0417982     0.022003729      0.12045703      0.04870053       3.0384368      0.96635811       0.9985724      0.32017199      0.67974699      0.81177281     0.049229468      0.26950139      0.83862063       13.839976       147.38269       66.855259   2.0872589e-09       7.1815338       38.385728       1069.7401       23.819963       1403.3102      -15.017926       -15.017926       2631.7763                                 96.520353          23.819963             1403.3102          38.385728                      23.428234                      395.74853                                640.60333                         9.959961
              4        1299.669       1.0418271     0.022045552       0.1204588     0.048216216       3.0369276      0.96690131      0.99822886      0.31982749      0.68009161      0.81119317     0.049254965      0.26913337      0.83757085       13.834629       147.33557       66.901443   2.0841113e-09       7.1204681       37.800602       1068.5664       23.474451       1403.3346      -15.029412       -15.029412       2629.3968                                  96.22076          23.474451             1403.3346          37.800602                      23.317685                      395.74616                                 639.6466                        9.8559132
              4       1298.7343       1.0420981     0.021983025      0.12038071     0.048147826       3.0314018      0.96744429      0.99597824      0.31892196      0.68099728      0.80937101     0.049024361      0.26846111      0.83450555       13.832885       147.42596       66.963441   2.0726266e-09       7.1260834       34.485323       1069.2585       23.014599       1403.4023      -13.833072       -13.833072       2625.1347                                 94.974029          23.014599             1403.4023          34.485323                      23.148378                      395.78877                                640.88028                        9.4410291
              5       1297.3938       1.0422322     0.021958566      0.12019418     0.050734925       3.0404986      0.96481901       0.9978138      0.31761168      0.68230778      0.81187131     0.048840682       0.2673383      0.83536216       13.830687       147.50295       67.051907    2.091567e-09       7.4040375       31.184999       1072.2406       22.366302       1403.5095      -14.676927       -14.676927       2624.1414                                 94.840009          22.366302             1403.5095          31.184999                      23.868547                      395.78944                                642.93999                        9.6426404
              4       1297.5146       1.0422257     0.021962105      0.12025792     0.050678066       3.0399987      0.96475474      0.99755701      0.31796454      0.68195487      0.81183754     0.048879792      0.26765113       0.8357913       13.830777       147.48208       67.030477   2.0905217e-09       7.3984222       31.945716       1071.3697       22.522494       1403.4795      -14.591902       -14.591902       2624.2131                                 94.895667          22.522494             1403.4795          31.945716                      23.880101                       395.7785                                642.04405                        9.6670379
              6       1296.7096       1.0422257     0.021962105      0.12025792     0.050678066       3.0399987      0.96475474      0.99764255      0.31796454      0.68195487      0.81183754     0.048879792      0.26765113       0.8357913       13.830777       147.48208       67.030477   2.0905217e-09       7.3984222       31.945716       1069.8254       22.522494       1403.4795      -14.624751       -14.624751       2622.6688                                 94.895667          22.522494             1403.4795          31.945716                      23.866371                       395.7785                                640.53593                        9.6445487
              4        1282.343       1.0422257     0.021962105      0.12025792     0.050678066       3.0399987      0.96475474      0.99956283      0.31796454      0.68195487      0.81183754     0.048879792      0.26765113       0.8357913       13.830777       147.48208       67.030477   2.0905217e-09       7.3984222       31.945716       1041.9506       22.522494       1403.4795      -15.054069       -15.054069        2594.794                                 94.895667          22.522494             1403.4795          31.945716                      23.563754                      395.81074                                613.32355                        9.2525917
              3       1284.3842       1.0422482      0.02190537      0.12021616     0.054875478       3.0471611      0.96288726      0.99909447      0.31801389      0.68190545      0.81428883     0.048794729      0.26778433      0.83837997       13.836012       147.55699       67.002166   2.1055484e-09       7.8483429       31.613665       1045.0058       22.729675       1403.4754       -14.83125        -14.83125       2598.4309                                 95.606449          22.729675             1403.4754          31.613665                      24.121519                      396.38169                                615.04616                        9.4563849
              1       1277.1501       1.0422482      0.02190537      0.12021616     0.054875478       3.0471611      0.96288726       1.0010523      0.31801389      0.68190545      0.81428883     0.048794729      0.26778433      0.83837997       13.836012       147.55699       67.002166   2.1055484e-09       7.8483429       31.613665       1030.4916       22.729675       1403.4754      -14.808253       -14.808253       2583.9168                                 95.606449          22.729675             1403.4754          31.613665                      23.803933                       396.3949                                601.16605                        9.1266936
              7       1270.2195       1.0422031     0.021970175      0.11914883     0.057177588       3.0528415      0.96396137        1.002592      0.31185491      0.68806543      0.81307246     0.048330666      0.26210725      0.82898164       13.825672       147.76887        67.42258    2.117543e-09       8.0504913        21.18153       1030.8748        19.75064       1404.1116      -14.554514       -14.554514        2569.548                                 93.629512           19.75064             1404.1116           21.18153                      23.673804                      396.86913                                  601.569                        8.7628437
              3       1261.3357       1.0421944     0.022272027      0.11860175     0.065165867       3.0624976       0.9695303      0.99988923      0.30709705      0.69282437       0.8155986       0.0483308      0.25736846      0.82518945       13.791119       147.57818       67.884072   2.1380891e-09       8.7545013       16.172583       1020.1545       16.721357       1404.7731      -15.595706       -15.595706       2553.8629                                 96.041326          16.721357             1404.7731          16.172583                      22.882401                      399.61293                                588.92143                        8.7376985
              6       1260.2298       1.0421855     0.022297856      0.11847687     0.065738172        3.062192      0.96974761      0.99930691      0.30629676      0.69362481      0.81499608     0.048294555      0.25660708      0.82350473       13.788047       147.58277       67.948906   2.1374359e-09        8.800827        15.40643       1019.6381       16.315969       1404.8992      -15.570532       -15.570532       2551.6007                                 95.340973          16.315969             1404.8992           15.40643                      22.863581                      399.86591                                588.22324                        8.6853137
              1         1260.28       1.0422263     0.022306493      0.11856588     0.065292215       3.0619722      0.96931168      0.99944455      0.30660265       0.6933189      0.81507952      0.04832814      0.25687895      0.82400018       13.786313       147.54934       67.938445   2.1369661e-09        8.757309       15.698392       1019.5438        16.38104       1404.8505      -15.587297       -15.587297       2551.7345                                 95.260739           16.38104             1404.8505          15.698392                      22.959576                      399.64223                                 588.2479                        8.6941083
              2       1260.0171       1.0422263     0.022306493      0.11856588     0.065292215       3.0619722      0.96931168      0.99957388      0.30660265       0.6933189      0.81507952      0.04832814      0.25687895      0.82400018       13.786313       147.54934       67.938445   2.1369661e-09        8.757309       15.698392       1019.0383        16.38104       1404.8505      -15.597453       -15.597453        2551.229                                 95.260739           16.38104             1404.8505          15.698392                      22.941106                      399.64223                                587.76569                         8.689275
              1       1260.0424       1.0422254     0.022336546      0.11860324     0.066196534       3.0623998      0.96947035      0.99883586      0.30662947      0.69329211      0.81530532     0.048374443      0.25686001       0.8242645       13.783297         147.506       67.951652     2.13788e-09        8.837326       15.824292       1018.6295       16.298907       1404.8463      -15.509814       -15.509814       2551.1045                                 95.505444          16.298907             1404.8463          15.824292                      22.952832                      400.09287                                586.88736                        8.6964622
              1       1260.2147       1.0425426     0.022298804      0.11835827     0.060209508       3.0448957      0.97162443      0.99668122      0.30457773      0.69534421      0.80847171     0.048065543      0.25512374      0.81461663       13.776745       147.61286       68.112036    2.100784e-09       8.2617645        13.37468        1023.465       15.317974       1405.1847      -14.728178       -14.728178       2549.8858                                 92.543456          15.317974             1405.1847           13.37468                      22.287297                      397.45496                                594.49812                         9.224638
             10        1258.334       1.0423639     0.022335473      0.11823318     0.059139337       3.0426835       0.9697228      0.99658203      0.30422786      0.69569413      0.80625332     0.048119389      0.25472075      0.81191465       13.777574        147.6053       68.129864   2.0961418e-09       8.1452484       13.372867       1019.7152       15.210818       1405.2452      -14.683518       -14.683518       2546.0349                                 92.490842          15.210818             1405.2452          13.372867                       22.63723                      397.12046                                590.73663                        9.2209149
              4       1258.5054        1.042392     0.022327812      0.11807375     0.059824879       3.0432575      0.97017641      0.99643793      0.30333427      0.69658785      0.80613255     0.048018412      0.25393057      0.81059994       13.776814       147.65653       68.189764   2.0973452e-09       8.2119293       12.643771       1020.8309       14.853531       1405.4036      -14.602026       -14.602026       2546.2149                                 92.483132          14.853531             1405.4036          12.643771                      22.556962                      397.31837                                591.64593                        9.3096616
              1       1256.4773       1.0418824     0.022414397      0.11710541     0.063667885       3.0553488      0.97376835      0.99969428      0.29918074      0.70074196      0.80793223     0.047843661      0.24996217      0.80682831       13.778154       147.81994       68.446513   2.1228588e-09       8.5467377       10.914235       1021.4747       13.370201       1406.2113       -15.59627        -15.59627       2544.1472                                 92.176786          13.370201             1406.2113          10.914235                      21.992993                      398.55912                                591.94581                        8.9767533
              1       1256.5431       1.0418764     0.022410654      0.11711401     0.063824162       3.0558756      0.97357153      0.99978252      0.29926557      0.70065712      0.80812485     0.047847573      0.25004274      0.80713506       13.778777       147.82182          68.438   2.1239775e-09       8.5628815       10.944482       1021.5376       13.418135       1406.1936      -15.601673       -15.601673       2544.2896                                 92.195737          13.418135             1406.1936          10.944482                      22.031978                       398.6377                                591.93081                        8.9371248
              9       1256.0321        1.042157     0.022416055      0.11794162     0.062179297       3.0528939      0.97121377      0.99874947      0.30281559      0.69710664      0.80930931     0.048140736      0.25329151      0.81309825       13.773771       147.59373       68.237519   2.1176539e-09       8.4182892       12.687325       1017.8181       14.571725        1405.498       -15.47785        -15.47785       2543.0198                                 92.444723          14.571725              1405.498          12.687325                      22.484106                      398.11404                                 588.4287                        8.7912398
              1       1256.0398       1.0421902     0.022420228      0.11794654     0.062687091        3.053477      0.97089219      0.99850293      0.30271862      0.69720364      0.80947506     0.048131173      0.25320463      0.81313455       13.772357       147.58781       68.250649    2.118889e-09       8.4667206       12.594322       1017.8748       14.494718       1405.5158      -15.421581       -15.421581       2542.9228                                 92.443163          14.494718             1405.5158          12.594322                      22.570319                      398.30857                                588.22761                        8.7682827
              1       1254.9419       1.0421902     0.022420228      0.11794654     0.062687091        3.053477      0.97089219      0.99972817      0.30271862      0.69720364      0.80947506     0.048131173      0.25320463      0.81313455       13.772357       147.58781       68.250649    2.118889e-09       8.4667206       12.594322       1016.0257       14.494718       1405.5158      -15.594968       -15.594968       2541.0738                                 92.443163          14.494718             1405.5158          12.594322                      22.407749                      398.29273                                586.31719                        9.0080785
              1       1254.5958       1.0421039     0.022542329      0.11774674     0.064323192       3.0554179      0.97202636      0.99910301      0.30120353      0.69871908      0.80932873     0.048177639      0.25164924      0.81095052       13.760944       147.50559       68.403235   2.1230057e-09       8.5902557       11.926127       1016.3412       13.614767       1405.8032      -15.419425       -15.419425       2540.0304                                 92.345058          13.614767             1405.8032          11.926127                      22.303259                       398.8713                                586.20391                        8.9627536
              1       1255.1916       1.0421568     0.022595177      0.11809551     0.065027808       3.0622233      0.97021305       1.0008981      0.30259661      0.69732586      0.81256936     0.048376075      0.25284144      0.81607833       13.755357       147.35397       68.342767   2.1375027e-09       8.6513214       12.922378       1015.6536       13.960185       1405.5384      -15.334824       -15.334824       2541.0529                                 92.978281          13.960185             1405.5384          12.922378                      22.770117                      399.28355                                585.04195                        8.5579717
              3       1256.0169       1.0421432     0.022689218      0.11816985     0.064258526       3.0627091      0.96923712       1.0013953      0.30248531      0.69743728      0.81232002     0.048501764       0.2526066      0.81567786       13.746063       147.23001       68.396046   2.1385415e-09       8.5565643       13.070499       1017.1429       13.655607       1405.5591      -15.042884       -15.042884       2542.1196                                 92.691459          13.655607             1405.5591          13.070499                      23.024186                      398.92264                                586.72194                        8.4741595
              2       1255.2789       1.0420748     0.022677371      0.11778791     0.063702292       3.0635254      0.96963244       1.0027611      0.30072959      0.69919323      0.81142664     0.048329563      0.25102726      0.81241273       13.747587       147.34477       68.499898   2.1402879e-09       8.4990082       11.917038       1016.4427       13.071576       1405.8964      -14.617591       -14.617591        2539.793                                 92.465347          13.071576             1405.8964          11.917038                      22.922456                      398.64353                                586.41107                        8.4656439
              1       1255.9091       1.0419586     0.022675755      0.11778665     0.065752291        3.067852      0.96923538       1.0028975      0.30107572      0.69884701      0.81295826     0.048382729      0.25131862      0.81441449       13.751211       147.34709       68.459811   2.1495681e-09       8.6941376       12.229109       1016.9077       13.295498       1405.8282      -14.559676       -14.559676       2540.9376                                 92.677188          13.295498             1405.8282          12.229109                      23.071234                      399.59014                                585.86321                        8.3830735
              4       1256.1961       1.0419586     0.022675755      0.11778665     0.065752291        3.067852      0.96923538       1.0022968      0.30107572      0.69884701      0.81295826     0.048382729      0.25131862      0.81441449       13.751211       147.34709       68.459811   2.1495681e-09       8.6941376       12.229109       1017.9808       13.295498       1405.8282      -14.809285       -14.809285       2542.0108                                 92.677188          13.295498             1405.8282          12.229109                      23.159125                      399.62386                                586.82503                        8.3727557
             12       1256.8472       1.0419586     0.022675755      0.11778665     0.065752291        3.067852      0.96923538       1.0018435      0.30107572      0.69884701      0.81295826     0.048382729      0.25131862      0.81441449       13.751211       147.34709       68.459811   2.1495681e-09       8.6941376       12.229109       1019.5834       13.295498       1405.8282      -14.959456       -14.959456       2543.6133                                 92.677188          13.295498             1405.8282          12.229109                      23.226185                       399.6313                                588.34727                        8.3786123
              1       1257.0741        1.041816     0.022631836      0.11778605      0.06040904       3.0599969      0.96923592       1.0032709      0.30174915      0.69817339      0.80983066     0.048412302      0.25195896      0.81218808       13.760146       147.39542        68.37259   2.1327491e-09       8.1915741         12.7391       1018.3969       13.789285       1405.6979      -14.472857       -14.472857       2543.0939                                 92.470616          13.789285             1405.6979            12.7391                      22.997993                      397.43372                                 589.5654                        8.3998328
              7       1256.6123       1.0420373     0.022535752      0.11660627     0.059707516       3.0477816      0.97416091       1.0001413      0.29540844      0.70451503      0.80286961     0.047624539      0.24642266      0.79670188       13.758149       147.81838        68.78926   2.1068554e-09       8.1255951       10.325308       1021.8244       11.511616       1407.0486      -15.491277       -15.491277       2544.2071                                 93.497164          11.511616             1407.0486          10.325308                      21.882537                      397.00791                                593.07041                        9.8635424
              2       1257.3498       1.0420019     0.022460653      0.11752186      0.05327046       3.0389037      0.97566497       1.0012971      0.30077919      0.69914336      0.80326685     0.048039949      0.25136153      0.80430934       13.771648       147.65561       68.376981   2.0882336e-09       7.5156403       11.630679       1022.2502       13.764209       1405.8864      -15.439572       -15.439572       2545.5786                                 92.047084          13.764209             1405.8864          11.630679                      21.458647                      395.83479                                595.11295                        9.8438434
              2       1257.9944       1.0420019     0.022460653      0.11752186      0.05327046       3.0389037      0.97566497       1.0036964      0.30077919      0.69914336      0.80326685     0.048039949      0.25136153      0.80430934       13.771648       147.65561       68.376981   2.0882336e-09       7.5156403       11.630679       1021.6226       13.764209       1405.8864      -14.481131       -14.481131       2544.9511                                 92.047084          13.764209             1405.8864          11.630679                      21.217556                      395.78687                                593.69582                        10.922388
              2       1257.8275       1.0418067     0.022430791      0.11789373     0.055051624       3.0407231      0.97288162       1.0024681      0.30351875      0.69640328      0.80437802     0.048295599      0.25383626      0.80908161       13.782418       147.58947       68.150417   2.0920365e-09       7.7086639       13.659217       1019.5006       15.087746       1405.3704       -15.10774        -15.10774       2545.8705                                  92.25254          15.087746             1405.3704          13.659217                      21.648867                      396.05745                                591.58572                        10.208568
              3       1256.9854       1.0418067     0.022430791      0.11789373     0.055051624       3.0407231      0.97288162       1.0020938      0.30351875      0.69640328      0.80437802     0.048295599      0.25383626      0.80908161       13.782418       147.58947       68.150417   2.0920365e-09       7.7086639       13.659217       1018.0895       15.087746       1405.3704      -15.244346       -15.244346       2544.4594                                  92.25254          15.087746             1405.3704          13.659217                      21.690457                      396.05486                                590.29368                        10.050552
              2       1258.4249       1.0419897     0.022466376      0.11791798     0.054904612       3.0375537      0.97661257       1.0008688      0.30289565      0.69702657      0.80434969     0.048252432      0.25325977      0.80822223        13.77327       147.54338       68.234954   2.0854166e-09        7.686203        13.03686       1022.7451       14.586792       1405.4833      -15.509039       -15.509039       2547.8678                                 92.015794          14.586792             1405.4833           13.03686                      21.141926                      395.96529                                595.02047                        10.617432
              3       1258.4504       1.0419872     0.022466662      0.11791244     0.054864161        3.037453      0.97664403       1.0008677      0.30287205      0.69705018      0.80429633     0.048251082      0.25323757      0.80813713        13.77329       147.54454       68.236343   2.0852066e-09       7.6819916       13.022182       1022.8221       14.578634       1405.4876      -15.508951       -15.508951       2547.9186                                 92.008127          14.578634             1405.4876          13.022182                      21.136503                      395.94225                                595.11134                         10.63195
              1       1256.3468       1.0423713     0.022480544      0.11761923     0.061846641       3.0507045      0.97435592       1.0005609      0.30009218      0.69983061      0.80819533     0.047932698      0.25078606      0.80831949        13.75898       147.60816       68.483741   2.1130226e-09       8.3649445       11.080615       1021.2298       13.161597        1406.024       -15.53148        -15.53148       2543.7566                                 92.260594          13.161597              1406.024          11.080615                       21.67816                      397.76963                                 591.9192                        9.8628612
              1       1258.2783       1.0420784     0.022439829       0.1163189     0.067263743        3.063756        0.976936       1.0033991      0.29431493      0.70560862      0.80958088     0.047376192       0.2455788      0.80187331       13.765742       148.00379       68.822382   2.1407813e-09       8.8682098        10.48332       1024.5137       11.339374       1407.3099      -14.665118       -14.665118       2545.8868                                 92.240546          11.339374             1407.3099           10.48332                      21.358775                      399.89642                                593.45621                        9.8022774
              1       1259.4629       1.0420784     0.022439829       0.1163189     0.067263743        3.063756        0.976936       1.0038954      0.29431493      0.70560862      0.80958088     0.047376192       0.2455788      0.80187331       13.765742       148.00379       68.822382   2.1407813e-09       8.8682098        10.48332       1026.3036       11.339374       1407.3099      -14.375465       -14.375465       2547.6767                                 92.240546          11.339374             1407.3099           10.48332                      21.307913                      399.89291                                595.09657                        10.006163
              2       1259.2789       1.0419522     0.022504608      0.11642707     0.071507125       3.0733398      0.97586545       1.0040916      0.29488707      0.70503642      0.81313316     0.047546331      0.24597985      0.80617423       13.763128       147.90257       68.798223   2.1613969e-09        9.248642       10.361378       1024.6852       11.464876       1407.1721      -14.192294       -14.192294       2546.9424                                 93.258855          11.464876             1407.1721          10.361378                      21.620978                      402.11552                                591.86308                        9.0856524
              3       1258.9589       1.0422206     0.022575738      0.11635661     0.072995309       3.0694368      0.97537503       1.0006981      0.29335103      0.70657286      0.81106919     0.047447935       0.2445493      0.80203087       13.747201       147.84234       68.978274   2.1529774e-09       9.3651581       10.683832       1027.6963       10.546139       1407.5474      -15.393788       -15.393788       2548.7053                                 92.231687          10.546139             1407.5474          10.683832                      21.781111                      402.94917                                593.41015                         9.555894
              4       1258.1965       1.0422206     0.022575738      0.11635661     0.072995309       3.0694368      0.97537503       1.0004044      0.29335103      0.70657286      0.81106919     0.047447935       0.2445493      0.80203087       13.747201       147.84234       68.978274   2.1529774e-09       9.3651581       10.683832       1026.2233       10.546139       1407.5474      -15.419694       -15.419694       2547.2323                                 92.231687          10.546139             1407.5474          10.683832                      21.815499                      402.94917                                592.00951                        9.4491576
              9       1258.8782       1.0419021      0.02251264      0.11659885     0.074407069       3.0692921      0.97462503      0.99904277      0.29589045      0.70403288      0.81163843     0.047663735      0.24686295      0.80606014       13.764609        147.8476       68.725702    2.152666e-09       9.5153656       10.326034       1026.9854       11.845767        1406.936      -15.448979       -15.448979       2548.6544                                  92.56114          11.845767              1406.936          10.326034                      21.909801                      403.93622                                591.92714                        9.2122787
              1       1259.8458       1.0418368     0.022568139      0.11658218      0.07650084       3.0740171      0.97583421      0.99927519      0.29568132      0.70424208      0.81357953     0.047734207       0.2465847      0.80770232       13.760549       147.79043        68.75955   2.1628613e-09       9.6894379       10.340526       1027.8927       11.667218       1406.9847       -15.40307        -15.40307       2550.4978                                 93.612721          11.667218             1406.9847          10.340526                      21.789679                      405.08896                                592.07328                        8.9407495
              1       1259.2028       1.0418368     0.022568139      0.11658218      0.07650084       3.0740171      0.97583421      0.99896089      0.29568132      0.70424208      0.81357953     0.047734207       0.2465847      0.80770232       13.760549       147.79043        68.75955   2.1628613e-09       9.6894379       10.340526        1026.518       11.667218       1406.9847      -15.358719       -15.358719       2549.1231                                 93.612721          11.667218             1406.9847          10.340526                      21.826714                      405.08722                                590.73993                        8.8641408
              8       1259.4343       1.0418322     0.022602538      0.11685291     0.073563381       3.0656667      0.97624078      0.99745365      0.29692682      0.70299643      0.81113523      0.04790378      0.24765786      0.80696992       13.758338       147.67904       68.690031   2.1448758e-09       9.4199066       10.488945       1026.4841       12.035399       1406.6996      -14.867256       -14.867256       2548.6031                                 92.895033          12.035399             1406.6996          10.488945                      21.668353                      403.32566                                592.27836                        9.2117447
              2       1257.7388       1.0420686     0.022534787      0.11801358     0.071584468       3.0711588      0.96787021       1.0000179      0.30277351      0.69714884      0.81536117     0.048323645      0.25306858      0.81912151       13.764052       147.44343       68.288392    2.156688e-09       9.2802277       13.006207       1020.2372       14.274492       1405.5057      -15.494154       -15.494154       2546.4659                                 93.442303          14.274492             1405.5057          13.006207                      23.337989                      402.88244                                585.57437                         8.442359
              3       1257.3171       1.0423503     0.022545253      0.11737519     0.072030075       3.0734044      0.96815103       1.0012044      0.29849294      0.70143016      0.81431863     0.047875498      0.24924961      0.81227068       13.751537       147.60252       68.623191   2.1615365e-09       9.3061981       10.611376       1023.3311       12.394783       1406.3567      -15.363614       -15.363614       2545.3614                                 92.667447          12.394783             1406.3567          10.611376                      23.342233                      402.99899                                588.52648                        8.4633718
              1       1256.3557       1.0423503     0.022545253      0.11737519     0.072030075       3.0734044      0.96815103       1.0001702      0.29849294      0.70143016      0.81431863     0.047875498      0.24924961      0.81227068       13.751537       147.60252       68.623191   2.1615365e-09       9.3061981       10.611376       1021.6358       12.394783       1406.3567      -15.477336       -15.477336       2543.6661                                 92.667447          12.394783             1406.3567          10.611376                      23.500568                      403.01856                                586.75102                        8.3656408
              2       1256.3646       1.0424294     0.022585189      0.11800088     0.058996157       3.0494828      0.96679365       1.0001401      0.30134224      0.69858049      0.80631452     0.048189913      0.25177794      0.80811629       13.747871        147.3897       68.459511   2.1104427e-09       8.0694427       11.819904       1018.7154       13.297181       1405.7763        -15.4153         -15.4153       2543.5599                                 93.951109          13.297181             1405.7763          11.819904                      23.356738                      397.06005                                589.35602                        8.9426178
              1        1259.211       1.0423597     0.022687174      0.11812784     0.060982164       3.0597493      0.96365471       1.0023879      0.30163104      0.69829175      0.80944837      0.04837549      0.25188207       0.8116458       13.739647       147.24314        68.48217   2.1322212e-09       8.2414093       12.244604       1022.6981       13.170369       1405.7206      -14.747506       -14.747506        2547.917                                 94.083307          13.170369             1405.7206          12.244604                      24.313196                      397.79195                                592.24697                        8.3459688
              2       1259.2732       1.0422382     0.022654013      0.11820896     0.062435958       3.0634401      0.96281897       1.0027478      0.30261558      0.69730698      0.81099899     0.048446029      0.25279206      0.81452671       13.747176       147.25835       68.382265   2.1401053e-09       8.3909149       12.987402       1021.9679       13.734066        1405.535      -14.677289       -14.677289       2547.9011                                 93.676712          13.734066              1405.535          12.987402                      24.559248                       398.4312                                590.69508                        8.2823859
              1       1258.7586       1.0423588     0.022456825      0.11873541     0.050881553       3.0455406      0.96597697       1.0052516      0.30622678      0.69369504      0.80747571     0.048484609      0.25635147      0.81581263       13.767063       147.33573       68.056909   2.1021393e-09       7.2910309       15.597873       1015.1297       15.651704       1404.9105       -13.37083        -13.37083       2544.2589                                 92.969056          15.651704             1404.9105          15.597873                      23.235576                      395.68977                                587.45174                        8.7526404
              5       1258.7559       1.0423588     0.022456825      0.11873541     0.050881553       3.0455406      0.96597697       1.0054127      0.30622678      0.69369504      0.80747571     0.048484609      0.25635147      0.81581263       13.767063       147.33573       68.056909   2.1021393e-09       7.2910309       15.597873       1014.8494       15.651704       1404.9105      -13.233405       -13.233405       2543.9785                                 92.969056          15.651704             1404.9105          15.597873                      23.211939                      395.68382                                587.17469                        8.7789202
              1       1258.7245       1.0423939     0.022483255      0.11858829     0.048547051       3.0409758      0.96852658       1.0056994      0.30517537      0.69474665      0.80583887     0.048416208      0.25537206      0.81276001       13.762523       147.34538       68.145033   2.0925653e-09       7.0397491       14.571285       1015.8355       15.119935       1405.0832      -12.955397       -12.955397       2543.3598                                 92.749847          15.119935             1405.0832          14.571285                      22.621308                      395.75019                                588.35287                        9.1111199
              1       1258.8094       1.0423939     0.022483255      0.11858829     0.048547051       3.0409758      0.96852658       1.0053557      0.30517537      0.69474665      0.80583887     0.048416208      0.25537206      0.81276001       13.762523       147.34538       68.145033   2.0925653e-09       7.0397491       14.571285       1016.6131       15.119935       1405.0832       -13.25932        -13.25932       2544.1374                                 92.749847          15.119935             1405.0832          14.571285                      22.667528                      395.73726                                589.17883                        9.0295071
              2       1257.0098       1.0421914     0.022813646      0.11721606     0.065025201       3.0654943      0.97100104       1.0023719      0.29659876      0.70332489      0.81015645     0.048100622      0.24714003      0.80555079       13.726895       147.34679       68.868719   2.1445061e-09       8.5818329       10.464303       1022.0478       11.100587       1406.7738      -14.383688       -14.383688        2542.787                                 92.400514          11.100587             1406.7738          10.464303                      22.834028                      399.06731                                591.67742                        8.4690616
              1       1257.1203       1.0422132      0.02281934      0.11724614     0.064832784       3.0650777       0.9709052       1.0022928      0.29666062      0.70326304      0.81006009     0.048110424      0.24719215      0.80553897       13.725783       147.33244       68.870295   2.1436127e-09       8.5628815       10.471484       1022.2835       11.092512       1406.7598      -14.393801       -14.393801       2543.0283                                 92.421034          11.092512             1406.7598          10.471484                      22.853905                      398.98671                                591.96806                        8.4747682
              2       1258.5631       1.0419851     0.022856581      0.11742025     0.060818554       3.0577999      0.97003058        1.002324       0.2980277      0.70189571      0.80711102     0.048338402      0.24832705      0.80445355       13.729423       147.24449        68.76374   2.1280685e-09       8.1733246       10.968233       1023.3537       11.645206       1406.4569       -14.24955        -14.24955       2545.6254                                 93.201376          11.645206             1406.4569          10.968233                      22.902934                      397.43014                                594.44672                        8.5739087
              7       1258.7635       1.0422512     0.022846718      0.11701489     0.061008764       3.0538135      0.97054058       1.0007319      0.29518832       0.7047356      0.80449787     0.047998638      0.24583642      0.79802015       13.720637       147.36362       68.991797   2.1196021e-09       8.1873627       10.353938       1024.1659       10.478682       1407.1007      -14.674906       -14.674906       2546.8769                                 94.777669          10.478682             1407.1007          10.353938                      22.800901                      397.43647                                594.79455                        9.1340116
              5        1258.684       1.0422387     0.022844613      0.11688317     0.062834496        3.057769      0.97044038       1.0010271      0.29454992       0.7053741      0.80558665     0.047936077      0.24526221      0.79823558       13.720601       147.40134       69.033622   2.1280028e-09        8.360733       10.376813       1024.3095       10.271422       1407.2532      -14.640998       -14.640998         2546.65                                 94.439032          10.271422             1407.2532          10.376813                      22.883388                       398.0942                                594.37032                        8.9615953
              9       1255.3476       1.0423126      0.02262988       0.1168599     0.061533437       3.0516304      0.97315773       1.0002311      0.29541578      0.70450788      0.80484576     0.047705965      0.24635192      0.79867278       13.741155       147.64556       68.873917   2.1149798e-09       8.2856293       10.324598       1019.7909       11.073959       1407.0469      -15.328524       -15.328524       2541.3523                                 93.115976          11.073959             1407.0469          10.324598                      22.125067                      397.62127                                590.37459                         9.669975
              1       1255.4203       1.0418219     0.022591105      0.11732131     0.064023093       3.0585455       0.9686425       1.0005921      0.29949733      0.70042551      0.80760444     0.048137037      0.24998777      0.80692756       13.762121        147.5652       68.506071   2.1296559e-09       8.5418243       11.317484        1017.857       13.037261       1406.1456       -15.37853        -15.37853       2541.5977                                 93.240318          13.037261             1406.1456          11.317484                      23.063137                      398.82621                                587.32689                        8.6407998
              4       1255.6256       1.0418219     0.022591105      0.11732131     0.064023093       3.0585455       0.9686425       1.0014037      0.29949733      0.70042551      0.80760444     0.048137037      0.24998777      0.80692756       13.762121        147.5652       68.506071   2.1296559e-09       8.5418243       11.317484       1018.0084       13.037261       1406.1456      -15.248958       -15.248958       2541.7491                                 93.240318          13.037261             1406.1456          11.317484                      22.946357                      398.80927                                587.43226                        8.8205249
              1       1255.9613       1.0418727     0.022565672      0.11734896      0.06392721       3.0582604      0.96760558       1.0013094      0.29963999      0.70028281      0.80741858     0.048104987      0.25016185      0.80693397       13.763457       147.58604       68.490302   2.1290488e-09       8.5390167       11.311444       1018.3255       13.125001       1406.1162      -15.311849       -15.311849       2542.5463                                 93.668153          13.125001             1406.1162          11.311444                      23.160491                      398.82867                                587.52264                        8.8137062
              1       1255.8718       1.0418727     0.022565672      0.11734896      0.06392721       3.0582604      0.96760558       1.0002896      0.29963999      0.70028281      0.80741858     0.048104987      0.25016185      0.80693397       13.763457       147.58604       68.490302   2.1290488e-09       8.5390167       11.311444       1018.4073       13.125001       1406.1162        -15.4423         -15.4423       2542.6282                                 93.668153          13.125001             1406.1162          11.311444                      23.312425                      398.85818                                587.64442                        8.5923025
              1       1255.3884        1.041884     0.022602636      0.11723294     0.069836263        3.066503      0.97138232      0.99900055      0.29878151      0.70114147      0.81136226     0.048072775      0.24933874      0.80971286       13.758619       147.57662       68.569336   2.1466703e-09       9.0843964       10.988854       1018.9987       12.688193       1406.2953      -15.305873       -15.305873       2541.3886                                 92.417494          12.688193             1406.2953          10.988854                      22.707131                      401.53617                                586.26231                        8.4931237
              1       1257.1955       1.0418894     0.022605541      0.11691236     0.076153565       3.0802155      0.96974858      0.99974762      0.29705656      0.70286669      0.81527588     0.047909722      0.24778167      0.81126649       13.756601       147.66001       68.690334   2.1763092e-09       9.6550446       10.496063       1023.1111       12.033778       1406.6706      -15.375297       -15.375297       2545.1416                                 92.830067          12.033778             1406.6706          10.496063                      23.333395                      405.39262                                586.12644                        8.2586834
              7       1257.8873       1.0421432     0.022619066      0.11772206      0.07495765       3.0809315      0.96714666      0.99998316      0.30051433      0.69940848      0.81780828     0.048213221      0.25092812      0.81850902       13.751465       147.42809       68.494273   2.1778679e-09       9.5602875       11.632146       1022.1073       13.102877       1405.9391      -15.354456       -15.354456       2546.4835                                 93.702051          13.102877             1405.9391          11.632146                      23.991239                      404.88785                                584.77071                        8.4574793
              2       1257.7937       1.0421432     0.022619066      0.11772206      0.07495765       3.0809315      0.96714666       1.0006752      0.30051433      0.69940848      0.81780828     0.048213221      0.25092812      0.81850902       13.751465       147.42809       68.494273   2.1778679e-09       9.5602875       11.632146       1021.8473       13.102877       1405.9391       -15.31801        -15.31801       2546.2235                                 93.702051          13.102877             1405.9391          11.632146                       23.87829                      404.88305                                 584.6981                        8.3878276
              1       1258.4397       1.0421621     0.022541809      0.11819776     0.073523179       3.0758453      0.96678569      0.99940333      0.30343693      0.69648536      0.81763439     0.048379104      0.25367538      0.82230463       13.761372       147.38672       68.259872   2.1668189e-09       9.4606171       13.444706       1020.2279       14.440747       1405.3851      -15.456041       -15.456041       2547.7915                                 94.293081          14.440747             1405.3851          13.444706                      23.811133                      404.16519                                583.76883                        8.4827223
              1       1258.6935       1.0421956     0.022522729      0.11809895     0.074644693       3.0776662      0.96647421      0.99932554      0.30292089      0.69700146      0.81804516     0.048296223      0.25324343      0.82201788       13.761956       147.43436       68.289499   2.1707683e-09       9.5659027       12.954084       1021.3739       14.268061       1405.4787      -15.473533       -15.473533       2548.3341                                 94.259339          14.268061             1405.4787          12.954084                      23.931706                      404.84973                                584.12141                        8.4710563
              1       1256.6685        1.041912     0.022507768      0.11804931     0.068767576       3.0703064       0.9682701       1.0017644      0.30358949      0.69633266      0.81523765     0.048392797      0.25381177      0.82010029       13.771777       147.46361       68.198662   2.1548505e-09       9.0254364       13.784121       1016.2661       14.800817       1405.3578      -15.278943       -15.278943       2543.8949                                 93.686101          14.800817             1405.3578          13.784121                      23.200511                      401.28843                                583.33199                        8.4451237
              3        1255.713       1.0419317     0.022506698      0.11744785      0.07018085       3.0704306      0.97076093       1.0014419      0.30032875       0.6995939      0.81397179     0.048075903      0.25087692      0.81441765        13.76847       147.62576       68.421434   2.1551181e-09        9.145462       11.512899       1017.9312       13.511654       1405.9762       -15.36288        -15.36288       2542.1517                                 93.219708          13.511654             1405.9762          11.512899                      22.672926                      401.85331                                584.90902                        8.4959317
              4        1255.756       1.0419317     0.022506698      0.11744785      0.07018085       3.0704306      0.97076093       1.0014819      0.30032875       0.6995939      0.81397179     0.048075903      0.25087692      0.81441765        13.76847       147.62576       68.421434   2.1551181e-09        9.145462       11.512899       1017.9985       13.511654       1405.9762      -15.353535       -15.353535        2542.219                                 93.219708          13.511654             1405.9762          11.512899                      22.667438                      401.85785                                584.97328                        8.4999457
              2       1255.5882       1.0419498     0.022513888      0.11748755     0.070033113       3.0704887      0.97041484       1.0015305      0.30044515      0.69947749      0.81401392     0.048093858       0.2509753      0.81461763       13.767351       147.60711       68.419586   2.1552433e-09        9.130722       11.571596       1017.6331       13.522106       1405.9529      -15.333394       -15.333394       2541.8432                                 93.163424          13.522106             1405.9529          11.571596                      22.748728                      401.79435                                584.60732                        8.4827471
              2       1255.5656       1.0418014     0.022668973      0.11704939     0.066986636       3.0644808      0.97178903       1.0016135      0.29767719      0.70224601      0.80966753     0.048075777      0.24823535      0.80652694       13.753117       147.55182       68.667742   2.1423336e-09       8.7980194       10.736859       1019.4739       12.154652       1406.5332      -15.039022       -15.039022       2541.2093                                 92.310698          12.154652             1406.5332          10.736859                      22.457778                      400.03509                                588.28303                          8.69798
              3        1255.675       1.0417927     0.022681903      0.11704952     0.067098103        3.065809      0.97210916       1.0021348         0.29763      0.70229322      0.81024284     0.048091099      0.24817318      0.80703603       13.751996       147.53744        68.67638    2.145181e-09       8.8050385        10.74033       1019.3824       12.108365       1406.5435      -14.851966       -14.851966       2541.0539                                 92.279267          12.108365             1406.5435           10.74033                      22.409418                       400.0328                                588.29817                        8.6419824
              1       1255.7028       1.0417943     0.022678639      0.11707644     0.067355777       3.0664906      0.97225419       1.0022221      0.29778588      0.70213732      0.81067473     0.048101255      0.24831842      0.80767764       13.752428       147.53388       68.664189   2.1466437e-09        8.830307       10.782753        1019.299       12.173719       1406.5094       -14.82941        -14.82941       2541.0645                                 92.299606          12.173719             1406.5094          10.782753                      22.386544                       400.1677                                 588.1292                        8.6155415
              1        1256.603       1.0416315     0.022595973      0.11695115     0.068297764       3.0643028       0.9742236        1.001039      0.29806814      0.70185487      0.81016001     0.048042507       0.2486561      0.80754727       13.765494       147.65943       68.580824   2.1419522e-09       8.9369965       10.864946       1021.5259        12.62532        1406.448      -15.311549       -15.311549        2543.829                                 92.364865           12.62532              1406.448          10.864946                      21.931412                      400.56956                                590.15267                        8.8722649
              3       1256.6789       1.0416315     0.022595973      0.11695115     0.068297764       3.0643028       0.9742236       1.0011185      0.29806814      0.70185487      0.81016001     0.048042507       0.2486561      0.80754727       13.765494       147.65943       68.580824   2.1419522e-09       8.9369965       10.864946       1021.6503        12.62532        1406.448      -15.297833       -15.297833       2543.9534                                 92.364865           12.62532              1406.448          10.864946                      21.921927                      400.55832                                590.27874                        8.8913058
              1        1255.886       1.0417281     0.022480293      0.11714192     0.063592962       3.0571807      0.97365985       1.0023354       0.2994536       0.7004691      0.80835393     0.047993011      0.25008542      0.80761744       13.775896       147.73657       68.440312   2.1267513e-09       8.5235748       11.199966       1019.0458       13.405106       1406.1546      -15.120554       -15.120554       2542.0131                                 92.207681          13.405106             1406.1546          11.199966                      21.817804                      398.44094                                589.51869                        9.2683317
              1       1255.6579       1.0417451     0.022497362      0.11718422     0.063051218       3.0558334      0.97361578        1.002097      0.29953116      0.70039154      0.80788838     0.048021567      0.25013466      0.80725685        13.77377       147.70614       68.445931   2.1238878e-09       8.4681244        11.24794       1018.7553       13.373477       1406.1386      -15.187785       -15.187785       2541.6914                                 92.176076          13.373477             1406.1386           11.24794                      21.822448                      398.23153                                589.37566                        9.3256666
              1       1257.1749        1.041556     0.022510618      0.11704054     0.061473422       3.0533091      0.97472608       1.0026552      0.29924821      0.70067449      0.80648564     0.048049131      0.24982417       0.8054745       13.777299        147.7298       68.446452   2.1185333e-09       8.3101959       11.266523        1021.347       13.370544       1406.1973      -14.960662       -14.960662       2544.2711                                 92.089762          13.370544             1406.1973          11.266523                      21.581385                      397.59949                                592.61763                        9.5484851
              1       1256.9768       1.0416014     0.022521219      0.11737078       0.0574204       3.0516503      0.97152085       1.0048441      0.30081087      0.69911162      0.80598627      0.04820559      0.25122653      0.80707477       13.776398       147.62903       68.351373    2.115022e-09       7.9157257       12.087224       1016.7593       13.910759       1405.8802      -13.634597       -13.634597       2541.2228                                 92.585377          13.910759             1405.8802          12.087224                      22.092901                      396.44838                                589.02054                        9.1974614
              2       1257.2662       1.0415602     0.022515322      0.11766761      0.05747694       3.0518798      0.97080513       1.0045352      0.30255246      0.69736974      0.80688107     0.048371851      0.25279675      0.81030635       13.779672       147.55613       68.224872   2.1155075e-09       7.9276581        13.35964        1016.282       14.646097       1405.5466       -13.87366        -13.87366       2542.2798                                 92.445515          14.646097             1405.5466           13.35964                      22.229361                      396.51453                                588.55457                        8.9835299
              1       1256.9345       1.0415602     0.022515322      0.11766761      0.05747694       3.0518798      0.97080513       1.0037702      0.30255246      0.69736974      0.80688107     0.048371851      0.25279675      0.81030635       13.779672       147.55613       68.224872   2.1155075e-09       7.9276581        13.35964       1016.6349       14.646097       1405.5466      -14.381916       -14.381916       2542.6327                                 92.445515          14.646097             1405.5466           13.35964                      22.326567                      396.55968                                588.94183                        8.8068608
              3         1257.18       1.0416358     0.022407331      0.11786496     0.053360991       3.0417902      0.97087136       1.0030958      0.30401233      0.69590955      0.80403805     0.048341451      0.25428122      0.80939697       13.789895       147.62316       68.082457   2.0942701e-09       7.5416107       14.244051       1016.2556       15.496597       1405.2828      -14.840179       -14.840179       2544.0403                                 92.761221          15.496597             1405.2828          14.244051                      22.112017                      395.84314                                588.91076                         9.389642
              1       1256.0985       1.0417626     0.022573116      0.11809449     0.055812653       3.0473259      0.96869763       1.0022349      0.30389677      0.69602535      0.80581726     0.048544424      0.25396711      0.81103385       13.769456       147.37785       68.190846   2.1058956e-09       7.7563934       14.440949       1014.6652       14.847114       1405.3033      -15.037492       -15.037492        2542.272                                 93.015532          14.847114             1405.3033          14.440949                      22.784395                       396.2124                                586.87014                        8.7982571
