#        weight    minuslogpost     theta_s_100         omega_b       omega_cdm        tau_reio            logA             n_s        A_planck         Omega_m    Omega_Lambda          sigma8         Omega_b       Omega_cdm              S8             age         rs_drag              H0             A_s          z_reio       chi2__BAO       chi2__CMB        chi2__H0        chi2__SN   minuslogprior minuslogprior__0            chi2 chi2__jwst_likelihood_uvlf.UVLFLikelihood chi2__H0.riess2020 chi2__sn.pantheonplus chi2__bao.desi_dr2 chi2__planck_2018_lowl.TT_clik chi2__planck_2018_lowl.EE_clik chi2__planck_2018_highl_plik.TTTEEE_lite chi2__planck_2018_lensing.native
              1       1261.5412       1.0417825     0.022380016      0.11935546     0.058821985       3.0488403      0.96409896       1.0002202      0.31180697      0.68811373      0.81012203     0.049011546      0.26138478      0.82590999       13.795266       147.25697       67.574213   2.1090872e-09       8.1213837       23.994397       1014.6401       18.727504       1404.1175      -15.611724       -15.611724       2554.3058                                 92.826216          18.727504             1404.1175          23.994397                       23.57356                      397.20698                                585.19658                        8.6630152
              3       1260.5149       1.0418945     0.022400638      0.11921762     0.060215602       3.0504776      0.96446837      0.99978024       0.3105853      0.68933564      0.81045144     0.048904765      0.26027427      0.82462562       13.789096       147.27077       67.679105   2.1125433e-09       8.2519379       21.879854       1015.2488       18.035668       1404.2735      -15.605664       -15.605664        2552.241                                 92.803174          18.035668             1404.2735          21.879854                      23.561612                      397.64118                                 585.3854                        8.6606486
              2       1260.6144       1.0418958     0.022404335      0.11923603     0.060135041       3.0502897      0.96440478      0.99973196      0.31065941      0.68926153      0.81040409     0.048916905      0.26033612       0.8246758       13.788745       147.26178        67.67629   2.1121462e-09        8.243515       22.009427        1015.304       18.054064       1404.2638      -15.602362       -15.602362       2552.4335                                 92.802228          18.054064             1404.2638          22.009427                      23.575711                      397.62907                                585.43909                        8.6601257
              1        1259.633       1.0418958     0.022404335      0.11923603     0.060135041       3.0502897      0.96440478      0.99870998      0.31065941      0.68926153      0.81040409     0.048916905      0.26033612       0.8246758       13.788745       147.26178        67.67629   2.1121462e-09        8.243515       22.009427       1013.0864       18.054064       1404.2638      -15.474978       -15.474978       2550.2159                                 92.802228          18.054064             1404.2638          22.009427                      23.736331                      397.63949                                583.11844                        8.5921501
              3       1258.8773       1.0423986     0.022349646      0.11889219     0.063128539       3.0584022      0.96532915       1.0001224        0.307587       0.6923345      0.81349322     0.048450599      0.25774001      0.82371561       13.778049       147.41417       67.918134   2.1293507e-09       8.5439301       16.680459       1017.9164       16.507754       1404.6981      -15.617693       -15.617693       2548.9899                                 93.187199          16.507754             1404.6981          16.680459                       23.67277                      398.82406                                 586.8203                        8.5992906
              1       1258.4424       1.0422778     0.022312617      0.11836179     0.062489791       3.0589535      0.96416693       1.0015715      0.30531129      0.69461047      0.81158393     0.048205237      0.25571443      0.81873667       13.783182       147.59673       68.034335    2.130525e-09       8.4814606       14.357879       1019.6557       15.789404       1405.0604      -15.416219       -15.416219       2547.7172                                 92.853789          15.789404             1405.0604          14.357879                      23.901135                      398.55657                                588.69286                        8.5051062
              1       1258.8377       1.0423197     0.022350821      0.11848218     0.061976275       3.0598811      0.96322027       1.0021363      0.30560848       0.6943133      0.81196226     0.048280595      0.25593647      0.81951691       13.778403       147.52199       68.039393   2.1325022e-09       8.4246063       14.694776       1019.7734       15.758498       1405.0111      -15.253774       -15.253774       2548.1829                                  92.94509          15.758498             1405.0111          14.694776                      24.173868                        398.354                                588.79339                        8.4521386
              2       1259.7218       1.0422977     0.022292825       0.1187538     0.057259095       3.0540051      0.96367133       1.0036486      0.30748287      0.69243854      0.81087229     0.048377621      0.25770742      0.82092276       13.786506       147.51371       67.882887   2.1200083e-09       7.9767914       16.528511       1017.6853       16.728811       1404.7139      -14.541976       -14.541976       2548.5276                                 92.871034          16.728811             1404.7139          16.528511                      23.845755                      396.77006                                588.51151                        8.5579858
              3        1259.755       1.0415758      0.02233861        0.117862      0.06971365       3.0724721      0.96652529       1.0020763      0.30457719       0.6953445      0.81533411     0.048307311      0.25487693      0.82153046       13.799029       147.70213       68.001993   2.1595223e-09       9.1538849       14.641776       1020.7707       15.987736       1405.1847      -15.273538       -15.273538       2550.0571                                 93.472162          15.987736             1405.1847          14.641776                      23.533411                      402.03322                                586.78209                        8.4220045
              1       1259.7758       1.0415758      0.02233861        0.117862      0.06971365       3.0724721      0.96652529       1.0021929      0.30457719       0.6953445      0.81533411     0.048307311      0.25487693      0.82153046       13.799029       147.70213       68.001993   2.1595223e-09       9.1538849       14.641776       1020.7328       15.987736       1405.1847      -15.233719       -15.233719       2550.0191                                 93.472162          15.987736             1405.1847          14.641776                      23.515348                      402.03322                                586.76784                        8.4163564
              1       1256.7545       1.0419348     0.022458159      0.11711902     0.072356327       3.0728868      0.97353521       1.0008277      0.29885059      0.70107223      0.81487795     0.047864579      0.24961318      0.81331541       13.771984       147.76829       68.498325   2.1604179e-09       9.3532257       10.817637       1019.9534       13.080325       1406.2807      -15.521359       -15.521359       2544.5517                                 94.419727          13.080325             1406.2807          10.817637                      22.202417                      402.90478                                586.29823                        8.5479418
              3       1256.4952       1.0419055     0.022444757      0.11709429      0.07101116       3.0692537      0.97389175       1.0004881      0.29888146      0.70104134      0.81345427     0.047853968      0.24965414      0.81193638       13.774169       147.78975       68.485476   2.1525833e-09       9.2317963       10.828495       1020.1098       13.151915       1406.2741      -15.567036       -15.567036       2544.1245                                 93.760113          13.151915             1406.2741          10.828495                      22.072368                      402.13672                                587.23773                        8.6629853
              2       1257.2535       1.0419055     0.022444757      0.11709429      0.07101116       3.0692537      0.97389175       1.0013344      0.29888146      0.70104134      0.81345427     0.047853968      0.24965414      0.81193638       13.774169       147.78975       68.485476   2.1525833e-09       9.2317963       10.828495       1021.3796       13.151915       1406.2741       -15.44364        -15.44364       2545.3942                                 93.760113          13.151915             1406.2741          10.828495                      21.968986                      402.12925                                588.46915                        8.8121959
              2       1256.1178       1.0421151     0.022448705      0.11711947     0.068873434         3.06943      0.97083401        1.003009      0.29837823      0.70154471      0.81283468     0.047771872      0.24923561      0.81063465        13.76762       147.77836       68.550325   2.1529627e-09       9.0324554       10.591919       1019.5439       12.792593       1406.3811      -14.858996       -14.858996       2541.9536                                 92.644085          12.792593             1406.3811          10.591919                      22.544333                      401.12038                                587.18299                        8.6961747
              2       1256.1996       1.0421091     0.022475083      0.11762463     0.067130462       3.0606452      0.96829451      0.99977658      0.30092623      0.69899634      0.81014856     0.048054264      0.25149473      0.81139824       13.767399       147.61329       68.388753   2.1341323e-09       8.8717194       11.645933       1019.7282       13.697099       1405.8575      -15.557756       -15.557756       2543.5147                                 92.586009          13.697099             1405.8575          11.645933                      23.015933                      400.35501                                587.51625                         8.840972
              1       1257.0823       1.0419388     0.022330692      0.11750137     0.065417133       3.0598458      0.96878708       1.0016091      0.30160345       0.6983188      0.81000344     0.047944164      0.25227633      0.81216523       13.787322       147.80725       68.246945   2.1324269e-09        8.742569        11.91609       1020.3007       14.516419       1405.7257      -15.410403       -15.410403       2544.9855                                 92.526503          14.516419             1405.7257           11.91609                      22.727411                      399.58061                                589.05849                        8.9342092
              3       1256.8698       1.0419222     0.022334133      0.11774326     0.062083247       3.0547052      0.96815588       1.0019732      0.30292831      0.69699373      0.80854467     0.048078224      0.25346347      0.81248121         13.7886       147.73819        68.15698    2.121493e-09       8.4246063       12.824495       1018.3412       15.048551       1405.4773      -15.306483       -15.306483       2544.3526                                 92.661137          15.048551             1405.4773          12.824495                      22.757117                      398.13638                                588.40921                        9.0384497
              4       1256.7415       1.0418691     0.022375807      0.11732109     0.057879384       3.0430034      0.97407658        1.001222      0.30058836      0.69933408      0.80396078      0.04792545      0.25128328      0.80474876       13.783717       147.80456       68.329187   2.0968125e-09        7.994339       11.489067       1020.7303       14.038355       1405.9243       -15.49699        -15.49699       2544.4769                                 92.294901          14.038355             1405.9243          11.489067                      21.530074                      396.58765                                592.13638                         10.47622
              1       1256.6406       1.0418992     0.022431896      0.11678777     0.058552781       3.0472962       0.9737102        1.002932      0.29734887      0.70257414      0.80349665     0.047689958      0.24828949      0.79993849        13.77424       147.88537       68.583481    2.105833e-09       8.0392609       10.435709       1020.4315       12.610799       1406.6055      -14.906667       -14.906667       2543.0945                                 93.011036          12.610799             1406.6055          10.435709                      21.656741                      396.75018                                591.52777                         10.49683
              1       1256.1176       1.0418992     0.022431896      0.11678777     0.058552781       3.0472962       0.9737102       1.0016515      0.29734887      0.70257414      0.80349665     0.047689958      0.24828949      0.79993849        13.77424       147.88537       68.583481    2.105833e-09       8.0392609       10.435709       1020.3247       12.610799       1406.6055       -15.37621        -15.37621       2542.9877                                 93.011036          12.610799             1406.6055          10.435709                      21.801684                      396.73446                                591.87264                        9.9158798
              2       1258.2814       1.0416327     0.022368009      0.11665968     0.058706244       3.0481611      0.97356998       1.0023098      0.29780812      0.70211467      0.80338667     0.047693046      0.24874164       0.8004464       13.788393       147.99141        68.48353   2.1076551e-09       8.0666351       10.568858       1023.6547       13.162775       1406.5044      -15.190899       -15.190899       2546.9446                                 93.053898          13.162775             1406.5044          10.568858                      21.779014                      396.78424                                595.24921                        9.8422347
              4       1258.1404       1.0415986     0.022402168       0.1168007     0.057202347       3.0470168      0.97355325       1.0029115      0.29846408      0.70145864      0.80324551     0.047811124      0.24927823      0.80118667       13.786452       147.91502       68.451119   2.1052446e-09       7.9122162       10.800454       1022.6335       13.344304       1406.3627      -14.930796       -14.930796       2546.1424                                 93.001391          13.344304             1406.3627          10.800454                      21.764084                      396.40264                                594.72506                        9.7417732
              1       1257.6791       1.0414603     0.022513543      0.11717061        0.058174       3.0476474       0.9708285       1.0014484      0.30020537      0.69971716      0.80337127     0.048163393      0.25066397      0.80364619       13.780471       147.69132       68.369654   2.1065728e-09       7.9887238       11.834575       1020.5873        13.80606        1406.001      -15.353386       -15.353386       2546.0651                                 93.836076           13.80606              1406.001          11.834575                      22.332525                      396.71175                                 592.3117                        9.2313571
              1       1257.3243       1.0414785     0.022522973      0.11721646     0.058333189       3.0476386      0.97128447       1.0012527      0.30034179      0.69958073      0.80364408      0.04818648      0.25077722      0.80410175       13.779139       147.66853       68.367588   2.1065541e-09       8.0027618       11.915306       1020.2339       13.817871       1405.9736      -15.384073       -15.384073       2545.4168                                 93.476217          13.817871             1405.9736          11.915306                      22.255613                      396.72248                                592.02976                        9.2260092
              4       1257.7652       1.0414547      0.02252013      0.11733387      0.05643655       3.0451128      0.97131337       1.0017115      0.30105438      0.69886802      0.80304016      0.04825533      0.25141882      0.80445011       13.780716       147.64005       68.314485   2.1012401e-09       7.8174591       12.378363       1020.2027       14.123227       1405.8323      -15.278835       -15.278835        2546.088                                 93.551469          14.123227             1405.8323          12.378363                      22.199622                      396.25835                                592.45535                        9.2893484
              3       1259.2615       1.0414547      0.02252013      0.11733387      0.05643655       3.0451128      0.97131337       1.0008279      0.30105438      0.69886802      0.80304016      0.04825533      0.25141882      0.80445011       13.780716       147.64005       68.314485   2.1012401e-09       7.8174591       12.378363       1023.5544       14.123227       1405.8323       -15.45835        -15.45835       2549.4397                                 93.551469          14.123227             1405.8323          12.378363                      22.311633                      396.29332                                595.92464                        9.0248001
              1       1260.1971       1.0413589     0.022477751      0.11769444     0.056662085       3.0427347      0.97207668      0.99937288      0.30351487      0.69640708      0.80365909     0.048448443      0.25367806      0.80835331       13.789827       147.59066       68.114021   2.0962492e-09       7.8553619       14.343368       1023.8008       15.306027       1405.3711      -15.527824       -15.527824       2551.4499                                 92.628703          15.306027             1405.3711          14.343368                      22.122635                      396.32703                                 596.3196                        9.0314923
              3       1258.0982       1.0416534     0.022464971      0.11801864      0.05592924       3.0435331      0.97201164      0.99999124      0.30444923      0.69547265      0.80539333     0.048462782      0.25459688      0.81134364       13.783925       147.51814       68.084579   2.0979234e-09       7.7907867        14.80071       1019.5765       15.483745       1405.2068      -15.570609       -15.570609       2547.3376                                 92.269897          15.483745             1405.2068           14.80071                      22.159118                      396.20358                                592.27634                        8.9374864
              3       1259.7841       1.0415219     0.022418698       0.1177971     0.056883633       3.0419189      0.97402963      0.99895529      0.30392249      0.69599938      0.80467212     0.048371075      0.25416161      0.80991557       13.791762       147.62896       68.078868   2.0945396e-09       7.8925629       14.338107       1023.3298       15.518342       1405.2986      -15.514342       -15.514342       2550.5968                                 92.111929          15.518342             1405.2986          14.338107                      21.754735                      396.39935                                595.97099                        9.2047223
              6       1259.7371       1.0415482     0.022429409      0.11770785     0.056729156       3.0424967      0.97481578        0.999472      0.30330176      0.69662022      0.80481754     0.048322288      0.25359174      0.80923429       13.789406        147.6409       68.129495   2.0957502e-09       7.8736115       13.778619       1024.1501       15.213033       1405.4094       -15.57356        -15.57356       2550.6214                                 92.070311          15.213033             1405.4094          13.778619                      21.631495                         396.35                                596.92867                        9.2398881
              1       1258.1641       1.0415482     0.022429409      0.11770785     0.056729156       3.0424967      0.97481578       1.0011355      0.30330176      0.69662022      0.80481754     0.048322288      0.25359174      0.80923429       13.789406        147.6409       68.129495   2.0957502e-09       7.8736115       13.778619       1020.8423       15.213033       1405.4094      -15.492706       -15.492706       2547.3136                                 92.070311          15.213033             1405.4094          13.778619                      21.452786                      396.35397                                593.25686                        9.7786484
              3        1258.308       1.0415359     0.022432019      0.11768428     0.056875068       3.0428854      0.97488402       1.0012076      0.30319682      0.69672518      0.80489157     0.048318385      0.25349097       0.8091687       13.789383       147.64432        68.13621    2.096565e-09       7.8869476       13.710215       1021.1897       15.172761       1405.4284      -15.477666       -15.477666       2547.5713                                 92.070312          15.172761             1405.4284          13.710215                      21.445665                      396.37374                                 593.6116                        9.7587013
              4       1258.6228       1.0415359     0.022432019      0.11768428     0.056875068       3.0428854      0.97488402       1.0002172      0.30319682      0.69672518      0.80489157     0.048318385      0.25349097       0.8091687       13.789383       147.64432        68.13621    2.096565e-09       7.8869476       13.710215        1022.045       15.172761       1405.4284       -15.59055        -15.59055       2548.4267                                 92.070312          15.172761             1405.4284          13.710215                      21.550839                      396.35416                                594.71872                        9.4212885
              3        1259.042       1.0415163     0.022477334      0.11738636      0.05286086       3.0368522       0.9750911        1.001299      0.30139834      0.69852398      0.80129944     0.048215329       0.2518013      0.80316475       13.783706       147.67331       68.277848   2.0839542e-09       7.4672089       12.461688       1023.7935       14.335844       1405.7653      -15.424678       -15.424678       2548.9333                                 92.576997          14.335844             1405.7653          12.461688                      21.459796                      395.74225                                596.59135                        10.000094
              1       1260.0123       1.0414508      0.02248681      0.11731436     0.051645704        3.034989      0.97492513       1.0016061      0.30115345      0.69876891      0.80015695      0.04821792      0.25155432       0.8016937       13.784304       147.68197       68.290406   2.0800748e-09       7.3401642       12.380992       1025.1763       14.262791       1405.8129      -15.344155       -15.344155       2550.7129                                 93.079895          14.262791             1405.8129          12.380992                      21.461769                      395.74136                                597.81152                        10.161674
              1       1260.0426       1.0414293     0.022479978      0.11731981     0.051965618         3.03518      0.97477962       1.0014144      0.30128564      0.69863668      0.80021695     0.048224903      0.25167891      0.80192977       13.785704       147.68814       68.275087   2.0804723e-09       7.3745575       12.476461        1025.171       14.351934       1405.7871      -15.397149       -15.397149       2550.8795                                 93.093026          14.351934             1405.7871          12.476461                      21.483438                      395.72804                                597.82127                        10.138204
              3       1259.7931       1.0414272     0.022480671      0.11735537     0.052230906       3.0363567      0.97432288       1.0016385      0.30147778       0.6984445      0.80066662     0.048244694      0.25185074      0.80263622       13.785862       147.67786       68.262134   2.0829217e-09       7.4019318       12.612895       1024.4041       14.427528       1405.7499      -15.341756       -15.341756       2550.2697                                 93.075296          14.427528             1405.7499          12.612895                      21.564868                      395.72845                                597.13692                        9.9738426
              4       1263.0719       1.0414182     0.022553461       0.1183811     0.046604572       3.0251009      0.97293283       1.0001993      0.30658966      0.69333192      0.79895231     0.048839679       0.2563551      0.80767935       13.783159       147.32253       67.954809   2.0596082e-09       6.8158417       17.882366       1024.7973       16.279305       1404.8526      -15.464523       -15.464523       2557.0729                                 93.261262          16.279305             1404.8526          17.882366                      21.735815                      395.97242                                597.14272                        9.9463727
              1       1263.9268       1.0414619     0.022601067      0.11825158     0.045965977       3.0201559      0.97277697      0.99848895      0.30547893       0.6944429      0.79634063     0.048793688      0.25529461      0.80357955       13.776165       147.30423       68.058544   2.0494486e-09       6.7365265       16.643082       1025.9552        15.64176       1405.0326       -15.20601        -15.20601       2558.2656                                 94.993032           15.64176             1405.0326          16.643082                      21.760756                      396.11956                                 597.5341                        10.540781
              3       1263.7522       1.0414619     0.022601067      0.11825158     0.045965977       3.0201559      0.97277697      0.99862288      0.30547893       0.6944429      0.79634063     0.048793688      0.25529461      0.80357955       13.776165       147.30423       68.058544   2.0494486e-09       6.7365265       16.643082       1025.6678        15.64176       1405.0326      -15.236955       -15.236955       2557.9782                                 94.993032           15.64176             1405.0326          16.643082                      21.745809                      396.11956                                597.19657                        10.605856
              1       1259.8094       1.0415232      0.02256436      0.11829713     0.055027861       3.0354015      0.96974873      0.99719136      0.30575528      0.69416647      0.80186447     0.048755464      0.25560801      0.80951953        13.77847        147.3335       68.029905   2.0809331e-09       7.6826935       16.723238       1018.0677       15.816496        1404.987      -14.819991       -14.819991       2549.2588                                 93.664422          15.816496              1404.987          16.723238                      22.490273                      396.06765                                590.16473                        9.3450117
              1       1260.1516       1.0416012     0.022575178      0.11840286     0.054236794        3.032902      0.96955774      0.99658186       0.3060255      0.69389625      0.80119069     0.048781769      0.25585184      0.80919664       13.775475       147.29331       68.027861   2.0757383e-09       7.6019745       16.950768       1017.6076       15.829005        1404.943      -14.499007       -14.499007       2549.3012                                 93.970884          15.829005              1404.943          16.950768                      22.516015                       395.9509                                589.66822                        9.4724458
              1       1259.2353       1.0417486     0.022765598      0.11733412     0.060756703       3.0446516      0.97288794      0.99681457      0.29878483       0.7011383      0.80257202      0.04832904      0.24908835      0.80094493       13.745745         147.368       68.633389   2.1002713e-09       8.1866608       11.303197       1023.2973        12.33961       1406.2946      -14.176306       -14.176306       2546.8232                                  93.58845           12.33961             1406.2946          11.303197                      22.188081                      397.35286                                594.25457                        9.5018061
              1       1257.7714       1.0420935      0.02278138      0.11756673     0.057406518        3.048905      0.96930746       1.0011108      0.29890946      0.70101377      0.80423107     0.048297479      0.24924639      0.80276799       13.734903       147.28818       68.679604   2.1092236e-09       7.8602753       11.151712        1021.203       12.091115       1406.2684       -14.84053        -14.84053       2545.2239                                   94.5097          12.091115             1406.2684          11.151712                      22.919366                      396.47978                                592.87307                         8.930806
              1       1256.8664       1.0421571      0.02273211      0.11742374     0.057155606       3.0475529      0.97002692       1.0010466      0.29825129        0.701672      0.80366876     0.048152571      0.24873427      0.80132303       13.737589       147.38079       68.708448   2.1063737e-09       7.8441315       10.810032       1020.0223       11.937302       1406.4085      -14.997998       -14.997998       2543.7289                                 94.550682          11.937302             1406.4085          10.810032                      22.728519                      396.42679                                591.69616                        9.1708697
              1       1256.6945       1.0421571      0.02273211      0.11742374     0.057155606       3.0475529      0.97002692       1.0012283      0.29825129        0.701672      0.80366876     0.048152571      0.24873427      0.80132303       13.737589       147.38079       68.708448   2.1063737e-09       7.8441315       10.810032       1019.6124       11.937302       1406.4085       -14.96492        -14.96492       2543.3189                                 94.550682          11.937302             1406.4085          10.810032                      22.703579                      396.40387                                591.27637                        9.2285432
              2       1259.1413       1.0420264     0.022721689      0.11712085     0.056689555       3.0452593      0.96814047       1.0008535       0.2970992      0.70282422       0.8010356       0.0480515      0.24768549      0.79715345       13.741144       147.47326       68.764902   2.1015479e-09       7.7957001       10.548144       1021.3929       11.639108       1406.6611      -15.056037       -15.056037       2548.3947                                 98.153482          11.639108             1406.6611          10.548144                      23.055354                       396.3319                                592.48871                        9.5169077
              2       1258.2151       1.0420803     0.022737493      0.11618133      0.05996256       3.0519107      0.97609201       1.0024521      0.29194863      0.70797562       0.8027878     0.047564053      0.24303712      0.79194197       13.733283       147.70815       69.140397   2.1155729e-09        8.096817       10.983195       1023.4056       9.7517043       1407.9046      -14.589455       -14.589455       2545.6091                                 93.564014          9.7517043             1407.9046          10.983195                      21.622414                      396.94311                                594.73947                        10.100612
              2       1258.5239       1.0420803     0.022737493      0.11618133      0.05996256       3.0519107      0.97609201         1.00217      0.29194863      0.70797562       0.8027878     0.047564053      0.24303712      0.79194197       13.733283       147.70815       69.140397   2.1155729e-09        8.096817       10.983195       1024.2319       9.7517043       1407.9046      -14.693791       -14.693791       2546.4354                                 93.564014          9.7517043             1407.9046          10.983195                       21.65362                      396.95531                                595.64895                        9.9739898
              2       1258.4952       1.0420931     0.022738171      0.11620434      0.05976076       3.0515671      0.97611152       1.0021666      0.29202768      0.70789657      0.80274688     0.047570274      0.24310981      0.79200879       13.732942       147.70118       69.136905    2.114846e-09       8.0771637       10.957446       1024.2174       9.7684843       1407.8841      -14.693039       -14.693039       2546.3765                                 93.549097          9.7684843             1407.8841          10.957446                      21.647432                      396.88662                                 595.6965                        9.9868273
              4       1257.8238       1.0420682     0.022702561      0.11630325     0.061809477       3.0562898       0.9728382         1.00223      0.29280935      0.70711472      0.80411548     0.047601321      0.24385745      0.79442019       13.737964       147.71436       69.060214   2.1248574e-09       8.2849274       10.712964       1022.2745       10.140727       1407.6837      -14.767088       -14.767088       2545.1818                                 94.369877          10.140727             1407.6837          10.712964                      22.272804                      397.66194                                592.94121                        9.3985923
              9       1258.7438       1.0420682     0.022702561      0.11630325     0.061809477       3.0562898       0.9728382       1.0041067      0.29280935      0.70711472      0.80411548     0.047601321      0.24385745      0.79442019       13.737964       147.71436       69.060214   2.1248574e-09       8.2849274       10.712964       1022.2119       10.140727       1407.6837      -13.815731       -13.815731       2545.1191                                 94.369877          10.140727             1407.6837          10.712964                      22.039787                      397.63886                                592.34996                        10.183269
              4       1258.7288       1.0422169     0.022730634      0.11648079      0.06091793       3.0538511       0.9725847       1.0034611      0.29315229      0.70677181       0.8037015     0.047645853      0.24415626      0.79447602       13.731428       147.63533       69.070598   2.1196819e-09       8.1957855       10.640731       1022.7881       10.089917       1407.5972      -14.131413       -14.131413       2545.7204                                 94.604479          10.089917             1407.5972          10.640731                      22.092681                      397.33915                                593.04459                        10.311693
              1       1257.4018       1.0422169     0.022730634      0.11648079      0.06091793       3.0538511       0.9725847       1.0022257      0.29315229      0.70677181       0.8037015     0.047645853      0.24415626      0.79447602       13.731428       147.63533       69.070598   2.1196819e-09       8.1957855       10.640731       1021.2582       10.089917       1407.5972       -14.69345        -14.69345       2544.1905                                 94.604479          10.089917             1407.5972          10.640731                      22.246446                      397.36139                                591.89394                         9.756438
              1       1256.9396       1.0424535     0.022679917      0.11669984     0.059964832        3.053063      0.97271084       1.0025742      0.29389468      0.70602931      0.80462504     0.047602641      0.24494007      0.79639547       13.730862       147.63276       69.024808    2.118012e-09       8.1199799       10.541019       1021.2458       10.314927       1407.4127      -14.691253       -14.691253       2543.2616                                 93.747162          10.314927             1407.4127          10.541019                      22.194636                      397.10915                                592.17833                        9.7636841
              3       1257.2445       1.0423419     0.022515989      0.11655864     0.062497378       3.0551896      0.97047455       1.0017481      0.29438977      0.70553393      0.80488504     0.047441566        0.245591      0.79732354       13.750956       147.85351       68.891559   2.1225209e-09       8.4007416       10.487938       1021.6601       10.983827       1407.2918      -15.273799       -15.273799       2545.0365                                 94.612793          10.983827             1407.2918          10.487938                      22.572168                      398.05848                                591.32035                        9.7091471
              4       1257.5054       1.0423419     0.022515989      0.11655864     0.062497378       3.0551896      0.97047455       1.0011338      0.29438977      0.70553393      0.80488504     0.047441566        0.245591      0.79732354       13.750956       147.85351       68.891559   2.1225209e-09       8.4007416       10.487938       1022.4652       10.983827       1407.2918      -15.415426       -15.415426       2545.8416                                 94.612793          10.983827             1407.2918          10.487938                      22.655372                      398.06028                                592.27887                        9.4706918
              3       1257.4972       1.0423156     0.022483121      0.11661473     0.063621203       3.0579169      0.96986911       1.0013623      0.29494271      0.70498086      0.80611313       0.0474534      0.24612978      0.79928967       13.755522       147.87522       68.832673   2.1283176e-09       8.5172577       10.397016       1022.8198       11.286123       1407.1589      -15.405701       -15.405701       2545.8058                                 94.144089          11.286123             1407.1589          10.397016                      22.799781                      398.59081                                592.22138                        9.2077799
              2       1258.1172       1.0424122     0.022483115      0.11676456     0.064101994       3.0603048      0.96841733       1.0017173      0.29544954      0.70447398      0.80724424     0.047484023      0.24660511      0.80109863       13.753379       147.83492       68.810465   2.1334059e-09        8.566391       10.343629       1023.9035       11.401196       1407.0389      -15.318248       -15.318248        2546.871                                 94.183756          11.401196             1407.0389          10.343629                      23.155876                      398.86642                                592.94295                        8.9382041
              2       1257.8008       1.0425234     0.022457362      0.11685685     0.064914154       3.0601125      0.96937142       1.0009059      0.29575627      0.70416721      0.80799512     0.047456301       0.2469388      0.80225991       13.753266       147.83892       68.791128   2.1329956e-09       8.6520233       10.328903       1024.4904       11.501867       1406.9672      -15.511137       -15.511137       2546.6238                                 93.335471          11.501867             1406.9672          10.328903                      22.956811                      399.19552                                593.32827                        9.0097806
              5       1256.6248        1.042555     0.022499265      0.11720389      0.06150102       3.0550262       0.9696113       1.0011934      0.29725327      0.70267004      0.80709707     0.047653076      0.24823592      0.80339377       13.749535        147.6986       68.712966   2.1221741e-09       8.3200226       10.319499        1021.973       11.913297       1406.6268       -15.42359        -15.42359       2544.0968                                 93.264192          11.913297             1406.6268          10.319499                      22.834583                      397.79543                                592.25011                        9.0928914
              3       1256.3683        1.042555     0.022499265      0.11720389      0.06150102       3.0550262       0.9696113         1.00177      0.29725327      0.70267004      0.80709707     0.047653076      0.24823592      0.80339377       13.749535        147.6986       68.712966   2.1221741e-09       8.3200226       10.319499       1021.1867       11.913297       1406.6268      -15.286889       -15.286889       2543.3105                                 93.264192          11.913297             1406.6268          10.319499                       22.75418                      397.79063                                591.37276                        9.2691382
              2       1256.5055       1.0425522     0.022483273      0.11716925     0.061730667       3.0554553      0.96958567       1.0018401      0.29716944      0.70275386      0.80720512     0.047622955       0.2481821      0.80338801       13.751158       147.72573        68.71026   2.1230851e-09       8.3452911       10.309183        1021.446       11.927672       1406.6454      -15.283131       -15.283131       2543.5773                                 93.248957          11.927672             1406.6454          10.309183                      22.754011                      397.85574                                591.56766                        9.2686346
              1       1256.4338       1.0426327     0.022535205      0.11721877     0.062828629       3.0584702      0.97014216       1.0020342      0.29690203      0.70302139      0.80861996     0.047655541      0.24788433      0.80443399        13.74346       147.65471       68.766046   2.1294955e-09       8.4400482       10.297612       1021.8424       11.633107       1406.7053       -15.16259        -15.16259       2543.1928                                 92.714361          11.633107             1406.7053          10.297612                      22.731108                      398.28186                                 591.7563                        9.0731561
              3       1256.5982       1.0426056     0.022455625      0.11760953     0.065872983       3.0626679      0.96887577       1.0009303      0.29949368      0.70042925      0.81161634     0.047795831      0.25032683      0.81093115       13.754617       147.63888       68.543702   2.1384533e-09       8.7580109       10.717428       1022.0313       12.829058       1406.1464      -15.508905       -15.508905       2544.2142                                 92.490004          12.829058             1406.1464          10.717428                      23.043436                      399.76626                                590.50252                        8.7190436
              1       1254.8689       1.0421974     0.022552816      0.11771668     0.065512999       3.0563108      0.97104799      0.99826159      0.30070693       0.6992158      0.80932064     0.048127268      0.25120509      0.81027363       13.756899        147.5021       68.454939    2.124902e-09       8.7011566       11.590022       1017.0528       13.322843       1405.9008      -15.226893       -15.226893       2540.1915                                 92.325022          13.322843             1405.9008          11.590022                      22.556331                      399.42021                                586.15434                        8.9219416
              1       1255.0902       1.0421974     0.022552816      0.11771668     0.065512999       3.0563108      0.97104799      0.99871408      0.30070693       0.6992158      0.80932064     0.048127268      0.25120509      0.81027363       13.756899        147.5021       68.454939    2.124902e-09       8.7011566       11.590022       1017.7145       13.322843       1405.9008       -15.33637        -15.33637       2540.8532                                 92.325022          13.322843             1405.9008          11.590022                      22.495822                      399.41815                                586.76852                        9.0319915
              1       1255.1267       1.0421285      0.02257056      0.11763934     0.066488671       3.0631334      0.97278334       1.0011319      0.30039828      0.69952449      0.81221709     0.048136053      0.25088849      0.81275607       13.756694       147.50316       68.475613   2.1394489e-09       8.7874908       11.507997        1017.146          13.207       1405.9623      -15.338719       -15.338719       2540.9309                                 93.107588             13.207             1405.9623          11.507997                      22.215067                      399.78848                                586.39177                        8.7506427
              2        1255.372       1.0421362      0.02259412      0.11783693     0.063831422       3.0577903      0.97350623       1.0008729      0.30128864      0.69863402      0.81087633     0.048253361      0.25165963      0.81261602       13.754879       147.42399       68.428014   2.1280482e-09       8.5326996       12.046306       1017.1613        13.47447       1405.7867       -15.34028        -15.34028       2541.4246                                 92.955801           13.47447             1405.7867          12.046306                      22.018065                      398.57542                                587.64692                         8.920921
              1       1255.3752       1.0421362      0.02259412      0.11783693     0.063831422       3.0577903      0.97350623       1.0008768      0.30128864      0.69863402      0.81087633     0.048253361      0.25165963      0.81261602       13.754879       147.42399       68.428014   2.1280482e-09       8.5326996       12.046306       1017.1665        13.47447       1405.7867      -15.339729       -15.339729       2541.4298                                 92.955801           13.47447             1405.7867          12.046306                      22.017589                      398.57542                                587.65179                        8.9217382
              3       1256.3366       1.0423636     0.022699797      0.11777042     0.065395422        3.062425      0.97321055       1.0012389       0.2996567      0.70026641       0.8121919      0.04820308      0.25008579      0.81172705       13.736524       147.32479       68.623616   2.1379339e-09       8.6548309       11.186306       1020.0605       12.392482       1406.1129      -15.049208       -15.049208       2542.7715                                 93.019297          12.392482             1406.1129          11.186306                      22.215032                      399.22824                                589.86702                        8.7502491
              1       1256.3772       1.0424073     0.022683352      0.11794766      0.06426788       3.0590728      0.97281329       1.0005451      0.30055854      0.69936442      0.81143817     0.048258136      0.25093002      0.81219318       13.737805       147.29563       68.559611   2.1307792e-09       8.5551605       11.566782       1020.0672       12.741544       1405.9304      -15.189262       -15.189262        2543.133                                 92.827049          12.741544             1405.9304          11.566782                       22.24154                      398.78222                                590.20167                        8.8417749
              2       1256.6156       1.0425184     0.022727734      0.11776107     0.064374761       3.0597245      0.97182948          1.0007      0.29899268      0.70093061      0.81065412     0.048149115      0.24947895      0.80929199       13.728903       147.29629       68.704299   2.1321683e-09       8.5509491       10.869861       1021.9429       11.959366       1406.2509      -15.058576       -15.058576       2543.3483                                 92.325282          11.959366             1406.2509          10.869861                      22.482742                      398.81015                                 591.8088                        8.8412473
              3       1257.0213       1.0425184     0.022727734      0.11776107     0.064374761       3.0597245      0.97182948      0.99950656      0.29899268      0.70093061      0.81065412     0.048149115      0.24947895      0.80929199       13.728903       147.29629       68.704299   2.1321683e-09       8.5509491       10.869861       1022.7937       11.959366       1406.2509      -15.078293       -15.078293       2544.1991                                 92.325282          11.959366             1406.2509          10.869861                      22.642831                      398.81773                                592.70427                        8.6289161
              3        1256.641       1.0423525      0.02270541      0.11728622     0.067778879       3.0606664      0.97269151      0.99754094      0.29710988      0.70281362      0.80957187     0.047967894      0.24778117      0.80566283       13.733973       147.44808       68.800144   2.1341775e-09       8.8682098       10.433636       1021.8836        11.45487       1406.6588      -14.673791       -14.673791       2542.6296                                 92.198813           11.45487             1406.6588          10.433636                      22.521057                      400.34889                                590.25093                        8.7626873
              1       1256.3273       1.0424307     0.022631049       0.1175977     0.065855605       3.0566123      0.97255356      0.99728246      0.29894198      0.70098118      0.80937055     0.048024648      0.24955043      0.80794207       13.741046       147.44709       68.646793   2.1255429e-09       8.7123871       10.791905       1020.5835       12.267276       1406.2615      -14.739598       -14.739598       2542.1338                                 92.229597          12.267276             1406.2615          10.791905                      22.441328                      399.50377                                589.75487                        8.8835477
              3       1256.7894       1.0424307     0.022631049       0.1175977     0.065855605       3.0566123      0.97255356      0.99699996      0.29894198      0.70098118      0.80937055     0.048024648      0.24955043      0.80794207       13.741046       147.44709       68.646793   2.1255429e-09       8.7123871       10.791905       1021.2493       12.267276       1406.2615      -14.610381       -14.610381       2542.7996                                 92.229597          12.267276             1406.2615          10.791905                      22.478686                      399.50174                                590.44489                        8.8239521
              4       1255.7894       1.0422697     0.022585055       0.1174828     0.064939862       3.0552783      0.97290939      0.99755696      0.29907106      0.70085198      0.80858872     0.048002563      0.24969944      0.80733587       13.750203       147.52878       68.592774   2.1227093e-09       8.6344757       10.866554       1019.6055       12.560077       1406.2344      -14.939623       -14.939623        2541.458                                  92.19151          12.560077             1406.2344          10.866554                      22.328517                      399.09096                                589.28462                        8.9013627
              2        1255.911       1.0423668      0.02257055      0.11757793     0.065486858       3.0571618       0.9722225      0.99777897       0.2993712       0.7005518      0.80961804     0.047992381      0.25000918      0.80876912        13.74931        147.5195       68.578017   2.1267111e-09       8.6920319       10.907474       1019.9149       12.640667       1406.1718      -15.046597       -15.046597       2541.9152                                 92.280334          12.640667             1406.1718          10.907474                      22.489741                      399.38248                                589.24898                          8.79374
              3       1255.5072       1.0423582     0.022491654      0.11756569     0.061545249       3.0512966       0.9727259      0.99895235      0.29978336      0.70013948       0.8076852     0.047921484      0.25048946      0.80739352       13.757931        147.6101       68.508675    2.114274e-09        8.331955       10.977383       1019.6516       13.022797       1406.0868        -15.4578         -15.4578         2541.93                                  92.19145          13.022797             1406.0868          10.977383                      22.218731                      397.75221                                590.58548                        9.0951501
              6       1255.6557       1.0423582     0.022491654      0.11756569     0.061545249       3.0512966       0.9727259      0.99887569      0.29978336      0.70013948       0.8076852     0.047921484      0.25048946      0.80739352       13.757931        147.6101       68.508675    2.114274e-09        8.331955       10.977383       1019.9219       13.022797       1406.0868       -15.44448        -15.44448       2542.2003                                  92.19145          13.022797             1406.0868          10.977383                       22.22843                      397.75221                                590.86586                        9.0753781
              6       1255.5686       1.0423582     0.022491654      0.11756569     0.061545249       3.0512966       0.9727259      0.99891996      0.29978336      0.70013948       0.8076852     0.047921484      0.25048946      0.80739352       13.757931        147.6101       68.508675    2.114274e-09        8.331955       10.977383       1019.7633       13.022797       1406.0868      -15.452287       -15.452287       2542.0418                                  92.19145          13.022797             1406.0868          10.977383                      22.222826                      397.75221                                590.70154                        9.0867549
              1       1255.5342       1.0423565     0.022492144      0.11755452     0.061556862       3.0514661      0.97272359      0.99899761       0.2997265      0.70019635      0.80771023     0.047917073      0.25043717      0.80734197       13.757877       147.61255       68.512574   2.1146325e-09       8.3333588       10.956968        1019.749       13.001163       1406.0985      -15.464715       -15.464715       2541.9978                                 92.192209          13.001163             1406.0985          10.956968                      22.223762                      397.75221                                590.69123                        9.0818035
              2       1255.3851       1.0422436     0.022524789      0.11718051     0.061903867       3.0517054      0.97353512      0.99919082      0.29789384       0.7020293      0.80650846     0.047809211      0.24871744      0.80367241       13.755965       147.67648       68.639574   2.1151386e-09       8.3523102       10.494953       1020.1518       12.306207       1406.4858      -15.454929       -15.454929       2541.6801                                 92.241334          12.306207             1406.4858          10.494953                      22.080667                       397.8405                                590.99568                        9.2349602
              4       1256.7428       1.0421733     0.022432182      0.11678218     0.065845138       3.0605417      0.97516429       1.0004947      0.29651998      0.70340324      0.80950041     0.047559428      0.24759489      0.80479158       13.766013       147.88725       68.677969   2.1339114e-09       8.7446747       10.303015       1023.1796       12.099862       1406.7915      -15.574651       -15.574651        2544.635                                 92.261032          12.099862             1406.7915          10.303015                      21.838845                      399.41841                                592.90591                        9.0163807
              1       1257.2036       1.0422328     0.022466987      0.11671209     0.066032764       3.0603617      0.97664594       1.0003062      0.29578347      0.70413993      0.80954263     0.047526897      0.24689396      0.80383339       13.760185       147.86726       68.754746   2.1335274e-09       8.7530975       10.309265       1024.1967       11.692474       1406.9609      -15.561405       -15.561405       2545.5301                                 92.370726          11.692474             1406.9609          10.309265                      21.611329                      399.38455                                594.07294                        9.1279197
              2       1257.5951       1.0425032      0.02258485      0.11675952      0.07065544       3.0682781      0.97500176      0.99912601      0.29459231      0.70533149      0.81214042     0.047527639      0.24570915      0.80478746       13.739801       147.72352       68.934319   2.1504842e-09       9.1566925       10.451402       1024.8427       10.766885       1407.2429      -15.356343       -15.356343       2545.9029                                 92.598969          10.766885             1407.2429          10.451402                       22.13848                       401.7662                                592.21309                        8.7249634
              1        1257.654       1.0424164     0.022586502      0.11666753      0.07280721       3.0718639      0.97468461       0.9989136      0.29435237      0.70557143      0.81308336     0.047523071      0.24547401      0.80539368       13.741756       147.74663       68.940153   2.1582093e-09       9.3518219       10.480332       1024.6441       10.737453       1407.3009      -15.320186       -15.320186       2545.9484                                 92.785631          10.737453             1407.3009          10.480332                      22.260353                      402.98715                                590.80166                        8.5949148
              2       1256.1561       1.0423484     0.022571294      0.11711792     0.069905235       3.0670717       0.9716186      0.99871479      0.29699549      0.70292787      0.81179877      0.04776892      0.24786335      0.80772345       13.747584        147.6423       68.739365   2.1478914e-09       9.0977325       10.352723       1021.7322       11.773529       1406.6843      -15.307896       -15.307896        2542.928                                  92.38527          11.773529             1406.6843          10.352723                      22.772955                      401.59057                                588.83624                        8.5323945
              3       1256.1322       1.0423335     0.022591794      0.11727781     0.069986927       3.0697895      0.97139598      0.99964299      0.29776464      0.70215862      0.81330194     0.047874588      0.24852506      0.81026624        13.74661       147.57666       68.694638   2.1537369e-09       9.1026459       10.484486       1021.3325       12.010821       1406.5141      -15.395166       -15.395166       2543.0547                                 92.712859          12.010821             1406.5141          10.484486                        22.8573                       401.6697                                588.37267                        8.4328432
              2       1257.2441       1.0424335     0.022690464      0.11776268     0.067364478       3.0635144       0.9701821      0.99822761      0.29946361      0.70045954      0.81176373     0.048158038      0.24993846       0.8110377       13.735403       147.33736       68.641583   2.1402643e-09       8.8429413       11.049287       1022.4375       12.295364       1406.1527      -14.944226       -14.944226       2544.3767                                 92.441827          12.295364             1406.1527          11.049287                      23.102798                      400.34617                                590.52381                        8.4647483
              1       1257.1369       1.0424015     0.022715529      0.11785546     0.065708733       3.0631521      0.97064031      0.99943646      0.29990349      0.70001961      0.81195356      0.04824176      0.25029375      0.81182294       13.734117       147.28476       68.619864    2.139489e-09       8.6822052       11.294926       1022.1995        12.41281       1406.0624      -15.105498       -15.105498       2544.4849                                 92.515231           12.41281             1406.0624          11.294926                      22.968757                      399.51809                                 591.2488                        8.4638693
              4       1257.0373       1.0423254     0.022676799      0.11805155     0.064006029       3.0621925      0.96773606       1.0002533      0.30138839      0.69853441      0.81144545     0.048344089      0.25167108      0.81332095        13.74142       147.27519       68.488742   2.1374368e-09       8.5334015       12.099056       1020.9725       13.133701       1405.7674      -15.223702       -15.223702       2544.5221                                 92.549417          13.133701             1405.7674          12.099056                       23.54006                      398.88523                                 590.1529                        8.3943305
              2       1257.1165        1.042314     0.022689872      0.11803221     0.064394683       3.0628905      0.96779372       1.0002108      0.30124424      0.69867859      0.81161385     0.048350968      0.25152065      0.81329518       13.740277       147.26592       68.503606   2.1389294e-09       8.5670929       12.044214       1021.1848       13.050955       1405.7953      -15.193449       -15.193449       2544.6199                                  92.54451          13.050955             1405.7953          12.044214                      23.550163                      399.07931                                590.16772                        8.3876416
              1       1256.1728        1.042314     0.022689872      0.11803221     0.064394683       3.0628905      0.96779372       1.0015496      0.30124424      0.69867859      0.81161385     0.048350968      0.25152065      0.81329518       13.740277       147.26592       68.503606   2.1389294e-09       8.5670929       12.044214       1018.9203       13.050955       1405.7953      -15.004901       -15.004901       2542.3553                                  92.54451          13.050955             1405.7953          12.044214                       23.34546                      399.03337                                588.07462                         8.466841
              1       1255.1537       1.0421141     0.022659391      0.11758451     0.063935682       3.0578014      0.96892609       1.0003542      0.29964028       0.7002827      0.80828584      0.04819193      0.25007841       0.8078011       13.747379         147.419       68.570443   2.1280719e-09        8.522171       11.285574       1017.8517       12.682126       1406.1162       -15.25925        -15.25925       2540.8259                                 92.890284          12.682126             1406.1162          11.285574                       23.00677                      398.75351                                587.32146                        8.7699558
              2       1255.2611       1.0421471     0.022689926      0.11742815     0.061943493       3.0559361      0.96972025       1.0014297      0.29854367      0.70137953      0.80713031     0.048123238      0.24905428      0.80516884       13.742401       147.42674       68.665584   2.1241059e-09       8.3207245       10.864842       1018.0865       12.166232       1406.3459      -15.033344       -15.033344       2540.5888                                 93.125391          12.166232             1406.3459          10.864842                      22.802869                      397.88659                                588.46847                        8.9285567
              3       1255.4842       1.0421043     0.022711808      0.11747205      0.06175479       3.0572518      0.96949161       1.0020893      0.29877608       0.7011471      0.80761625      0.04818463      0.24922487      0.80596713       13.741552       147.39077       68.654908   2.1269026e-09       8.2982635       10.998983       1017.9976       12.223587       1406.2965      -14.791586       -14.791586       2540.5516                                 93.034843          12.223587             1406.2965          10.998983                      22.868411                       397.8345                                588.50136                        8.7933721
              5       1255.0955       1.0420569     0.022649479      0.11733384     0.063077798       3.0609109      0.96938203       1.0028978      0.29854077      0.70138236      0.80879345      0.04808302       0.2490903      0.80682402        13.74895       147.49692       68.633041   2.1346994e-09       8.4379425        10.86489       1017.0791       12.341487       1406.3465      -14.619527       -14.619527         2539.43                                 92.797972          12.341487             1406.3465           10.86489                      22.888919                      398.35875                                587.15221                        8.6792634
              8       1255.0944       1.0420569     0.022649479      0.11733384     0.063077798       3.0609109      0.96938203       1.0023333      0.29854077      0.70138236      0.80879345      0.04808302       0.2490903      0.80682402        13.74895       147.49692       68.633041   2.1346994e-09       8.4379425        10.86489       1017.5496       12.341487       1406.3465      -14.855791       -14.855791       2539.9004                                 92.797972          12.341487             1406.3465           10.86489                      22.968981                      398.36109                                587.64702                        8.5725163
              6       1255.0354       1.0420273     0.022598633       0.1172555     0.063268418       3.0615566      0.96918395       1.0026813      0.29850329      0.70141977        0.808905     0.048013162       0.2491216      0.80688465       13.754884       147.57439       68.605815   2.1360782e-09       8.4667206       10.811128       1017.2226       12.489073       1406.3544      -14.817945       -14.817945       2539.7066                                 92.829369          12.489073             1406.3544          10.811128                      22.974394                      398.48164                                587.19323                        8.5733344
              1       1257.7315       1.0417273     0.022664333      0.11699707     0.066194341       3.0645095      0.96780807       1.0011479      0.29764384      0.70227934      0.80821744     0.048080063       0.2481973      0.80503737       13.755566       147.57092       68.657654    2.142395e-09       8.7236176       10.757764       1022.4735       12.208822       1406.5405      -15.152605       -15.152605       2545.7681                                 93.787502          12.208822             1406.5405          10.757764                      23.434137                      399.80119                                590.85387                        8.3843401
              6       1257.4414       1.0417273     0.022664333      0.11699707     0.066194341       3.0645095      0.96780807        1.001847      0.29764384      0.70227934      0.80821744     0.048080063       0.2481973      0.80503737       13.755566       147.57092       68.657654    2.142395e-09       8.7236176       10.757764       1021.5585       12.208822       1406.5405      -14.985122       -14.985122        2544.853                                 93.787502          12.208822             1406.5405          10.757764                      23.328129                      399.81313                                589.91877                        8.4984285
              1       1256.2388       1.0417101     0.022666583      0.11728316     0.067105455       3.0649917      0.96930326       1.0011609      0.29919282      0.70073012      0.80986276     0.048235947      0.24958611      0.80877251       13.757209       147.49189       68.550025   2.1434283e-09       8.8141632       11.365789       1019.7878        12.79424       1406.2089      -15.145021       -15.145021       2542.7676                                 92.610928           12.79424             1406.2089          11.365789                      23.006313                      400.19942                                588.10634                        8.4757246
              3       1255.9488       1.0417562     0.022658456      0.11710304     0.067956058       3.0652139      0.97001029       1.0007707       0.2981518       0.7017713      0.80960786     0.048115303      0.24866868      0.80711015       13.755841       147.54922       68.623607   2.1439048e-09       8.8920746       10.899392       1020.0403       12.392526       1406.4299      -15.223882       -15.223882       2542.3454                                 92.583341          12.392526             1406.4299          10.899392                      22.867026                      400.60384                                588.00364                        8.5657455
              3       1255.1538       1.0421375     0.022599147      0.11749436     0.058044845        3.053568      0.97049752       1.0044743      0.29943992      0.70048303      0.80702206     0.048082992      0.24998644      0.80626838       13.752689       147.50941        68.55676   2.1190819e-09       7.9634552       11.101829       1015.1341       12.757206       1406.1575      -13.790647       -13.790647       2537.8889                                  92.73823          12.757206             1406.1575          11.101829                      22.438076                      396.64719                                586.93353                        9.1152816
              2       1255.5598       1.0422396     0.022592432       0.1169223     0.061025826       3.0577093      0.97171551       1.0043716      0.29616481      0.70375867      0.80716636      0.04773928      0.24706443      0.80199037       13.747624       147.67043        68.79289   2.1278758e-09       8.2463226       10.318261       1017.4035       11.492671       1406.8728      -13.875344       -13.875344       2538.8703                                 92.783128          11.492671             1406.8728          10.318261                      22.272474                      397.47874                                588.32407                        9.3282069
              1        1255.125       1.0423043     0.022542428      0.11712868     0.060791848       3.0556887      0.97173297       1.0036259      0.29734372      0.70257954      0.80735503      0.04776993      0.24820879      0.80377281       13.752028       147.67065        68.69467   2.1235805e-09       8.2393036       10.393099       1017.5499       12.010649       1406.6067       -14.43191        -14.43191       2539.1137                                 92.553421          12.010649             1406.6067          10.393099                      22.221182                      397.45066                                   588.45                        9.4280392
              2       1255.9132       1.0419617     0.022618216      0.11672229     0.073064824       3.0730885      0.97207258       1.0004902      0.29577521      0.70414828      0.81243012     0.047790297      0.24662391      0.80668926       13.752169       147.69662       68.795386   2.1608538e-09       9.3672638        10.34192       1021.3196       11.479659       1406.9628      -15.336924       -15.336924       2542.5002                                 92.396206          11.479659             1406.9628           10.34192                      22.578932                      403.28732                                586.88683                        8.5664742
              6       1257.9179       1.0417455     0.022492229      0.11649072     0.074271341       3.0778967      0.97357288       1.0025539      0.29588914      0.70403413      0.81437069     0.047664148      0.24685998      0.80877183       13.770926       147.89953       68.694242   2.1712687e-09       9.5062408       10.338933       1023.3383       12.012934       1406.9363      -15.023232       -15.023232       2545.8822                                 93.255733          12.012934             1406.9363          10.338933                      22.211743                      403.94371                                588.66308                         8.519757
              2       1257.8733       1.0417542     0.022495017      0.11649251     0.074342893       3.0780849      0.97353296       1.0025567      0.29585758      0.70406569      0.81443692      0.04766341      0.24682934      0.80879447       13.770376       147.89594       68.699031   2.1716772e-09       9.5118561        10.33734       1023.2527        11.98741       1406.9436      -15.019153       -15.019153       2545.7848                                 93.263746           11.98741             1406.9436           10.33734                      22.225207                      403.97576                                588.53951                        8.5122313
              1       1257.1813       1.0416539      0.02248434      0.11771964     0.067687032       3.0679879      0.97078477       1.0025143      0.30273129      0.69719088      0.81378835      0.04832662       0.2530202      0.81748444       13.780435       147.57763       68.209813   2.1498601e-09       8.9229584        13.31176       1017.2365        14.73489       1405.5135      -15.047246       -15.047246       2544.4572                                 93.660495           14.73489             1405.5135           13.31176                      22.538864                      400.56026                                585.63948                         8.497942
              1        1256.976       1.0417063     0.022476611      0.11779846     0.067598127       3.0668639      0.97083149       1.0020244      0.30304189      0.69688023      0.81370069     0.048335176      0.25332152       0.8178156       13.780069       147.56513       68.192053    2.147445e-09        8.918045       13.485415       1016.9049       14.839962       1405.4565      -15.232495       -15.232495       2544.4169                                 93.730146          14.839962             1405.4565          13.485415                      22.520634                      400.54545                                585.30767                        8.5311003
              1       1256.5764       1.0419401     0.022509609      0.11806487      0.06363375       3.0654389      0.96971467       1.0045127      0.30357784      0.69634432      0.81377902     0.048388936       0.2538042      0.81861725       13.770813       147.45691       68.204171   2.1443871e-09       8.5376129       13.749236       1013.5502       14.768226       1405.3599      -13.896685       -13.896685       2540.9462                                 93.518623          14.768226             1405.3599          13.749236                      22.700863                      398.68301                                583.64615                        8.5201955
