#        weight    minuslogpost     theta_s_100         omega_b       omega_cdm        tau_reio            logA             n_s        A_planck         Omega_m    Omega_Lambda          sigma8         Omega_b       Omega_cdm              S8             age         rs_drag              H0             A_s          z_reio       chi2__BAO       chi2__CMB        chi2__H0        chi2__SN   minuslogprior minuslogprior__0            chi2 chi2__jwst_likelihood_uvlf.UVLFLikelihood chi2__H0.riess2020 chi2__sn.pantheonplus chi2__bao.desi_dr2 chi2__planck_2018_lowl.TT_clik chi2__planck_2018_lowl.EE_clik chi2__planck_2018_highl_plik.TTTEEE_lite chi2__planck_2018_lensing.native
              1       1278.2876       1.0410729     0.022249106      0.11969403     0.052167948       3.0442422      0.96263311       1.0005437      0.31668595      0.68323362      0.80882364     0.049415203      0.26584012       0.8310126       13.832039       147.31196       67.100536   2.0994116e-09        7.480545       34.579145       1034.5678       22.013884       1403.5918      -15.558065       -15.558065       2587.6913                                 92.938636          22.013884             1403.5918          34.579145                      24.163217                      395.84824                                605.60944                        8.9468644
              3       1273.0648       1.0409631      0.02245578      0.11824402     0.063581436       3.0638455      0.96510549       1.0003104      0.30780702      0.69211412      0.81167478     0.048902324      0.25750195      0.82216822       13.806588       147.46889       67.764045   2.1409731e-09       8.5474396       19.953376       1042.3485       17.484975       1404.6648      -15.570318       -15.570318       2577.2702                                 92.818544          17.484975             1404.6648          19.953376                      24.108058                      398.99807                                610.47702                        8.7653082
              1       1272.6808       1.0409692     0.022455745      0.11828761     0.063639657       3.0614754      0.96476147      0.99910114       0.3080256       0.6918955      0.81076351       0.0489219      0.25770039      0.82153671       13.806612       147.45731       67.750433   2.1359047e-09       8.5537567       20.252591       1041.0978       17.572648       1404.6322      -15.513416       -15.513416       2576.3884                                 92.833097          17.572648             1404.6322          20.252591                      24.184284                      399.03044                                609.21856                        8.6645594
              1       1271.7373       1.0409692     0.022455745      0.11828761     0.063639657       3.0614754      0.96476147      0.99928886       0.3080256       0.6918955      0.81076351       0.0489219      0.25770039      0.82153671       13.806612       147.45731       67.750433   2.1359047e-09       8.5537567       20.252591       1039.2593       17.572648       1404.6322      -15.537595       -15.537595       2574.5498                                 92.833097          17.572648             1404.6322          20.252591                      24.152967                      399.03249                                607.44375                        8.6300728
              1       1271.1573        1.041203     0.022568913      0.11816097     0.052680702       3.0451898      0.96431758       1.0014608      0.30596109      0.69396054      0.80337145      0.04884355       0.2557235       0.8113138       13.786914       147.36452        67.97539    2.101402e-09       7.4405365       17.533646       1038.2564       16.151803       1404.9534      -15.273142       -15.273142       2572.8609                                 95.965653          16.151803             1404.9534          17.533646                      24.004872                      395.79179                                610.15883                         8.300872
              3       1264.3317       1.0418844     0.022494716      0.11813871     0.053007841       3.0477121      0.96610818       1.0024567      0.30422723      0.69569479      0.80576579     0.048440144      0.25440001      0.81142286       13.774411        147.4528       68.145557    2.106709e-09       7.4910736       14.368782       1030.1189       15.116802       1405.2453      -15.059589       -15.059589       2558.7825                                  93.93271          15.116802             1405.2453          14.368782                      23.624635                      395.85517                                602.23223                        8.4068615
              2         1262.06       1.0418273      0.02260308      0.11720412     0.070428108       3.0669818      0.97130948      0.99656546       0.2987928      0.70113017      0.81137954     0.048085248      0.24933723       0.8097454       13.760122       147.58391       68.561116   2.1476982e-09        9.138443       11.026494       1030.5321       12.733282       1406.2929      -14.441278       -14.441278       2553.0026                                 92.417822          12.733282             1406.2929          11.026494                      23.040205                      401.92312                                597.22127                        8.3475217
              2       1262.8775       1.0418273      0.02260308      0.11720412     0.070428108       3.0669818      0.97130948      0.99640789       0.2987928      0.70113017      0.81137954     0.048085248      0.24933723       0.8097454       13.760122       147.58391       68.561116   2.1476982e-09        9.138443       11.026494       1031.9898       12.733282       1406.2929      -14.352703       -14.352703       2554.4603                                 92.417822          12.733282             1406.2929          11.026494                      23.063195                      401.95295                                598.62501                         8.348684
              3       1263.6204       1.0419629     0.022537723      0.11756926     0.071819987       3.0749869      0.96649748      0.99820072      0.30070356      0.69921907      0.81482682     0.048150051      0.25117737      0.81578173       13.764799       147.55891       68.415837   2.1649599e-09       9.2914581       11.740558       1033.7171       13.543321       1405.9014      -15.231193       -15.231193       2557.7033                                 92.800852          13.543321             1405.9014          11.740558                      24.295337                      403.14187                                 597.7201                        8.5597703
              3       1265.1963        1.042164     0.022573841       0.1174713     0.077645512        3.084156       0.9673527      0.99710762      0.29938469      0.70053825      0.81850964     0.048036797      0.24997718      0.81766981       13.754491       147.54561       68.551302   2.1849019e-09       9.8101654       11.023277       1036.0916       12.787216        1406.169      -14.766627       -14.766627       2559.9258                                 93.854759          12.787216              1406.169          11.023277                      24.406937                      406.74805                                596.09541                        8.8412079
              4       1258.4419        1.042164     0.022573841       0.1174713     0.077645512        3.084156       0.9673527      0.99944162      0.29938469      0.70053825      0.81850964     0.048036797      0.24997718      0.81766981       13.754491       147.54561       68.551302   2.1849019e-09       9.8101654       11.023277       1023.8716       12.787216        1406.169      -15.410952       -15.410952       2547.7058                                 93.854759          12.787216              1406.169          11.023277                      24.014146                      406.68046                                 584.7568                          8.42015
              2       1257.1502       1.0419306     0.022635181       0.1172902     0.067388158       3.0692248      0.96627144       1.0019184      0.29876209      0.70116095      0.81099021      0.04810811      0.24928495      0.80931525       13.754029       147.52489        68.59348   2.1525209e-09       8.8485565       10.996175       1021.3157       12.556228       1406.2994      -15.027445       -15.027445       2544.3554                                 93.187865          12.556228             1406.2994          10.996175                      23.865799                      400.54541                                588.65287                        8.2515844
              4       1257.0697       1.0419306     0.022635181       0.1172902     0.067388158       3.0692248      0.96627144       1.0027147      0.29876209      0.70116095      0.81099021      0.04810811      0.24928495      0.80931525       13.754029       147.52489        68.59348   2.1525209e-09       8.8485565       10.996175       1020.5644       12.556228       1406.2994      -14.732282       -14.732282       2543.6041                                 93.187865          12.556228             1406.2994          10.996175                      23.738681                      400.51623                                587.99527                        8.3141788
              2       1257.5821        1.042053     0.022635852      0.11729567     0.051564346       3.0419782      0.97101139       1.0049039      0.29842822       0.7014949      0.80160048     0.048053675      0.24900711      0.79949783       13.750337       147.52125       68.633338   2.0946638e-09       7.3015594       10.817492       1017.3642       12.339883       1406.3705      -13.396634       -13.396634       2541.9575                                 95.065426          12.339883             1406.3705          10.817492                      22.214695                      395.72327                                589.51376                        9.9125003
              1       1258.1265       1.0421791     0.022596251      0.11694685     0.053804892       3.0497062      0.97214417       1.0069295      0.29644778      0.70347565      0.80409824     0.047783298      0.24730235       0.7993235       13.749135       147.65895       68.767009   2.1109142e-09        7.532486       10.343718       1016.9338       11.628052        1406.808      -11.556012       -11.556012       2539.3651                                 93.651482          11.628052              1406.808          10.343718                      22.061783                      395.82559                                589.40448                        9.6419519
              1       1260.8573        1.042082     0.022742584      0.11604013     0.057996409       3.0560508      0.97475927       1.0067899      0.29118321      0.70874116      0.80351035     0.047496294      0.24234168      0.79161499       13.731988       147.74033       69.197443   2.1243496e-09       7.9016876       11.307869       1021.4319       9.4795646       1408.1055      -11.367771       -11.367771       2544.4501                                 94.125238          9.4795646             1408.1055          11.307869                      21.770943                      396.43099                                593.30175                        9.9282571
              1       1260.9404       1.0421578     0.022648452      0.11592143     0.062316005       3.0508731      0.98288242       1.0015007      0.29086683      0.70905751      0.80398595     0.047320546      0.24220045      0.79165312       13.739161       147.87757       69.182203   2.1133789e-09       8.3396759       11.629586       1031.2365       9.5518899       1408.1897      -15.113393       -15.113393       2552.1076                                 91.499988          9.5518899             1408.1897          11.629586                       20.61711                      397.50603                                601.76871                        11.344631
              1       1261.2122       1.0423275     0.022428989      0.11628277     0.060870738       3.0548076      0.98088942       1.0046575      0.29346951      0.70645423      0.80733229     0.047233195      0.24487983      0.79849681       13.759299       148.02507       68.909831   2.1217104e-09       8.2589569       10.794476       1028.7286       10.890858       1407.5178      -13.860755       -13.860755       2550.1459                                 92.214201          10.890858             1407.5178          10.794476                      20.772828                      397.21583                                600.20338                        10.536558
              2       1260.3358       1.0423825     0.022421701      0.11635632     0.059542706       3.0520513      0.97980865        1.004444      0.29373669      0.70618701      0.80622743     0.047238378      0.24514124      0.79776696       13.758802       148.01324       68.894855   2.1158704e-09       8.1326141       10.733186       1027.7131       10.967026       1407.4515      -14.020175       -14.020175       2548.7119                                 91.847109          10.967026             1407.4515          10.733186                      20.881696                       396.8403                                599.26925                        10.721817
              4       1260.6624       1.0423688     0.022595746      0.11678137     0.056701774       3.0576724      0.97720798       1.0084384       0.2950335       0.7048902      0.80845624     0.047610644      0.24606562      0.80173631       13.742743        147.7042       68.890813   2.1277973e-09       7.8195648        10.36152       1020.1725       10.987629       1407.1373      -9.7017336       -9.7017336       2540.7282                                 92.069283          10.987629             1407.1373           10.36152                      21.315521                      396.22052                                593.20307                        9.4334058
              4       1262.2966       1.0423475     0.022646958        0.116843     0.061186412       3.0641724      0.97994591       1.0073476      0.29513096      0.70479277      0.81192581     0.047695876       0.2460785      0.80531003       13.738216       147.63108       68.907187   2.1416731e-09       8.2484283       10.343408       1023.6678       10.904285       1407.1142      -10.977821       -10.977821       2546.5488                                 94.519115          10.904285             1407.1142          10.343408                      21.032522                      397.28954                                596.21609                        9.1296902
              2       1262.5299       1.0423082     0.022659649      0.11649751     0.061728548       3.0633319      0.98130788       1.0069153      0.29337028      0.70655373      0.81068282     0.047550828      0.24446774      0.80167511        13.73635       147.70983       69.031538   2.1398737e-09       8.2912445        10.64793       1025.7247       10.281703       1407.5426      -11.443026       -11.443026       2547.9459                                 93.748927          10.281703             1407.5426           10.64793                      20.855274                       397.3879                                598.06217                        9.4193803
             12       1257.9646       1.0422663     0.022590553      0.11688636     0.062547177        3.057404      0.97946962       1.0031344      0.29590915      0.70401438      0.80935419     0.047706974      0.24684188      0.80381701       13.746854       147.68231       68.813317   2.1272262e-09       8.3930206       10.311248       1023.5307       11.386384       1406.9318      -14.621586       -14.621586       2545.1724                                 93.012246          11.386384             1406.9318          10.311248                      21.050174                      397.79786                                595.04541                        9.6373073
              3       1256.3249       1.0423559     0.022574859      0.11695577     0.061543247       3.0560869       0.9771958       1.0032117      0.29610171       0.7038218      0.80850578     0.047686575      0.24705448      0.80323562       13.746198       147.68104       68.804122   2.1244264e-09       8.3017731       10.304577       1021.0459       11.434166       1406.8873      -14.609022       -14.609022       2541.8678                                 92.195813          11.434166             1406.8873          10.304577                      21.361566                      397.52885                                592.52901                        9.6264898
              5       1256.5131       1.0422603     0.022581203      0.11694385     0.062446849       3.0587507       0.9774876       1.0036595      0.29628091      0.70364255      0.80952035     0.047730741      0.24718863       0.8044869       13.748309       147.67727       68.781944   2.1300928e-09       8.3867035       10.317684       1020.4554       11.549836       1406.8461      -14.352306       -14.352306       2541.7309                                 92.561793          11.549836             1406.8461          10.317684                      21.336987                      397.83764                                591.87523                        9.4055865
              1       1256.8666       1.0420987     0.022724547      0.11666642      0.06535841       3.0593368      0.97801128       1.0012601      0.29449317      0.70543068      0.80818123     0.047789618      0.24534894      0.80072934       13.736494       147.59266       68.957394   2.1313418e-09        8.624649         10.3836       1023.3982       10.650713       1407.2668      -14.979507       -14.979507       2543.6921                                 91.992779          10.650713             1407.2668            10.3836                       21.36491                      398.89213                                593.63434                        9.5068149
              3       1256.9469       1.0420132     0.022678997       0.1167765     0.062788985       3.0527534      0.97862981       1.0006725      0.29557041      0.70435319      0.80622868      0.04784624      0.24636523      0.80025444       13.744425       147.61347       68.847475   2.1173564e-09       8.3930206       10.346104       1023.8604       11.209749       1407.0106      -15.187388       -15.187388       2544.2685                                 91.841659          11.209749             1407.0106          10.346104                      21.175834                      397.87459                                 594.8505                        9.9594692
              1       1257.2197       1.0420644     0.022462766       0.1171111     0.064630937       3.0472815      0.97483943      0.99647946      0.29840278      0.70152015      0.80498601     0.047803791      0.24922818      0.80284025       13.767591        147.7645       68.548893    2.105802e-09       8.6274567       10.631213       1021.6331       12.800471       1406.3759      -14.580915       -14.580915       2543.6011                                 92.160449          12.800471             1406.3759          10.631213                      21.657534                      398.81326                                590.84545                        10.316879
              1       1256.4988       1.0420655      0.02242288      0.11757398     0.061737889       3.0443095      0.97361314      0.99727816      0.30108565      0.69883683      0.80519818     0.048003124      0.25170355       0.8066538       13.774035       147.68451        68.34566   2.0995528e-09       8.3670502       11.681886       1019.3849       13.943561       1405.8262      -15.006821       -15.006821       2543.0112                                 92.174663          13.943561             1405.8262          11.681886                      21.784806                      397.80662                                 589.7116                        10.081866
              2       1256.7458       1.0420655      0.02242288      0.11757398     0.061737889       3.0443095      0.97361314      0.99755133      0.30108565      0.69883683      0.80519818     0.048003124      0.25170355       0.8066538       13.774035       147.68451        68.34566   2.0995528e-09       8.3670502       11.681886        1020.105       13.943561       1405.8262      -15.119816       -15.119816       2543.7313                                 92.174663          13.943561             1405.8262          11.681886                      21.753326                      397.80813                                590.34464                        10.198918
              1       1256.8326       1.0420636     0.022422321       0.1175739      0.06162756       3.0440522      0.97365621      0.99753934       0.3010941      0.69882838      0.80510833     0.048003493      0.25171159       0.8065751       13.774151       147.68514       68.344546   2.0990128e-09       8.3565216       11.687127       1020.2593       13.949959       1405.8245      -15.115403       -15.115403        2543.896                                 92.175093          13.949959             1405.8245          11.687127                      21.741783                      397.72855                                590.56646                        10.222502
              1       1256.4949       1.0417813     0.022561918      0.11771048     0.064965314        3.053784      0.97268027      0.99843623      0.30185416      0.69806828      0.80837438     0.048329379      0.25214499      0.81086862       13.768297        147.4936       68.325434   2.1195397e-09       8.6457062       12.691512       1018.7956       14.059996       1405.6779      -15.259241       -15.259241       2543.5082                                 92.283296          14.059996             1405.6779          12.691512                      22.093479                      399.10644                                588.46091                        9.1347204
              1       1258.3117       1.0415991     0.022627802       0.1169411     0.064774507       3.0503661      0.97303433      0.99775344      0.29792945       0.7019936      0.80397334     0.048080328      0.24848044       0.8011941       13.763013       147.62639        68.60211   2.1123076e-09       8.5965729       10.873549       1023.4922       12.509224       1406.4781      -14.933268       -14.933268       2546.4899                                 93.136844          12.509224             1406.4781          10.873549                      22.016942                      398.89607                                592.73504                        9.8441594
              3       1258.3711       1.0415968     0.022628025      0.11693684     0.064799603       3.0502971      0.97312191      0.99771043      0.29791236      0.70201069      0.80395457     0.048079426      0.24846429      0.80115241       13.763036       147.62728       68.603091   2.1121618e-09       8.5986786       10.869287       1023.6094       12.503887       1406.4818      -14.917205       -14.917205       2546.5767                                 93.112259          12.503887             1406.4818          10.869287                      22.001013                      398.90631                                592.84512                        9.8570017
              3       1261.1327       1.0412712     0.022494397       0.1161055     0.066971913       3.0601743      0.97568411       1.0018246      0.29521903      0.70470419      0.80604695     0.047691625      0.24616174      0.79959834       13.782932       148.00035       68.677759   2.1331275e-09       8.8211823       10.380507       1031.0269       12.100983       1407.0931      -15.276404       -15.276404       2552.8181                                 92.216606          12.100983             1407.0931          10.380507                      21.552404                      399.80191                                599.99807                         9.674539
              2       1261.9133       1.0411912     0.022573218      0.11620342     0.067049773       3.0605998      0.97683957       1.0017309      0.29552829      0.70439496      0.80652073     0.047848138      0.24631478      0.80048728       13.777387       147.88585       68.685366   2.1340353e-09       8.8106537       10.453712       1032.7031       12.060307       1407.0204      -15.197235       -15.197235        2554.221                                 91.983487          12.060307             1407.0204          10.453712                      21.400943                      399.74039                                602.03613                        9.5256824
              1       1263.6422        1.040995     0.022543929      0.11656946     0.070445607       3.0693858      0.97331021       1.0021715      0.29820183       0.7017209      0.81023787     0.048102176      0.24872526      0.80780599       13.788188       147.82021       68.459298   2.1528677e-09       9.1412506       11.230986       1034.2154       13.298376        1406.419      -15.104304       -15.104304       2557.4931                                 92.329335          13.298376              1406.419          11.230986                       22.07816                      401.75378                                601.77228                        8.6111562
              1       1261.7447       1.0412596     0.022404334      0.11776899     0.063902628       3.0583718      0.97341954       1.0021281       0.3046415      0.69528016      0.81085101     0.048469061      0.25477893      0.81709954       13.801006       147.65315       67.988227   2.1292861e-09       8.5825348       15.357338       1023.6874       16.072534       1405.1736      -15.245814       -15.245814       2553.9811                                 93.690166          16.072534             1405.1736          15.357338                      21.802517                      398.70166                                594.38516                        8.7980499
              4       1261.6035       1.0412596     0.022404334      0.11776899     0.063902628       3.0583718      0.97341954       1.0019717       0.3046415      0.69528016      0.81085101     0.048469061      0.25477893      0.81709954       13.801006       147.65315       67.988227   2.1292861e-09       8.5825348       15.357338       1023.5074       16.072534       1405.1736      -15.297091       -15.297091       2553.8011                                 93.690166          16.072534             1405.1736          15.357338                      21.820669                      398.71748                                 594.1966                        8.7726953
              2       1260.6509       1.0411618     0.022480684      0.11742158     0.064926564       3.0612165      0.97169072       1.0023896      0.30262144      0.69730059       0.8098545      0.04840492      0.25282958      0.81338512       13.794106       147.66123       68.149083   2.1353519e-09       8.6555328       13.797837       1024.5615        15.09572       1405.5337      -15.099717       -15.099717       2551.5012                                 92.512462           15.09572             1405.5337          13.797837                      22.208644                      399.12167                                594.60265                        8.6285379
              3       1261.2104        1.041211      0.02242115      0.11766889     0.067472341       3.0679541      0.96865098       1.0028292      0.30414951      0.69577223      0.81280576     0.048455762      0.25430167       0.8184077       13.800183       147.66156        68.02307   2.1497874e-09       8.9166412        14.97702        1023.268       15.858344       1405.2588      -14.960046       -14.960046       2552.3408                                 92.978703          15.858344             1405.2588           14.97702                      22.894566                      400.61665                                591.36011                        8.3966572
              7       1261.2856       1.0412097     0.022420721      0.11767192     0.067472608       3.0679283      0.96864831       1.0028156      0.30417226      0.69574947      0.81280563     0.048457565      0.25432254      0.81843818       13.800283       147.66123       68.021153   2.1497321e-09       8.9173431       15.000235       1023.3975        15.87009       1405.2548       -14.96644        -14.96644        2552.504                                 92.981418           15.87009             1405.2548          15.000235                      22.893908                      400.61665                                591.49136                        8.3955484
              2       1263.5903       1.0413263     0.022550246      0.11680234     0.072899401       3.0766815      0.97723805       1.0030458      0.29843232      0.70149049      0.81551878      0.04807057      0.24898864       0.8133852        13.77876       147.75077       68.491395   2.1686316e-09       9.3707733       11.117889        1029.074       13.118913       1406.3695      -14.730286       -14.730286       2556.6412                                 96.960788          13.118913             1406.3695          11.117889                      21.520256                      402.92985                                596.10621                        8.5177313
              3       1264.4848       1.0413523     0.022473023      0.11703532     0.072023461       3.0735865      0.97759508       1.0024235      0.30003434      0.69988814      0.81554859     0.048109591       0.2505458      0.81559526       13.787374       147.77416       68.346286   2.1619302e-09       9.3160248       11.746883       1029.0436       13.939967       1406.0356      -15.093767       -15.093767       2559.1572                                 98.391196          13.939967             1406.0356          11.746883                      21.389951                      402.45636                                596.57466                        8.6225966
              1       1264.3379       1.0413523     0.022473023      0.11703532     0.072023461       3.0735865      0.97759508       1.0021081      0.30003434      0.69988814      0.81554859     0.048109591       0.2505458      0.81559526       13.787374       147.77416       68.346286   2.1619302e-09       9.3160248       11.746883       1028.9784       13.939967       1406.0356       -15.20809        -15.20809        2559.092                                 98.391196          13.939967             1406.0356          11.746883                      21.423152                      402.46182                                596.49939                        8.5940393
              6       1262.3715       1.0415267     0.022480339      0.11716108      0.06962686       3.0709157      0.97753948       1.0028401      0.30014848      0.69977404      0.81501571     0.048097894      0.25067242      0.81521737       13.781993       147.73197       68.365722   2.1561637e-09        9.094223       11.683421       1025.1607       13.828548       1406.0125      -14.911545       -14.911545        2554.566                                 97.880869          13.828548             1406.0125          11.683421                       21.39609                      401.16159                                 593.9541                         8.648928
              1       1262.9312       1.0415267     0.022480339      0.11716108      0.06962686       3.0709157      0.97753948       1.0035462      0.30014848      0.69977404      0.81501571     0.048097894      0.25067242      0.81521737       13.781993       147.73197       68.365722   2.1561637e-09        9.094223       11.683421       1025.5586       13.828548       1406.0125      -14.550801       -14.550801        2554.964                                 97.880869          13.828548             1406.0125          11.683421                      21.323021                      401.14201                                594.36075                        8.7328331
              1       1264.0436        1.041569     0.022577592      0.11730833     0.069857153       3.0727971      0.97801946       1.0037807      0.30025114       0.6996715      0.81608218     0.048238417      0.25063648      0.81642369       13.771044       147.58426       68.413575   2.1602241e-09       9.0935211       11.879993       1025.6641        13.55613       1405.9918      -14.286184       -14.286184       2556.6596                                 99.567476           13.55613             1405.9918          11.879993                      21.319423                      401.20364                                594.49067                        8.6504086
              1       1264.0321       1.0415613     0.022575917      0.11730175     0.069943552       3.0729451      0.97800722       1.0037836      0.30024821      0.69967441      0.81611555     0.048237201      0.25063471       0.8164531       13.771419       147.58789       68.411899   2.1605438e-09        9.101944       11.881642        1025.606       13.565628       1405.9924      -14.287219       -14.287219       2556.6386                                 99.592915          13.565628             1405.9924          11.881642                      21.321727                      401.25575                                594.37976                         8.648721
              2        1263.294       1.0415632      0.02251776       0.1175133     0.065043955       3.0684208      0.97662055       1.0059949      0.30170444       0.6982179      0.81483436     0.048293575      0.25202939       0.8171458       13.778589       147.59541       68.283837    2.150791e-09       8.6597443       12.709269       1021.4573       14.300979       1405.7064      -12.641017       -12.641017         2551.87                                 97.696064          14.300979             1405.7064          12.709269                      21.408689                      399.00731                                 592.3645                        8.6767498
              3       1263.4757       1.0415589     0.022617523       0.1168667     0.067159613       3.0748944      0.97729857       1.0074778      0.29771196       0.7022111      0.81496512     0.048052423      0.24829103      0.81185139       13.764949       147.65802       68.606438   2.1647595e-09        8.823288        10.81137       1022.7859        12.48569       1406.5255      -10.884127       -10.884127       2548.7197                                   96.1112           12.48569             1406.5255           10.81137                      21.416524                      399.85215                                592.96682                        8.5504392
              2       1264.4129       1.0415589     0.022617523       0.1168667     0.067159613       3.0748944      0.97729857       1.0080023      0.29771196       0.7022111      0.81496512     0.048052423      0.24829103      0.81185139       13.764949       147.65802       68.606438   2.1647595e-09        8.823288        10.81137       1023.3611        12.48569       1406.5255      -10.234521       -10.234521       2549.2949                                   96.1112           12.48569             1406.5255           10.81137                      21.362175                      399.84521                                593.53993                        8.6138108
              1       1265.3491       1.0414509     0.022565954      0.11699966      0.06854864        3.078292      0.97569421       1.0082233      0.29902504      0.70089773      0.81644572     0.048126362      0.24952493      0.81511797       13.774324       147.67984       68.475518    2.172127e-09       8.9685822        11.31613       1023.0835       13.207531       1406.2439      -10.038714       -10.038714       2550.7756                                 96.924577          13.207531             1406.2439           11.31613                      21.622577                      400.64195                                 592.3384                        8.4805327
              2       1265.7206       1.0419321     0.022446388       0.1168437     0.062531512       3.0748488       0.9725019       1.0122033      0.29746725      0.70245577      0.81442995      0.04771574      0.24838223      0.81098476       13.771987       147.85449       68.587093   2.1646608e-09       8.4246063       10.455134       1015.8043       12.591071       1406.5793      -3.6713168       -3.6713168       2538.7839                                 93.354141          12.591071             1406.5793          10.455134                      22.038975                      398.07864                                587.16044                        8.5262116
              2       1264.6728       1.0419208     0.022448196      0.11701087     0.060714995       3.0711708      0.97184053       1.0119409      0.29837476      0.70154812      0.81330648     0.047807439      0.24919552      0.81110046       13.772941       147.80733       68.524044   2.1567139e-09        8.251236       10.670683       1014.7852       12.937614       1406.3819      -4.1769335       -4.1769335       2537.6994                                 92.924077          12.937614             1406.3819          10.670683                      22.106461                      397.45487                                 586.6444                         8.579432
              2       1264.6386        1.041761     0.022330773      0.11584566     0.065246038       3.0667603      0.97252728       1.0074968      0.29334344      0.70658004      0.80792201     0.047187429      0.24479488      0.79890842       13.784472       148.25402       68.792125   2.1472226e-09       8.6948395       10.708852         1028.98       11.496664       1407.5491      -11.121357       -11.121357       2551.5199                                 92.785298          11.496664             1407.5491          10.708852                      21.975886                      399.15065                                598.19264                        9.6608317
              1       1263.3157        1.041761     0.022330773      0.11584566     0.065246038       3.0667603      0.97252728       1.0068041      0.29334344      0.70658004      0.80792201     0.047187429      0.24479488      0.79890842       13.784472       148.25402       68.792125   2.1472226e-09       8.6948395       10.708852       1027.9193       11.496664       1407.5491       -11.91392        -11.91392       2550.4592                                 92.785298          11.496664             1407.5491          10.708852                      22.059601                      399.15696                                597.30569                        9.3970868
              2        1263.369       1.0417261     0.022285971      0.11587443     0.066230319        3.064525       0.9718179       1.0049505       0.2938415      0.70608184      0.80706666     0.047178166      0.24529974      0.79873984       13.790445       148.29671       68.729828   2.1424283e-09       8.8001251       10.588637       1030.9883       11.823929       1407.4255      -13.643345       -13.643345       2554.0247                                 93.198297          11.823929             1407.4255          10.588637                      22.169707                      399.65334                                599.56061                        9.6046796
              1       1258.5673       1.0420118       0.0222742      0.11784012     0.057891007       3.0518592      0.96645361       1.0041804      0.30352822      0.69639369      0.80754073     0.048031561      0.25410766      0.81227549       13.792793        147.7788       68.098526   2.1154639e-09       8.0280304       13.051465       1018.5017       15.399432       1405.3687      -14.199873       -14.199873       2545.5344                                 93.213131          15.399432             1405.3687          13.051465                      23.013597                      396.79256                                589.68013                        9.0154304
              2        1256.963        1.042081     0.022284724      0.11789637     0.059628712       3.0516023      0.97019169       1.0026587      0.30356273      0.69635921      0.80879591     0.048036928       0.2541373      0.81358427       13.789869       147.75212       68.110805   2.1149205e-09        8.199295       13.028942       1017.8554       15.325388       1405.3625      -15.037841       -15.037841       2544.0016                                 92.429347          15.325388             1405.3625          13.028942                      22.287235                      397.25589                                589.08535                        9.2269509
              1       1257.0058       1.0421928      0.02228337      0.11781619     0.058105255       3.0481446      0.97055808       1.0025358      0.30280657      0.69711552       0.8073408     0.047942116      0.25347861      0.81110844       13.786296       147.77498        68.17605   2.1076203e-09       8.0476837        12.37315       1019.0086       14.934952       1405.4996      -15.088273       -15.088273       2544.1882                                  92.37191          14.934952             1405.4996           12.37315                      22.179796                      396.80956                                590.46479                        9.5544445
              1       1256.5965       1.0423842      0.02235466       0.1181056     0.060640056       3.0536041      0.96880156        1.002024      0.30337187      0.69655027      0.80988012     0.048062108      0.25392488      0.81441876       13.774326       147.61816       68.199725   2.1191583e-09       8.2863312       12.734973       1018.3515       14.794527       1405.3968      -15.291091       -15.291091       2543.7752                                 92.497402          14.794527             1405.3968          12.734973                      22.691595                      397.60031                                 589.0171                        9.0424737
              1       1256.0607       1.0423785     0.022385434      0.11802832     0.060717429       3.0537926      0.96953049       1.0020887      0.30279701      0.69712526       0.8097803     0.048052913      0.25336139      0.81354648       13.770849       147.60453       68.253182   2.1195579e-09       8.2849274       12.400829        1017.812       14.479884       1405.5014      -15.265309       -15.265309        2542.652                                 92.457898          14.479884             1405.5014          12.400829                      22.564017                      397.59836                                588.57385                        9.0757334
              4       1256.0265       1.0423785     0.022385434      0.11802832     0.060717429       3.0537926      0.96953049       1.0020631      0.30279701      0.69712526       0.8097803     0.048052913      0.25336139      0.81354648       13.770849       147.60453       68.253182   2.1195579e-09       8.2849274       12.400829       1017.7606       14.479884       1405.5014      -15.273806       -15.273806       2542.6006                                 92.457898          14.479884             1405.5014          12.400829                      22.567449                      397.59836                                588.52536                        9.0694245
              1       1256.7247       1.0424377     0.022363554      0.11820153     0.058893404       3.0486915      0.96870262       1.0011831      0.30367384      0.69624829      0.80820562     0.048093362      0.25419525      0.81313926       13.772228       147.58245       68.191123   2.1087733e-09       8.1136627       12.926035        1018.845       14.845471       1405.3427      -15.506247       -15.506247       2544.4619                                 92.502556          14.845471             1405.3427          12.926035                      22.664175                      397.06507                                589.83384                        9.2819575
              3       1256.4463       1.0424377     0.022363554      0.11820153     0.058893404       3.0486915      0.96870262       1.0009288      0.30367384      0.69624829      0.80820562     0.048093362      0.25419525      0.81313926       13.772228       147.58245       68.191123   2.1087733e-09       8.1136627       12.926035       1018.3743       14.845471       1405.3427      -15.549208       -15.549208       2543.9911                                 92.502556          14.845471             1405.3427          12.926035                      22.698989                      397.06742                                589.39735                        9.2105312
              4       1256.9664       1.0424257     0.022333531        0.118056     0.061822982       3.0524597      0.96851356       1.0002278      0.30310525      0.69681692      0.80928078     0.047998541      0.25372235      0.81345836       13.775113       147.65509       68.212611   2.1167345e-09       8.4063568        12.46237       1020.0331       14.718373        1405.445       -15.61375        -15.61375       2545.1603                                 92.501409          14.718373              1405.445           12.46237                      22.797591                      398.08756                                590.04138                         9.106581
              4       1257.0491        1.042445     0.022331958      0.11802769     0.061847831       3.0522177      0.96871462       1.0001377      0.30290562      0.69701659       0.8091706     0.047973715      0.25354816      0.81307973       13.774575       147.66442       68.227856   2.1162225e-09       8.4084625       12.307337       1020.4264       14.628528       1405.4815      -15.616187       -15.616187       2545.3306                                 92.486898          14.628528             1405.4815          12.307337                      22.754872                      398.07863                                590.44153                        9.1513299
              1       1256.9243       1.0424502     0.022340341      0.11803414      0.06189708       3.0523547      0.96879898        1.000129       0.3028759      0.69704632      0.80924397      0.04798197      0.25351047      0.81311356       13.773554       147.65335        68.23479   2.1165123e-09       8.4112701       12.299351       1020.2312       14.587755       1405.4869       -15.61722        -15.61722        2545.083                                 92.477804          14.587755             1405.4869          12.299351                       22.74623                      398.07863                                590.26497                        9.1413477
              2       1257.5502        1.042215     0.022305031      0.11819384     0.055816746       3.0372112      0.97182017      0.99896137      0.30464108      0.69528076      0.80455291     0.048142864      0.25510792      0.81075235       13.785088       147.64946       68.066819   2.0847023e-09       7.8195648       13.815795       1019.2749       15.591449       1405.1738      -15.525207       -15.525207       2546.1508                                 92.294872          15.591449             1405.1738          13.815795                      21.912373                      396.24431                                590.94685                        10.171358
              1       1255.7674       1.0420378     0.022415036      0.11787163      0.05788051       3.0413125      0.97305753      0.99913893      0.30280232      0.69711987      0.80486222     0.048160691      0.25325765      0.80861263       13.777105       147.61319        68.22183   2.0932699e-09       7.9950409       12.797532       1017.4628       14.664011       1405.5004      -15.544129       -15.544129       2542.6231                                 92.198352          14.664011             1405.5004          12.797532                      21.795572                      396.61201                                589.06996                        9.9852166
              6       1255.3931       1.0421776     0.022444252      0.11763808      0.05911822       3.0441518      0.97393799      0.99949379      0.30097247      0.69895008      0.80546973     0.048001646      0.25159321      0.80677417       13.768714       147.64327       68.379278   2.0992217e-09       8.1073456       11.573156       1018.6343       13.751103       1405.8484      -15.565948       -15.565948       2541.9181                                 92.111145          13.751103             1405.8484          11.573156                      21.704855                      396.90665                                589.99424                        10.028594
              1       1256.1857       1.0421776     0.022444252      0.11763808      0.05911822       3.0441518      0.97393799      0.99811039      0.30097247      0.69895008      0.80546973     0.048001646      0.25159321      0.80677417       13.768714       147.64327       68.379278   2.0992217e-09       8.1073456       11.573156       1019.6891       13.751103       1405.8484      -15.300797       -15.300797       2542.9729                                 92.111145          13.751103             1405.8484          11.573156                       21.86378                       396.9178                                591.39246                         9.515101
              1       1256.3706        1.042041      0.02242053      0.11762148     0.059004366       3.0435515      0.97398643      0.99807668      0.30142488      0.69849753      0.80516281     0.048036753      0.25200804      0.80707265       13.775242       147.67414       68.318153    2.097962e-09       8.1010284       11.891992       1019.4803       14.102032       1405.7602      -15.304791       -15.304791       2543.3508                                 92.116264          14.102032             1405.7602          11.891992                      21.820609                      396.87626                                591.25493                        9.5285075
              1       1256.4626       1.0420059     0.022469969      0.11718794     0.059663602       3.0436762      0.97493029      0.99793151      0.29894032      0.70098252      0.80375522     0.047876564       0.2496913      0.80233442       13.768935       147.73536       68.507757   2.0982236e-09       8.1466522       10.829816       1020.9623       13.027895       1406.2618      -15.224035       -15.224035       2543.3732                                 92.291433          13.027895             1406.2618          10.829816                      21.690158                      397.04143                                592.39574                        9.8349579
              1        1257.088        1.041991     0.022461401      0.11670097     0.065179481       3.0566503      0.97669645       0.9995393      0.29645764      0.70346557      0.80783045      0.04762907      0.24746269      0.80304691       13.767931       147.87641       68.672423   2.1256235e-09       8.6723785       10.327527       1023.9465       12.129559       1406.8057      -15.556588       -15.556588       2545.2891                                 92.079881          12.129559             1406.8057          10.327527                      21.543163                      399.01031                                594.09409                        9.2988967
              7       1256.8787       1.0418173     0.022593863      0.11690706     0.069842335       3.0735793      0.97020887       1.0020177      0.29730458       0.7026186      0.81269106     0.047930756      0.24800735      0.80903191       13.759969       147.67377       68.657519   2.1619146e-09       9.0808868       10.564935       1022.0486       12.209547       1406.6153      -15.076008       -15.076008       2543.9094                                 92.470914          12.209547             1406.6153          10.564935                      23.059009                      401.59532                                589.11226                        8.2820521
              2       1257.3438       1.0417883     0.022607723      0.11647142     0.071910292           3.069      0.97376287      0.99874937      0.29501889      0.70490465      0.81029185     0.047735105      0.24592373      0.80353678       13.757228       147.77566       68.819177   2.1520371e-09       9.2591705       10.351812       1024.1499       11.355983       1407.1407      -15.251176       -15.251176       2545.1899                                 92.191535          11.355983             1407.1407          10.351812                      22.343843                      402.48953                                590.74776                        8.5687384
              1       1257.2871       1.0417911     0.022619088      0.11652209     0.070988645       3.0703944      0.97485457       1.0002161      0.29521343      0.70471009      0.81133338     0.047769385      0.24608369      0.80483485       13.756182       147.74927       68.811769     2.15504e-09       9.1721344       10.350592       1024.0547       11.394423       1407.0946      -15.350699       -15.350699       2545.2756                                 92.381269          11.394423             1407.0946          10.350592                       22.12541                      401.87919                                591.53432                        8.5158255
              3       1257.9185       1.0417962     0.022701193      0.11653205     0.072585881       3.0756985      0.97336321       1.0008286      0.29479319      0.70513049      0.81271022     0.047843027      0.24559264      0.80562664       13.747326        147.6554       68.883471   2.1665011e-09       9.2977753       10.369486       1025.0505       11.025103       1407.1946      -15.113499       -15.113499       2546.0639                                  92.42421          11.025103             1407.1946          10.369486                      22.543808                      402.85463                                591.33992                        8.3121556
              2       1256.8829       1.0423829     0.022617988      0.11816736     0.055909487       3.0495957      0.96836355       1.0019478       0.3021737      0.69774893      0.80724617     0.048324866       0.2524726      0.81016541       13.746525       147.30872       68.413475   2.1106809e-09       7.7584991       12.448085       1019.3529       13.556698       1405.6175      -15.053083       -15.053083        2543.872                                 92.896953          13.556698             1405.6175          12.448085                      23.082796                      396.23385                                591.37313                         8.663076
              3       1257.0723       1.0422285     0.022605677       0.1183526     0.054500938       3.0471928      0.96771895       1.0019713      0.30369219      0.69623015      0.80663323     0.048481995      0.25382873      0.81158179        13.75329       147.27293       68.283932   2.1056153e-09       7.6223297       13.759115       1017.8242       14.300428       1405.3395      -15.069241       -15.069241        2544.283                                 93.059679          14.300428             1405.3395          13.759115                      23.152857                      395.99327                                590.03388                         8.644242
              3       1257.4423       1.0422473     0.022556451      0.11824365     0.057046547       3.0545465      0.96603536       1.0031499      0.30334205      0.69658029      0.80892774     0.048374681      0.25358596      0.81342106       13.757483       147.35668       68.285159   2.1211564e-09       7.8869476       13.319743       1018.1696       14.293293       1405.4022      -14.669498       -14.669498       2544.2236                                 93.038758          14.293293             1405.4022          13.319743                      23.615086                      396.56049                                589.54547                        8.4485243
              2       1257.1273       1.0420014     0.022569353      0.11738712     0.066379101       3.0634181      0.96624744      0.99971562      0.29944257      0.70048031      0.80931388     0.048066827       0.2500039      0.80856164       13.759411       147.57197       68.523073   2.1400582e-09        8.772049        11.14354       1021.3362       12.942988        1406.157       -15.43669        -15.43669       2545.1281                                 93.548336          12.942988              1406.157           11.14354                      23.840192                      400.04987                                589.10489                        8.3412854
              3       1257.1481       1.0420017     0.022569601      0.11738825     0.066419046       3.0634369      0.96621832      0.99968382      0.29944617      0.70047671      0.80931568     0.048067463      0.25000686       0.8085683        13.75938        147.5714       68.522996   2.1400984e-09       8.7762604       11.145178       1021.3624       12.943414       1406.1562      -15.434764       -15.434764       2545.1657                                 93.558423          12.943414             1406.1562          11.145178                      23.848203                      400.09034                                589.08313                        8.3407791
              3       1258.6868       1.0420045      0.02263923      0.11732582     0.061013374        3.054357      0.96598522       1.0002745      0.29871039      0.70121268      0.80507255      0.04809482      0.24924717      0.80334031       13.751566       147.51025       68.609092   2.1207544e-09       8.2407074       10.942304        1022.201       12.471264       1406.3104      -15.307337       -15.307337       2547.9883                                 96.063298          12.471264             1406.3104          10.942304                      23.756294                      397.69833                                 592.1514                        8.5950258
              4       1258.5744        1.042092     0.022632036      0.11734228     0.060636055        3.053737      0.96596898       1.0003051      0.29858191       0.7013412      0.80498208     0.048055689       0.2491585      0.80307727       13.749808        147.5138       68.626113     2.11944e-09       8.2063141       10.842129       1022.0911       12.378959       1406.3377      -15.320925       -15.320925       2547.7906                                 96.140706          12.378959             1406.3377          10.842129                      23.753366                      397.59653                                 592.0991                        8.6421428
              2       1258.2688       1.0422513     0.022555729      0.11752832     0.059472241       3.0461219      0.96673924      0.99791036      0.29953305      0.70038987      0.80326719     0.048008766      0.25015328      0.80264181       13.754093       147.54867       68.543797   2.1033615e-09       8.1143646       11.016893        1020.497       12.828536       1406.1383      -15.114985       -15.114985       2546.7676                                 96.286862          12.828536             1406.1383          11.016893                      23.449689                      397.17902                                 590.7378                         9.130501
              1       1258.4268       1.0422894     0.022561641      0.11747496     0.060737057       3.0485246      0.96658131      0.99787648      0.29910519      0.70081782      0.80400517     0.047968924      0.24976675      0.80280522       13.752076       147.55649       68.581242   2.1084213e-09       8.2357941       10.844107       1021.3007       12.623031       1406.2272      -15.094552       -15.094552       2547.0428                                  96.04771          12.623031             1406.2272          10.844107                      23.542699                      397.60728                                591.12543                        9.0253191
              3       1256.6744       1.0420828     0.022375943      0.11714283     0.064887449       3.0575491      0.96944849      0.99941941      0.29900979      0.70091296      0.80795734     0.047734642      0.24990101      0.80662283       13.776469       147.85298       68.465824   2.1275349e-09       8.6744843       10.718249       1021.4529       13.261789       1406.2471      -15.589467       -15.589467       2544.5277                                 92.847729          13.261789             1406.2471          10.718249                      22.871305                      399.28535                                590.48063                        8.8155718
              5       1256.9033       1.0420828     0.022375943      0.11714283     0.064887449       3.0575491      0.96944849      0.99929252      0.29900979      0.70091296      0.80795734     0.047734642      0.24990101      0.80662283       13.776469       147.85298       68.465824   2.1275349e-09       8.6744843       10.718249       1021.8844       13.261789       1406.2471      -15.576393       -15.576393       2544.9593                                 92.847729          13.261789             1406.2471          10.718249                      22.889295                      399.28577                                 590.9223                         8.787049
              4       1255.9363       1.0420995     0.022396997      0.11784508     0.062935885       3.0564086      0.96981846      0.99976171      0.30258118      0.69734105      0.80999397     0.048102008      0.25309576      0.81347108       13.777069       147.64087       68.235958   2.1251098e-09       8.4940948       12.535953       1017.9558       14.580897       1405.5412      -15.606283       -15.606283       2543.0851                                 92.471197          14.580897             1405.5412          12.535953                      22.783657                      398.43363                                588.10308                        8.6354146
              1       1256.1073       1.0420002     0.022422532      0.11798067     0.063215104       3.0555986      0.96876586      0.99887671      0.30345468      0.69646742      0.80961676     0.048240699      0.25382816      0.81426502       13.777937       147.57617       68.176629   2.1233892e-09       8.5172577       13.356216       1017.0465        14.93151       1405.3819      -15.498736       -15.498736       2543.2121                                 92.496002           14.93151             1405.3819          13.356216                      23.022578                      398.62874                                586.81395                        8.5812174
              1       1256.2045       1.0419875     0.022411749      0.11794078     0.063823003       3.0553355      0.96937674      0.99833003      0.30334166      0.69658044      0.80959345     0.048216865      0.25373899      0.81408993       13.779282       147.59891       68.177078   2.1228306e-09       8.5776215       13.252601       1017.1203       14.928841       1405.4022      -15.381862       -15.381862       2543.1728                                 92.468815          14.928841             1405.4022          13.252601                      22.891659                      398.85557                                586.74796                        8.6250866
              5       1256.6977       1.0419875     0.022411749      0.11794078     0.063823003       3.0553355      0.96937674      0.99810677      0.30334166      0.69658044      0.80959345     0.048216865      0.25373899      0.81408993       13.779282       147.59891       68.177078   2.1228306e-09       8.5776215       13.252601       1017.9795       14.928841       1405.4022      -15.318222       -15.318222       2544.0319                                 92.468815          14.928841             1405.4022          13.252601                      22.923361                      398.87109                                587.58655                        8.5984587
              1       1256.7215       1.0419418     0.022414512      0.11789802     0.064031053       3.0565687      0.96955443      0.99854784      0.30323294      0.69668916      0.80994673     0.048219206      0.25362803      0.81429921       13.780149       147.60729       68.179627   2.1254502e-09       8.5965729       13.222863       1018.2646       14.913694       1405.4218      -15.434991       -15.434991       2544.3129                                 92.489908          14.913694             1405.4218          13.222863                       22.89125                      398.96599                                587.83977                        8.5675708
              1       1256.5808       1.0419489     0.022411696      0.11788429     0.063600559       3.0558003      0.96974939       0.9986215      0.30315462      0.69676748       0.8096664     0.048206353      0.25356277      0.81391225       13.780174       147.61406       68.184432   2.1238175e-09       8.5551605         13.1469       1018.1357       14.885159        1405.436      -15.452969       -15.452969       2544.0675                                 92.463756          14.885159              1405.436            13.1469                      22.834257                      398.74462                                587.96219                        8.5945928
              5       1256.2498       1.0419722     0.022468304      0.11805366     0.061584229       3.0535681      0.96929928      0.99904246      0.30366277      0.69625934      0.80899797     0.048331627      0.25394554      0.81392161        13.77422        147.5056       68.181953   2.1190821e-09       8.3495026       13.678091       1017.1176       14.899881       1405.3447      -15.494425       -15.494425       2543.4884                                  92.44812          14.899881             1405.3447          13.678091                      22.921712                      397.92728                                587.68358                        8.5850775
              2       1254.6389       1.0419722     0.022468304      0.11805366     0.061584229       3.0535681      0.96929928       1.0004056      0.30366277      0.69625934      0.80899797     0.048331627      0.25394554      0.81392161        13.77422        147.5056       68.181953   2.1190821e-09       8.3495026       13.678091       1014.0162       14.899881       1405.3447      -15.554613       -15.554613        2540.387                                  92.44812          14.899881             1405.3447          13.678091                      22.730994                      397.88238                                584.61886                        8.7839948
              4        1254.684        1.041985     0.022468793      0.11808211     0.061742264       3.0540037      0.96912797       1.0004129      0.30377413      0.69614796      0.80922926     0.048340495      0.25404781      0.81430357       13.773919       147.49747       68.176441   2.1200054e-09       8.3656464       13.759501       1013.9966       14.932631       1405.3249      -15.553715       -15.553715       2540.4754                                 92.461786          14.932631             1405.3249          13.759501                      22.775042                      397.95767                                584.50622                        8.7576576
              2       1254.9669       1.0419616     0.022449727      0.11794817     0.060173251       3.0549479      0.96790101       1.0023764      0.30323784       0.6966843      0.80882909      0.04826651      0.25358645      0.81318215        13.77603        147.5543       68.199719    2.122008e-09        8.214035       13.293184       1014.0331       14.794562        1405.421      -15.130794       -15.130794       2540.1955                                 92.653636          14.794562              1405.421          13.293184                       22.99184                       397.4605                                584.90182                        8.6789585
              1       1254.6557       1.0418752     0.022534487      0.11731847      0.06214698       3.0593898      0.97117523       1.0033103      0.29964879      0.70027398      0.80900361     0.048061008      0.25021398      0.80852992       13.766565       147.62872       68.474268   2.1314547e-09       8.3747711       11.268907       1015.6027       13.214521       1406.1144      -14.617937       -14.617937       2538.5472                                 92.346691          13.214521             1406.1144          11.268907                      22.416524                      397.98251                                586.45879                        8.7448358
              1       1254.6696       1.0418752     0.022534487      0.11731847      0.06214698       3.0593898      0.97117523         1.00343      0.29964879      0.70027398      0.80900361     0.048061008      0.25021398      0.80852992       13.766565       147.62872       68.474268   2.1314547e-09       8.3747711       11.268907       1015.5015       13.214521       1406.1144      -14.553366       -14.553366        2538.446                                 92.346691          13.214521             1406.1144          11.268907                      22.400915                      397.98302                                586.34804                        8.7695264
              1       1254.8328       1.0418752     0.022534487      0.11731847      0.06214698       3.0593898      0.97117523       1.0028741      0.29964879      0.70027398      0.80900361     0.048061008      0.25021398      0.80852992       13.766565       147.62872       68.474268   2.1314547e-09       8.3747711       11.268907       1016.3886       13.214521       1406.1144      -14.833743       -14.833743       2539.3331                                 92.346691          13.214521             1406.1144          11.268907                      22.473754                      397.98839                                587.26472                         8.661735
              1       1254.4663       1.0419828     0.022544581      0.11747801     0.060437269        3.055911       0.9716463       1.0026345      0.30012101      0.69980173      0.80835654     0.048100231      0.25064647      0.80851956       13.763043        147.5746       68.461671   2.1240527e-09       8.2098236       11.435524       1015.7494       13.285064       1406.0181      -14.925384       -14.925384       2538.7834                                 92.295208          13.285064             1406.0181          11.435524                      22.349236                      397.36651                                587.24336                         8.790322
              3       1255.2044       1.0419178     0.022600281      0.11750972     0.060432127       3.0579675      0.97202297       1.0034318      0.30016152      0.69976126      0.80912506     0.048195633      0.25059225      0.80934285       13.759181       147.50425       68.478316   2.1284253e-09       8.1964874       11.593564       1016.2336       13.191891       1406.0099      -14.447949       -14.447949       2539.3047                                  92.27563          13.191891             1406.0099          11.593564                       22.32116                      397.35669                                587.89728                        8.6585125
              1       1255.3588       1.0418492     0.022607429      0.11763953     0.059952618       3.0556779      0.97215277       1.0026768      0.30101249      0.69891015      0.80860369     0.048300557      0.25133574      0.80996704       13.761076       147.46157       68.414714   2.1235575e-09       8.1501617       12.157086       1016.5158        13.54968       1405.8405      -14.803653       -14.803653       2540.3249                                   92.2618           13.54968             1405.8405          12.157086                      22.275952                      397.19473                                588.34694                        8.6982059
              3        1256.665       1.0418466     0.022594468      0.11807047     0.056076477       3.0520843      0.96926992        1.003831      0.30339218      0.69653007      0.80781591      0.04851058      0.25349863      0.81237017       13.764556       147.36061       68.246885     2.11594e-09       7.7781525       13.932924       1015.4116       14.516776       1405.3932      -14.226503       -14.226503        2541.783                                 92.528535          14.516776             1405.3932          13.932924                      22.765424                       396.2528                                587.80824                        8.5851414
              3       1256.6774       1.0418311     0.022572863      0.11810104     0.056015059       3.0521883      0.96889089        1.003934       0.3037283      0.69619387      0.80792278     0.048514806      0.25382908      0.81292757       13.767471        147.3764       68.211276   2.1161601e-09       7.7767487       14.194765       1014.9368        14.72625       1405.3331      -14.199378       -14.199378       2541.7536                                 92.562718           14.72625             1405.3331          14.194765                      22.831128                      396.24592                                587.29008                        8.5696462
              1       1257.1871       1.0417758     0.022588399       0.1181441     0.057303126       3.0552337      0.96879041       1.0040509       0.3040335      0.69588863      0.80915749     0.048576838      0.25407143      0.81457889       13.767659       147.34782       68.191164   2.1226145e-09       7.9023895       14.595973       1015.3649        14.84523       1405.2792      -14.098503       -14.098503       2542.5711                                 92.485833           14.84523             1405.2792          14.595973                      22.905202                      396.56351                                587.41093                        8.4852588
              2       1258.5496       1.0415264     0.022636292      0.11802694     0.056539327       3.0487774      0.96965186       1.0018052      0.30387274      0.69604938      0.80599048     0.048677944      0.25380963      0.81117612        13.76943        147.3259       68.192487   2.1089545e-09       7.8132477       14.928155       1019.3988       14.837387       1405.3075       -15.05884        -15.05884       2547.2169                                 92.745143          14.837387             1405.3075          14.928155                      22.689426                      396.33756                                 591.7475                        8.6242799
              1       1254.6662       1.0420435     0.022597275      0.11728082     0.059358167       3.0509543      0.97447615       1.0017176      0.29859731      0.70132574      0.80637156     0.048017208      0.24921137       0.8044842       13.754667       147.56875       68.600863   2.1135504e-09       8.0890961       10.834053       1017.8756       12.516013       1406.3344      -15.159559       -15.159559       2539.6514                                 92.091336          12.516013             1406.3344          10.834053                      21.805128                      396.91165                                589.85271                        9.3061391
              1       1254.5447       1.0420435     0.022597275      0.11728082     0.059358167       3.0509543      0.97447615       1.0020134      0.29859731      0.70132574      0.80637156     0.048017208      0.24921137       0.8044842       13.754667       147.56875       68.600863   2.1135504e-09       8.0890961       10.834053       1017.4563       12.516013       1406.3344      -15.071287       -15.071287       2539.2321                                 92.091336          12.516013             1406.3344          10.834053                      21.771298                      396.90806                                589.37601                        9.4008906
              1       1255.8914       1.0419802      0.02246944      0.11738292     0.056705648       3.0453569      0.97600072       1.0024747      0.30005403      0.69986863      0.80542395     0.047987289      0.25069108      0.80549648       13.770695       147.68336       68.427869   2.1017531e-09       7.8574677       11.294017       1019.1515       13.475286       1406.0317      -15.076851       -15.076851       2541.9364                                  91.98402          13.475286             1406.0317          11.294017                       21.35601                      396.29926                                591.57479                        9.9214023
              3       1256.1244        1.041999     0.022480445      0.11751547     0.055109574       3.0432875      0.97590384       1.0028141      0.30064005      0.69928254      0.80499496     0.048055459      0.25120765      0.80585324       13.769589       147.63545        68.39606   2.0974082e-09       7.6974335       11.590221       1018.9622       13.655524        1405.914      -14.923203       -14.923203       2542.0952                                 91.973242          13.655524              1405.914          11.590221                       21.35071                      396.01673                                591.62658                        9.9681921
              4       1256.1214        1.041999     0.022480445      0.11751547     0.055109574       3.0432875      0.97590384       1.0028038      0.30064005      0.69928254      0.80499496     0.048055459      0.25120765      0.80585324       13.769589       147.63545        68.39606   2.0974082e-09       7.6974335       11.590221       1018.9655       13.655524        1405.914      -14.927848       -14.927848       2542.0985                                 91.973242          13.655524              1405.914          11.590221                      21.351755                      396.01673                                591.63291                        9.9640757
              1       1256.1416       1.0419715     0.022476889      0.11749242     0.055523429       3.0438072      0.97595567       1.0027054      0.30061912      0.69930346      0.80512996     0.048053602      0.25118841      0.80596032       13.770679       147.64561       68.391972   2.0984986e-09       7.7395477       11.593795       1019.0621       13.678778       1405.9182      -14.974562       -14.974562       2542.2324                                 91.979472          13.678778             1405.9182          11.593795                      21.346738                      396.07963                                591.70089                         9.934872
              2       1256.1372       1.0419767     0.022472739      0.11751886     0.055458193       3.0436001       0.9759014       1.0026508       0.3007684      0.69915415      0.80514373     0.048060969      0.25132986      0.80617419       13.771094       147.64314       68.380416    2.098064e-09       7.7346344       11.663298        1018.996       13.744607       1405.8886      -15.001737       -15.001737       2542.2779                                 91.985468          13.744607             1405.8886          11.663298                      21.351369                      396.06722                                591.64054                        9.9368335
              4       1257.1058       1.0419767     0.022472739      0.11751886     0.055458193       3.0436001       0.9759014       1.0014657       0.3007684      0.69915415      0.80514373     0.048060969      0.25132986      0.80617419       13.771094       147.64314       68.380416    2.098064e-09       7.7346344       11.663298       1021.7137       13.744607       1405.8886      -15.392007       -15.392007       2544.9956                                 91.985468          13.744607             1405.8886          11.663298                      21.473679                      396.07555                                594.65468                        9.5097494
              3       1256.1878       1.0419972      0.02244258       0.1172552       0.0596973       3.0516165      0.97431586       1.0013925      0.29947853       0.7004442      0.80710618     0.047890688      0.25021331      0.80640441       13.772442       147.74786       68.455894   2.1149505e-09       8.1571808       10.999525       1020.6601       13.317478       1406.1495      -15.432459       -15.432459       2543.2405                                 92.113853          13.317478             1406.1495          10.999525                      21.830918                       397.0825                                592.64077                        9.1059668
              2         1256.08       1.0420155      0.02243143      0.11738069     0.060280249       3.0530314      0.97373317       1.0013463      0.30015537      0.69976724      0.80799966     0.047936023      0.25084283      0.80820886       13.773691       147.72667       68.406517    2.117945e-09       8.2196503       11.261516       1019.9785       13.596143       1406.0111      -15.449681       -15.449681       2543.0594                                 92.212071          13.596143             1406.0111          11.261516                      21.948644                      397.29532                                591.76648                        8.9680611
