#        weight    minuslogpost     theta_s_100         omega_b       omega_cdm        tau_reio            logA             n_s        A_planck         Omega_m    Omega_Lambda          sigma8         Omega_b       Omega_cdm              S8             age         rs_drag              H0             A_s          z_reio       chi2__BAO       chi2__CMB        chi2__H0        chi2__SN   minuslogprior minuslogprior__0            chi2 chi2__jwst_likelihood_uvlf.UVLFLikelihood chi2__H0.riess2020 chi2__sn.pantheonplus chi2__bao.desi_dr2 chi2__planck_2018_lowl.TT_clik chi2__planck_2018_lowl.EE_clik chi2__planck_2018_highl_plik.TTTEEE_lite chi2__planck_2018_lensing.native
              5       1281.0901       1.0410462     0.022374122       0.1197372     0.062403964       3.0509205      0.96315427      0.99975267      0.31623602      0.68368376      0.81129534     0.049563802      0.26524531      0.83295976       13.819609       147.16271       67.187842    2.113479e-09       8.4800568       34.519915       1040.5927       21.388191       1403.6339      -15.611874       -15.611874       2593.4039                                 93.269241          21.388191             1403.6339          34.519915                      23.488641                      398.62162                                609.79925                        8.6831786
              1       1275.1467       1.0412144     0.022331676      0.11919459     0.063584676       3.0557176      0.96403221        1.001577      0.31297693      0.68694335      0.81202147     0.049161425      0.26239749      0.82939812       13.816713       147.35378       67.398221   2.1236419e-09        8.595871       27.186772       1036.8362       19.917541       1403.9773      -15.418705       -15.418705       2581.1307                                 93.212931          19.917541             1403.9773          27.186772                      23.341303                      399.08808                                605.73453                        8.6722508
              1       1274.6838       1.0412674       0.0223339      0.11924682     0.063159872       3.0546607      0.96401908       1.0013982      0.31308615      0.68683413      0.81180412     0.049164648      0.26250354      0.82932079       13.815123        147.3374       67.399367   2.1213986e-09       8.5551605       27.263704       1035.9795       19.909671       1403.9647      -15.461546       -15.461546       2580.2907                                 93.173191          19.909671             1403.9647          27.263704                      23.335035                      398.87656                                605.06547                        8.7023916
              5       1275.2334       1.0412897      0.02226527      0.11840856     0.071798963       3.0739902      0.96317756       1.0034154      0.30883965      0.69108121      0.81686116     0.048659051      0.25877289      0.82880841       13.817996       147.63798       67.644449   2.1628032e-09       9.3784943       19.914798       1043.1108       18.262806       1404.5134      -14.659468       -14.659468       2579.7856                                 93.983888          18.262806             1404.5134          19.914798                      23.845741                      403.49049                                607.36176                        8.4128053
              1       1275.1633       1.0413083     0.022246614      0.11844606     0.070890237       3.0724139       0.9629744       1.0035113      0.30909849      0.69082231      0.81637943     0.048652542      0.25903725      0.82866667       13.819612       147.64868       67.620627   2.1593965e-09       9.2991791        20.16532       1042.6535       18.419765       1404.4765      -14.593514       -14.593514       2579.5136                                 93.798575          18.419765             1404.4765           20.16532                      23.844639                      402.92481                                607.46037                        8.4236544
              1       1268.2234       1.0418967     0.022317732      0.11825555     0.067955666       3.0706662      0.96887976       1.0056063       0.3058565      0.69406507      0.81707297     0.048336979      0.25612441      0.82500973       13.793515       147.61994       67.949346    2.155626e-09       9.0015717       15.417974       1029.8418       16.313233       1404.9704      -13.100638       -13.100638        2562.648                                  96.10455          16.313233             1404.9704          15.417974                      22.544224                      400.89552                                597.71851                        8.6835616
              1       1265.1783       1.0419935      0.02237197      0.11805794     0.064855719       3.0654676       0.9679477       1.0059839      0.30418402       0.6957379      0.81384174     0.048238467      0.25455667      0.81949731       13.783906       147.61201       68.101294   2.1444487e-09       8.6892242       13.848229       1028.1214       15.382726       1405.2528       -12.75258        -12.75258       2555.8617                                 93.256553          15.382726             1405.2528          13.848229                      22.684418                      399.33572                                597.27396                        8.8272554
              3       1264.2742       1.0421993     0.022446364      0.11837174     0.057744025       3.0515798      0.97207924       1.0057738      0.30481561      0.69510637      0.81044631     0.048366277      0.25506138      0.81692506       13.771268       147.44475        68.12424    2.114873e-09       7.9831085       14.371831       1026.4236        15.24458        1405.144      -12.918044       -12.918044       2554.3845                                 93.200469           15.24458              1405.144          14.371831                      21.762983                      396.60434                                598.40862                        9.6477004
              2       1264.5406       1.0422314     0.022441723      0.11837989     0.057718401       3.0520965      0.97200826       1.0060216      0.30479026      0.69513172      0.81071002     0.048351056      0.25505141      0.81715691       13.770846       147.44773       68.127917    2.115966e-09       7.9817047       14.294651       1026.4977       15.222501       1405.1483      -12.687432       -12.687432       2554.4561                                 93.292882          15.222501             1405.1483          14.294651                      21.776345                      396.60465                                598.50618                        9.6105528
              5       1264.6586       1.0422024     0.022421861      0.11831078     0.056997839       3.0508254      0.97240657       1.0062639      0.30462303      0.69529894      0.81013627     0.048312146      0.25492298      0.81635455       13.773515       147.48818        68.12518    2.113278e-09         7.91362       14.123999       1026.5529       15.238932       1405.1769      -12.461091       -12.461091       2554.2393                                 93.146609          15.238932             1405.1769          14.123999                      21.677032                      396.42802                                598.69037                        9.7574538
              1       1264.6815       1.0421399      0.02262337      0.11811242     0.061109268       3.0642186      0.97019872       1.0081352      0.30257292      0.69734958      0.81330509     0.048417191      0.25277719      0.81678526       13.752927       147.31785       68.356348   2.1417719e-09       8.2680817       12.989888       1023.8398       13.882225       1405.5428      -10.051434       -10.051434       2549.4659                                 93.211132          13.882225             1405.5428          12.989888                      22.335191                      397.64016                                595.05217                        8.8122356
              1       1264.4576       1.0421201     0.022622474      0.11807174     0.061771113       3.0650729      0.97023789       1.0079814      0.30242061      0.69750191      0.81350819     0.048405139      0.25263722      0.81678357       13.753425       147.32975       68.363504   2.1436025e-09       8.3312531       12.893509       1023.8441        13.84124       1405.5712      -10.251527       -10.251527       2549.4183                                 93.268366           13.84124             1405.5712          12.893509                      22.344399                      397.87367                                594.83335                        8.7926384
              2       1264.3609       1.0423758     0.022593142      0.11787714     0.062802507       3.0637702      0.96682518       1.0063959      0.30079867      0.69912414      0.81158828     0.048159411      0.25126622      0.81266788       13.748039       147.41424       68.493244   2.1408117e-09       8.4351349       11.572351       1029.7449       13.108611       1405.8827      -12.130336       -12.130336       2552.9825                                 92.673993          13.108611             1405.8827          11.572351                      23.082702                      398.36448                                599.37687                        8.9207932
              1        1260.992       1.0423758     0.022593142      0.11787714     0.062802507       3.0637702      0.96682518       1.0056899      0.30079867      0.69912414      0.81158828     0.048159411      0.25126622      0.81266788       13.748039       147.41424       68.493244   2.1408117e-09       8.4351349       11.572351       1024.3724       13.108611       1405.8827      -12.812976       -12.812976         2547.61                                 92.673993          13.108611             1405.8827          11.572351                      23.185913                       398.4081                                594.02036                        8.7580196
              4       1260.4492       1.0421132     0.022479266      0.11781002     0.060674682       3.0601435      0.96739791       1.0064961      0.30187704       0.6980454       0.8103072     0.048150213       0.2523471      0.81283821       13.767703       147.55843       68.326938   2.1330617e-09       8.2540436       12.218797       1020.6584       14.051322       1405.6735      -12.181889       -12.181889       2545.2622                                 92.660191          14.051322             1405.6735          12.218797                      22.868242                       397.5962                                591.25728                        8.9367069
              1       1260.1975       1.0420922     0.022511313      0.11767292     0.059869598       3.0593029      0.96816579        1.006957      0.30102467      0.69889793      0.80957249     0.048118573      0.25152923      0.81095388       13.764261       147.55939         68.3981   2.1312694e-09       8.1656036       11.778999         1019.77        13.64393       1405.8381      -11.651831       -11.651831       2543.6986                                 92.667546           13.64393             1405.8381          11.778999                      22.702718                      397.26181                                590.75798                        9.0474851
              3       1259.8925       1.0420681     0.022522912      0.11777689     0.059025394       3.0562444      0.96791346       1.0061704      0.30158219      0.69834033      0.80855131     0.048192985      0.25201092      0.81068064       13.764228       147.51862       68.362881   2.1247609e-09        8.082077       12.156316       1020.1341       13.844807       1405.7299      -12.463753       -12.463753       2544.7125                                 92.847345          13.844807             1405.7299          12.156316                      22.726472                      397.00985                                591.23093                        9.1668794
              2       1260.0605       1.0420681     0.022522912      0.11777689     0.059025394       3.0562444      0.96791346       1.0062107      0.30158219      0.69834033      0.80855131     0.048192985      0.25201092      0.81068064       13.764228       147.51862       68.362881   2.1247609e-09        8.082077       12.156316       1020.3904       13.844807       1405.7299      -12.423909       -12.423909       2544.9688                                 92.847345          13.844807             1405.7299          12.156316                      22.720955                      397.00985                                591.48075                        9.1788564
              2       1259.0752       1.0421407     0.022574167      0.11744889     0.058362787       3.0530504      0.97147906       1.0057913      0.29933251      0.70059043      0.80706403     0.048036661      0.24992516      0.80616568       13.755042       147.54934       68.551895   2.1179852e-09       7.9992523       11.024059       1021.1845       12.783954       1406.1798       -12.75227        -12.75227       2543.6549                                 92.482573          12.783954             1406.1798          11.024059                      22.028983                      396.67576                                592.66122                         9.818501
              1       1254.6371       1.0421407     0.022574167      0.11744889     0.058362787       3.0530504      0.97147906       1.0039496      0.29933251      0.70059043      0.80706403     0.048036661      0.24992516      0.80616568       13.755042       147.54934       68.551895   2.1179852e-09       7.9992523       11.024059       1015.1787       12.783954       1406.1798      -14.187441       -14.187441       2537.6491                                 92.482573          12.783954             1406.1798          11.024059                      22.255937                      396.75611                                 586.9865                        9.1801218
             14       1254.9687       1.0421602     0.022650969       0.1174215     0.058450674       3.0530006      0.97147834       1.0036454      0.29869201      0.70123112        0.806643     0.048080065      0.24924467      0.80488261       13.746133        147.4714       68.637407   2.1178797e-09       7.9901276       10.866519       1016.2393       12.317901       1406.3143      -14.224958       -14.224958       2538.3873                                 92.649264          12.317901             1406.3143          10.866519                      22.312778                      396.75698                                587.99667                         9.172855
              8       1254.6954       1.0423042     0.022621754      0.11712039     0.062278792       3.0580817        0.972959       1.0029641      0.29685209      0.70307133      0.80833631     0.047834555      0.24765549      0.80408418       13.743528        147.5848       68.768931   2.1286683e-09       8.3642426        10.36805       1017.7581       11.617973       1406.7165      -14.646286       -14.646286       2538.6834                                 92.222802          11.617973             1406.7165           10.36805                      22.120801                       397.9116                                588.52346                        9.2022231
              8       1254.9692       1.0421862     0.022567553      0.11682181     0.064243132       3.0622031      0.97282326       1.0035704      0.29593158       0.7039919      0.80902469     0.047691814      0.24687852      0.80352021       13.751378       147.72541       68.789208   2.1374595e-09       8.5600739       10.313204        1017.789       11.511884       1406.9266      -14.426222       -14.426222       2538.7908                                 92.250128          11.511884             1406.9266          10.313204                      22.150967                      398.74263                                587.79813                        9.0972892
              5       1255.1059       1.0418136     0.022587657       0.1171025     0.063306368       3.0534114      0.97349466       1.0002283      0.29838295      0.70154005      0.80626707     0.048026549      0.24898682      0.80409118       13.761688        147.6276       68.579593     2.11875e-09       8.4695282       10.867981       1018.8483        12.63205       1406.3802      -15.408438       -15.408438       2541.0286                                 92.300164           12.63205             1406.3802          10.867981                      21.937815                      398.29916                                589.15452                        9.4567601
              3       1255.1388       1.0418053     0.022570895      0.11729246     0.062043077       3.0508289       0.9732294       1.0000245      0.29950864      0.70041417      0.80587598      0.04811258      0.25002301      0.80521575       13.764635        147.5952       68.492823   2.1132854e-09       8.3558197       11.304974       1018.2865       13.110955       1406.1433      -15.440632       -15.440632       2541.1588                                 92.313091          13.110955             1406.1433          11.304974                      21.940602                      397.85881                                588.98296                        9.5041578
              2       1255.7269       1.0418053     0.022570895      0.11729246     0.062043077       3.0508289       0.9732294      0.99872726      0.29950864      0.70041417      0.80587598      0.04811258      0.25002301      0.80521575       13.764635        147.5952       68.492823   2.1132854e-09       8.3558197       11.304974       1019.2036       13.110955       1406.1433       -15.31109        -15.31109       2542.0759                                 92.313091          13.110955             1406.1433          11.304974                      22.097729                      397.88969                                590.12165                        9.0945122
              5       1256.3004       1.0417965     0.022631929      0.11731692     0.060511127       3.0488185      0.97388323      0.99904489      0.29931547      0.70060743      0.80509206     0.048182253      0.24976189      0.80417303       13.758496        147.5207       68.535761   2.1090412e-09       8.1936798       11.313115       1020.4257       12.872856       1406.1833      -15.255614       -15.255614       2543.1121                                 92.317089          12.872856             1406.1833          11.313115                      21.980404                      397.28607                                591.98655                        9.1727015
              3       1256.1213       1.0417991     0.022636692      0.11729185     0.060591878       3.0500929      0.97361744      0.99954539      0.29914787      0.70077506      0.80541766     0.048172363      0.24960475      0.80427299       13.757789       147.52212       68.550007   2.1117306e-09       8.1999969       11.242304       1020.2514        12.79434       1406.2183      -15.302168       -15.302168        2542.847                                 92.340733           12.79434             1406.2183          11.242304                      22.039816                      397.31329                                591.81081                        9.0874445
              1       1255.6674       1.0418893     0.022640133      0.11740696     0.059731334       3.0492931      0.97278987      0.99973454      0.29947262       0.7004503      0.80530945     0.048191348      0.24991018      0.80460131       13.755286       147.48743       68.541712   2.1100423e-09       8.1171722       11.334722       1019.0998       12.840026       1406.1508      -15.305815       -15.305815       2541.9464                                 92.521114          12.840026             1406.1508          11.334722                      22.189892                      397.08271                                590.76687                        9.0602814
              5        1255.221       1.0418893     0.022640133      0.11740696     0.059731334       3.0492931      0.97278987       1.0000523      0.29947262       0.7004503      0.80530945     0.048191348      0.24991018      0.80460131       13.755286       147.48743       68.541712   2.1100423e-09       8.1171722       11.334722       1018.2179       12.840026       1406.1508      -15.311234       -15.311234       2541.0645                                 92.521114          12.840026             1406.1508          11.334722                      22.150335                      397.08868                                589.82872                        9.1501967
              2       1255.1088       1.0419035      0.02263947      0.11737801      0.06022331       3.0500224      0.97284546      0.99997164      0.29928134      0.70064162       0.8055338     0.048169295      0.24974153      0.80456837       13.754795       147.49595       68.556397   2.1115818e-09       8.1649017       11.236477        1018.177       12.759203       1406.1904      -15.312792       -15.312792       2540.8431                                 92.479987          12.759203             1406.1904          11.236477                      22.153832                      397.20864                                 589.6796                        9.1349302
              3       1256.2035       1.0419035      0.02263947      0.11737801      0.06022331       3.0500224      0.97284546      0.99933868      0.29928134      0.70064162       0.8055338     0.048169295      0.24974153      0.80456837       13.754795       147.49595       68.556397   2.1115818e-09       8.1649017       11.236477       1020.2967       12.759203       1406.1904      -15.277868       -15.277868       2542.9628                                 92.479987          12.759203             1406.1904          11.236477                      22.233121                        397.241                                 591.8594                         8.963136
              3       1258.6014       1.0416245     0.022544968       0.1182985     0.054446016       3.0445553      0.96916473       1.0011986      0.30557154      0.69435025      0.80553946     0.048690489      0.25548991      0.81298521       13.777528       147.35457       68.046023    2.100069e-09       7.6279449       16.282282       1018.1833       15.718038       1405.0172       -15.36512        -15.36512       2547.9331                                 92.732309          15.718038             1405.0172          16.282282                      22.741596                      396.00322                                590.76872                         8.669717
              1       1257.6277       1.0416245     0.022544968       0.1182985     0.054446016       3.0445553      0.96916473       1.0030577      0.30557154      0.69435025      0.80553946     0.048690489      0.25548991      0.81298521       13.777528       147.35457       68.046023    2.100069e-09       7.6279449       16.282282       1014.9697       15.718038       1405.0172      -14.732112       -14.732112       2544.7196                                 92.732309          15.718038             1405.0172          16.282282                      22.491685                      395.99712                                587.43805                        9.0428773
              1       1256.9515       1.0418651     0.022397174      0.11837583     0.053240901       3.0429769      0.96926652       1.0037019      0.30613367      0.69378794      0.80602294     0.048484427      0.25625484      0.81422104        13.78652       147.49797       67.966589   2.0967568e-09        7.539505       16.034234       1013.2371       16.206264       1404.9255      -14.514421       -14.514421       2542.9319                                 92.528917          16.206264             1404.9255          16.034234                      22.369511                      395.84667                                585.77461                        9.2462716
             10       1257.0105       1.0418285     0.022370083      0.11822756     0.053780384       3.0416066      0.96876695       1.0027971      0.30560393      0.69431771      0.80488989     0.048402004      0.25580822      0.81237269       13.789825       147.56776       67.983282   2.0938857e-09        7.598465       15.431447       1014.5378       16.103046       1405.0119      -14.991536       -14.991536       2544.0041                                 92.919954          16.103046             1405.0119          15.431447                      22.441022                      395.92382                                586.74751                        9.4253994
              7       1256.3347       1.0421399      0.02249515      0.11830021     0.055773289       3.0486409      0.96633913       1.0034741      0.30432449      0.69559759      0.80699015     0.048401084      0.25453747      0.81278571       13.767496       147.40949       68.173706   2.1086666e-09        7.773941       14.131425       1014.1991       14.948896       1405.2284      -14.576422       -14.576422       2541.8223                                 93.314541          14.948896             1405.2284          14.131425                      23.164744                      396.22926                                585.89647                        8.9085865
              1       1257.5228        1.041929     0.022386953      0.11863502     0.054665554       3.0433952      0.96605404       1.0020956      0.30740069      0.69252074       0.8061907     0.048577352      0.25742563      0.81607406       13.786897       147.44037       67.886055   2.0976342e-09       7.6911163       17.364168       1013.6146       16.708882       1404.7264      -15.262576       -15.262576       2545.5708                                 93.156689          16.708882             1404.7264          17.364168                      23.066059                      396.07337                                 585.4419                         9.033281
             10       1257.1585       1.0419916     0.022399961      0.11868429     0.058715554        3.049594      0.96602647        1.001147       0.3073998      0.69252166      0.80885311      0.04858408      0.25741863      0.81876792       13.783861       147.41315       67.901073   2.1106774e-09       8.0954132        17.30181       1013.9766       16.614574       1404.7266      -15.504533       -15.504533        2545.326                                 92.706383          16.614574             1404.7266           17.30181                      23.214833                      397.07374                                584.89808                        8.7899904
              8       1257.5042       1.0422115     0.022536727      0.11845513     0.054589817       3.0522765       0.9672636       1.0059677      0.30469511      0.69522699      0.80916942     0.048482243      0.25482717      0.81547674        13.76163       147.32202        68.17954   2.1163468e-09       7.6483002       14.499947       1013.1025       14.914215       1405.1646      -12.642454       -12.642454       2540.2934                                 92.612078          14.914215             1405.1646          14.499947                      22.993915                      396.03806                                585.37151                        8.6990575
              2       1256.8896        1.042251     0.022652603      0.11806373     0.056928786       3.0560164       0.9694558        1.005784      0.30181395      0.69810874      0.80955746     0.048364806      0.25207387      0.81200126       13.746273       147.29807       68.437531   2.1242767e-09       7.8504486       12.399728         1015.07       13.420776       1405.6856      -12.608093       -12.608093       2538.9954                                 92.419236          13.420776             1405.6856          12.399728                      22.684114                      396.42687                                587.25102                        8.7080125
              1       1257.6736       1.0425267     0.022654038      0.11845265     0.059191919       3.0578722      0.96858415       1.0040088      0.30305149      0.69687109      0.81162936     0.048432453      0.25324192      0.81574671       13.739712       147.19324       68.391886   2.1282225e-09       8.0806732        13.01613       1018.6027       13.679267       1405.4549      -13.995638       -13.995638       2543.3385                                 92.585459          13.679267             1405.4549           13.01613                      22.942885                      397.07449                                589.95019                         8.635188
              1       1257.8074       1.0422986     0.022689923      0.11870394     0.059454795       3.0538054      0.96760806       1.0015493      0.30486198      0.69506029      0.81019437     0.048700311      0.25477914      0.81673324       13.743808       147.08698       68.257542   2.1195849e-09       8.1017303       14.988492       1018.5173       14.454376       1405.1362      -15.004841       -15.004841       2545.6245                                 92.528171          14.454376             1405.1362          14.988492                      23.130684                      397.15515                                589.59364                        8.6378406
              6       1258.0564         1.04229     0.022646561      0.11884485     0.058310499       3.0479381      0.96697708      0.99983875      0.30589748      0.69402458      0.80828061     0.048738872      0.25577233      0.81618664       13.749329       147.09735       68.165307   2.1071852e-09        8.001358       15.949711       1018.1259       14.998896       1404.9639      -15.295598       -15.295598        2546.704                                 92.665608          14.998896             1404.9639          15.949711                      23.176114                      396.84081                                589.29179                        8.8171743
              3       1257.6998         1.04229     0.022646561      0.11884485     0.058310499       3.0479381      0.96697708      0.99888304      0.30589748      0.69402458      0.80828061     0.048738872      0.25577233      0.81618664       13.749329       147.09735       68.165307   2.1071852e-09        8.001358       15.949711       1017.2174       14.998896       1404.9639       -15.19787        -15.19787       2545.7954                                 92.665608          14.998896             1404.9639          15.949711                      23.318222                      396.85115                                588.38235                        8.6656333
              1       1257.5711       1.0423307     0.022547981      0.11890285     0.054834892        3.044628      0.96530074       1.0006034      0.30667093      0.69325092      0.80706913     0.048663301      0.25661745      0.81599297       13.758915       147.19063       68.069576   2.1002217e-09       7.6777802       16.423466       1015.9621       15.574703       1404.8398      -15.446606       -15.446606       2546.0353                                 93.235269          15.574703             1404.8398          16.423466                      23.543985                      396.13714                                587.56331                        8.7176267
              1       1258.0681       1.0423307     0.022547981      0.11890285     0.054834892        3.044628      0.96530074       1.0016235      0.30667093      0.69325092      0.80706913     0.048663301      0.25661745      0.81599297       13.758915       147.19063       68.069576   2.1002217e-09       7.6777802       16.423466       1016.5927       15.574703       1404.8398      -15.264874       -15.264874        2546.666                                 93.235269          15.574703             1404.8398          16.423466                      23.387993                       396.0966                                588.20299                         8.905121
              2       1258.2146       1.0422288     0.022516118      0.11900706     0.054463738       3.0429804      0.96509123       1.0012096      0.30773034      0.69219127       0.8067335     0.048737591      0.25759848      0.81706127       13.765825       147.19821       67.969601   2.0967642e-09       7.6490021       17.741183        1015.382       16.187615       1404.6765       -15.40105        -15.40105       2547.2314                                 93.244064          16.187615             1404.6765          17.741183                      23.382059                      396.01041                                587.06203                         8.927514
              3        1258.249       1.0422343     0.022511637       0.1190213     0.054596579       3.0433833      0.96518441       1.0012767      0.30781726      0.69210434      0.80699601     0.048738311      0.25768437      0.81744255       13.766206        147.1994       67.962336   2.0976092e-09       7.6637421       17.823536       1015.4339       16.232616       1404.6634      -15.393079       -15.393079       2547.2841                                 93.130611          16.232616             1404.6634          17.823536                      23.362979                      396.04662                                 587.1143                        8.9100068
              2       1258.1036       1.0422465     0.022508009      0.11900835     0.054698592       3.0435594      0.96519378       1.0012854      0.30773187      0.69218974      0.80705178      0.04872262       0.2576149      0.81738565        13.76617       147.20686       67.967801   2.0979785e-09       7.6742706       17.682006       1015.3183       16.198761       1404.6763      -15.395528       -15.395528       2546.9983                                  93.12293          16.198761             1404.6763          17.682006                      23.363956                       396.0466                                586.99429                        8.9134734
              4       1257.9353       1.0422465     0.022508009      0.11900835     0.054698592       3.0435594      0.96519378       1.0011535      0.30773187      0.69218974      0.80705178      0.04872262       0.2576149      0.81738565        13.76617       147.20686       67.967801   2.0979785e-09       7.6742706       17.682006       1015.0332       16.198761       1404.6763       -15.42126        -15.42126       2546.7131                                  93.12293          16.198761             1404.6763          17.682006                      23.383855                      396.06591                                586.69687                        8.8865553
              3        1257.651       1.0422465     0.022508009      0.11900835     0.054698592       3.0435594      0.96519378       1.0001667      0.30773187      0.69218974      0.80705178      0.04872262       0.2576149      0.81738565        13.76617       147.20686       67.967801   2.0979785e-09       7.6742706       17.682006       1014.6729       16.198761       1404.6763      -15.525484       -15.525484       2546.3529                                  93.12293          16.198761             1404.6763          17.682006                      23.534665                      396.11937                                586.30263                        8.7162613
              1       1257.3146       1.0421418     0.022571578       0.1189355     0.054916095       3.0430281      0.96673194      0.99977079      0.30727807      0.69264365      0.80670775     0.048791357      0.25709433      0.81643456       13.762164       147.15588       68.015753   2.0968643e-09       7.6805878       17.535866       1014.4615       15.903206       1404.7453      -15.435373       -15.435373       2545.4999                                 92.854018          15.903206             1404.7453          17.535866                      23.215654                      396.08756                                586.40247                        8.7558575
              2       1256.7262       1.0421666     0.022563456      0.11881257     0.055682168       3.0436979      0.96743885      0.99958085      0.30659028      0.69333155      0.80683119     0.048709537      0.25649019      0.81564512       13.761741       147.19754       68.060605   2.0982691e-09       7.7577972       16.643311        1014.477       15.629217       1404.8526      -15.438426       -15.438426       2544.3292                                 92.727051          15.629217             1404.8526          16.643311                      23.077358                      396.26357                                 586.3329                         8.803199
              4       1255.3833       1.0418823     0.022660772      0.11749754     0.065003431       3.0609886      0.96924625       1.0003723      0.29985445      0.70006843      0.80915788     0.048258629      0.25022406      0.80896157       13.753719        147.4408       68.525128   2.1348653e-09       8.6211395        11.55791        1018.071       12.931613       1406.0723      -15.255066       -15.255066       2541.2768                                  92.64398          12.931613             1406.0723           11.55791                      23.048179                       399.2223                                587.30203                        8.4984664
              1       1255.4694       1.0418754     0.022672935      0.11752191     0.065507214       3.0616827      0.96964372       1.0002047      0.29993416      0.69998873       0.8095899      0.04828484      0.25027755      0.80950105       13.752742       147.42086       68.524909   2.1363476e-09       8.6667633       11.624991       1018.2888       12.932825       1406.0561      -15.234655       -15.234655       2541.4081                                  92.50542          12.932825             1406.0561          11.624991                      22.985702                      399.45029                                 587.3682                        8.4846447
              2       1255.5149       1.0418817     0.022672685      0.11751506     0.065536438       3.0617112      0.96968521       1.0002001      0.29988101      0.70004188      0.80959672     0.048278185      0.25023123      0.80943614       13.752551       147.42297       68.529255   2.1364085e-09        8.668869       11.591714       1018.4326       12.908793       1406.0669       -15.23539        -15.23539       2541.5005                                 92.500444          12.908793             1406.0669          11.591714                      22.977799                      399.45029                                587.51933                        8.4852075
              1       1254.8547       1.0421276     0.022612369      0.11701024     0.064621808       3.0587946       0.9706593       1.0003907      0.29683981      0.70308356      0.80740556     0.047853476      0.24762318      0.80314171       13.749253       147.62499       68.741069   2.1301863e-09         8.58815       10.400764       1018.5491       11.764533       1406.7192      -15.355266       -15.355266       2540.4199                                 92.986173          11.764533             1406.7192          10.400764                      22.706278                      398.96671                                587.97503                        8.9011174
              1       1254.7236       1.0422074     0.022636274      0.11697753     0.065332043       3.0615342      0.97172803       1.0010172       0.2963015        0.703622      0.80869496     0.047820193      0.24712054      0.80369457       13.744172       147.60725       68.801326   2.1360304e-09       8.6492157       10.341264       1018.8343        11.44872       1406.8414      -15.236807       -15.236807       2539.9208                                 92.455102           11.44872             1406.8414          10.341264                      22.544536                      399.21516                                 588.2582                        8.8163794
              3       1254.4972       1.0421901     0.022572501      0.11706563     0.066564167       3.0638063      0.97126462       1.0010037      0.29717445      0.70274884      0.81003801     0.047817666      0.24799224      0.80621431       13.751914       147.65466       68.706157   2.1408892e-09       8.7832794       10.410968       1018.3599       11.949484       1406.6443      -15.357482       -15.357482       2539.7095                                 92.344776          11.949484             1406.6443          10.410968                      22.633196                      399.87144                                587.16526                        8.6900435
              6        1255.192       1.0419796     0.022518119      0.11680056      0.06308658       3.0541392      0.97559192       1.0005732      0.29669708      0.70322615      0.80658008     0.047734536      0.24759709      0.80212768         13.7627       147.78608        68.68307   2.1202926e-09       8.4604034       10.371225       1020.1427       12.072576       1406.7514      -15.489381       -15.489381       2541.3628                                 92.024905          12.072576             1406.7514          10.371225                      21.638319                      398.16183                                590.83484                        9.5076936
              5       1255.7946       1.0419796     0.022518119      0.11680056      0.06308658       3.0541392      0.97559192       1.0000725      0.29669708      0.70322615      0.80658008     0.047734536      0.24759709      0.80212768         13.7627       147.78608        68.68307   2.1202926e-09       8.4604034       10.371225       1021.3996       12.072576       1406.7514      -15.515243       -15.515243       2542.6197                                 92.024905          12.072576             1406.7514          10.371225                      21.694381                       398.1682                                592.19868                        9.3383705
              2       1256.5271       1.0416664      0.02259267       0.1174279     0.061272067       3.0564524      0.96934035       1.0015313      0.30051276      0.69940988       0.8072076     0.048266449      0.25087019      0.80789714       13.767098       147.53467        68.41654   2.1252029e-09       8.2779083       11.983283       1019.0461       13.539341       1405.9394      -15.216227       -15.216227       2543.4867                                  92.97867          13.539341             1405.9394          11.983283                      22.901096                      397.67231                                 589.9352                        8.5374526
              1       1256.6075       1.0416614     0.022560584      0.11755473     0.059920241       3.0556612      0.96939687       1.0023601      0.30138702      0.69853544      0.80748018     0.048305585      0.25170225      0.80934469       13.771276       147.53625        68.34024   2.1235222e-09       8.1564789       12.484867       1018.2408       13.974715       1405.7675      -15.011314       -15.011314       2543.2377                                 92.769783          13.974715             1405.7675          12.484867                      22.831251                      397.24438                                589.63039                        8.5348083
              1         1256.49       1.0418589     0.022562163       0.1176507     0.056591704       3.0504801      0.96859232       1.0027726      0.30130409      0.69861845      0.80564775     0.048262225      0.25166401      0.80739691       13.765676       147.50853       68.373324   2.1125484e-09       7.8293915       12.246673       1017.2754       13.785088       1405.7836      -14.839488       -14.839488        2542.659                                 93.568197          13.785088             1405.7836          12.246673                      22.931282                      396.38436                                589.26574                        8.6940013
              4       1256.1836       1.0419133     0.022505644      0.11810229     0.056690445       3.0482636      0.96719984        1.001237      0.30388157      0.69604052      0.80617495     0.048417349      0.25407847      0.81137356       13.772211        147.4507       68.178151   2.1078713e-09       7.8595734       14.043556       1015.5211       14.922464       1405.3059      -15.408005       -15.408005       2543.1831                                 93.390141          14.922464             1405.3059          14.043556                      23.196648                      396.44665                                587.21772                        8.6600476
              2        1255.594       1.0419133     0.022505644      0.11810229     0.056690445       3.0482636      0.96719984       1.0018144      0.30388157      0.69604052      0.80617495     0.048417349      0.25407847      0.81137356       13.772211        147.4507       68.178151   2.1078713e-09       7.8595734       14.043556         1014.06       14.922464       1405.3059      -15.267046       -15.267046       2541.7221                                 93.390141          14.922464             1405.3059          14.043556                      23.111941                       396.4607                                585.72068                        8.7667075
              3       1255.7028       1.0418952     0.022506451      0.11808065     0.056661981        3.048203      0.96727117       1.0018445      0.30381518      0.69610692      0.80607841     0.048415643      0.25401387      0.81118776       13.772564       147.45557       68.180574   2.1077433e-09       7.8560638       14.009045       1014.2733       14.908071       1405.3177      -15.257326       -15.257326       2541.9202                                 93.412121          14.908071             1405.3177          14.009045                      23.092411                       396.4297                                585.97948                        8.7716801
              1       1255.7753       1.0423884     0.022426588      0.11810229     0.058317161       3.0476624       0.9675882       1.0001626      0.30292324      0.69699906      0.80679975      0.04812205      0.25341903        0.810721       13.766499        147.5387       68.266799   2.1066042e-09       8.0406647       12.564354       1017.1984       14.400278       1405.4783      -15.595354       -15.595354       2542.7413                                  93.10006          14.400278             1405.4783          12.564354                       23.05528                      396.87222                                588.23264                         9.038251
              1       1256.8174       1.0425083     0.022457295      0.11849045     0.055052078       3.0446897      0.96684893       1.0011664      0.30446046      0.69546167      0.80669083     0.048289197       0.2547862      0.81266573       13.761442       147.40075       68.195188   2.1003513e-09       7.7135773       13.708674       1017.7198       14.821388       1405.2049      -15.468002       -15.468002       2544.5708                                  93.11606          14.821388             1405.2049          13.708674                      23.165809                      396.12994                                589.44306                        8.9809959
              3       1256.9148       1.0425083     0.022457295      0.11849045     0.055052078       3.0446897      0.96684893       1.0018073      0.30446046      0.69546167      0.80669083     0.048289197       0.2547862      0.81266573       13.761442       147.40075       68.195188   2.1003513e-09       7.7135773       13.708674       1017.6096       14.821388       1405.2049      -15.315549       -15.315549       2544.4606                                  93.11606          14.821388             1405.2049          13.708674                      23.072227                      396.12742                                589.27003                        9.1399323
              2         1257.39       1.0425473     0.022514413      0.11838557     0.053549963       3.0399224       0.9671574       1.0009431      0.30344913      0.69647323      0.80430556     0.048267488      0.25380071      0.80891594       13.753699       147.36519        68.29721   2.0903621e-09        7.547226       12.984965       1019.0087       14.223285        1405.383       -15.44901        -15.44901        2545.678                                 94.078114          14.223285              1405.383          12.984965                      22.988521                      395.87102                                590.63264                        9.5164815
              3       1257.1875       1.0424406     0.022497455      0.11827232     0.053292392       3.0383269      0.96704041       1.0006438      0.30326258      0.69665977      0.80321566     0.048245863      0.25363536      0.80757144       13.758164       147.41415       68.286784   2.0870296e-09       7.5226593        12.91566       1018.0117       14.283842       1405.4166      -15.506321       -15.506321       2545.3877                                 94.759957          14.283842             1405.4166           12.91566                       22.97848                      395.84077                                589.51171                        9.6806968
              2       1256.2955       1.0422561     0.022529922      0.11835236     0.053751957       3.0426185      0.96685178       1.0020589       0.3040516       0.6958706      0.80486073     0.048402686      0.25426507      0.81027746       13.760557       147.35685       68.225247   2.0960056e-09       7.5633698       13.840658       1015.2307       14.643887        1405.276       -15.16152        -15.16152       2542.9141                                  93.92283          14.643887              1405.276          13.840658                      23.055884                      395.94209                                587.04843                        9.1842992
              3       1256.1893       1.0422561     0.022529922      0.11835236     0.053751957       3.0426185      0.96685178       1.0015089       0.3040516       0.6958706      0.80486073     0.048402686      0.25426507      0.81027746       13.760557       147.35685       68.225247   2.0960056e-09       7.5633698       13.840658       1015.3323       14.643887        1405.276      -15.318514       -15.318514       2543.0157                                  93.92283          14.643887              1405.276          13.840658                      23.135903                      395.91593                                587.24636                        9.0340854
              2       1257.5922       1.0422561     0.022529922      0.11835236     0.053751957       3.0426185      0.96685178       1.0004502       0.3040516       0.6958706      0.80486073     0.048402686      0.25426507      0.81027746       13.760557       147.35685       68.225247   2.0960056e-09       7.5633698       13.840658         1018.47       14.643887        1405.276      -15.484445       -15.484445       2546.1534                                  93.92283          14.643887              1405.276          13.840658                      23.291921                      395.91773                                590.46732                        8.7929867
              2       1256.9353       1.0419699     0.022550045      0.11793908      0.05840622       3.0500592      0.96680137       1.0001056      0.30258132      0.69734105      0.80607716     0.048345954      0.25285437      0.80953763       13.765016       147.44511       68.295743   2.1116595e-09       8.0175018       13.009855       1018.1639       14.231797       1405.5413      -15.471843       -15.471843       2544.8144                                 93.867521          14.231797             1405.5413          13.009855                      23.436308                      396.87924                                589.27751                        8.5708849
              4       1256.9637       1.0419644     0.022548647      0.11794382     0.058238757       3.0498826       0.9667897       1.0001767      0.30263119      0.69729116      0.80601981     0.048349781      0.25290023      0.80954675       13.765352       147.44538       68.290923   2.1112866e-09        8.001358        13.05088       1018.1433       14.259784        1405.532      -15.472273       -15.472273       2544.8719                                 93.885888          14.259784              1405.532           13.05088                       23.43215                      396.83029                                589.30817                        8.5727151
              3       1256.5528       1.0419875     0.022490752      0.11776004     0.060720279       3.0548351      0.96695496       1.0005956      0.30191757      0.69800483      0.80769015      0.04819445      0.25234283      0.81026738       13.769989       147.55902       68.313019   2.1217686e-09       8.2547455       12.384197       1018.6302       14.131708       1405.6658      -15.518157       -15.518157       2544.1419                                 93.330024          14.131708             1405.6658          12.384197                      23.433142                      397.64891                                589.04868                        8.4994312
              2       1255.0275       1.0420741      0.02251259      0.11766146     0.058667233       3.0521849      0.97053099       1.0018097      0.30100976      0.69891283      0.80736426     0.048122403      0.25151047      0.80872186       13.764608       147.56092       68.397319   2.1161529e-09       8.0469818       11.787822       1016.8065       13.648369       1405.8411      -15.260349       -15.260349       2540.5756                                 92.491859          13.648369             1405.8411          11.787822                      22.574643                      396.89641                                 588.5551                        8.7803687
              2       1255.6107       1.0420715     0.022457261      0.11709329     0.058120211        3.049581      0.97419453       1.0023874      0.29831899      0.70160395      0.80568437     0.047786601      0.24916174      0.80342393       13.767882       147.77482        68.55282   2.1106499e-09       7.9964447       10.603279       1019.4844       12.778867       1406.3939      -15.120892       -15.120892       2541.4633                                 92.202812          12.778867             1406.3939          10.603279                      21.784108                      396.61613                                591.64484                        9.4393555
              4         1255.15       1.0420715     0.022457261      0.11709329     0.058120211        3.049581      0.97419453       1.0029284      0.29831899      0.70160395      0.80568437     0.047786601      0.24916174      0.80342393       13.767882       147.77482        68.55282   2.1106499e-09       7.9964447       10.603279       1018.1029       12.778867       1406.3939      -14.890828       -14.890828       2540.0817                                 92.202812          12.778867             1406.3939          10.603279                      21.722646                       396.5958                                590.15565                        9.6287691
              4       1254.8843       1.0421094     0.022522934      0.11688794     0.061381524       3.0552816      0.97483063       1.0025968      0.29675296      0.70317032      0.80720932     0.047722301      0.24766584      0.80282903       13.758746       147.75706       68.699218   2.1227163e-09       8.2968597       10.353991       1018.5558       11.986415       1406.7388      -14.970181       -14.970181        2539.709                                 92.074078          11.986415             1406.7388          10.353991                      21.740345                       397.5609                                589.87615                        9.3783896
              3       1255.4667       1.0422423     0.022469834      0.11693682     0.060615253        3.054676       0.9750087       1.0031979      0.29692292      0.70300031      0.80753412     0.047638494      0.24791879      0.80338203       13.760692       147.80308       68.678519    2.121431e-09       8.2357941       10.327902       1019.2477       12.096915       1406.7005      -14.748344       -14.748344       2540.4301                                 92.057034          12.096915             1406.7005          10.327902                       21.66456                      397.30078                                590.77881                        9.5035857
              5       1257.1607       1.0423954      0.02243699        0.117237     0.061620762       3.0629975      0.97258556       1.0056412      0.29824611      0.70167692      0.81148497     0.047689813      0.24918719       0.8091094       13.761087       147.75916       68.591372   2.1391582e-09       8.3466949       10.462637       1018.4014       12.567724       1406.4096      -13.045408       -13.045408       2540.4123                                 92.570994          12.567724             1406.4096          10.462637                      22.154821                      397.77633                                589.66834                        8.8019024
              1        1258.649       1.0420386     0.022395948      0.11726729     0.068995528       3.0775593       0.9697616       1.0053161      0.29968697      0.70023569      0.81649344     0.047836216      0.25047492      0.81606734       13.776249       147.79758       68.423663    2.170536e-09       9.0605316       10.997399       1019.4364       13.499051       1406.1065      -13.350349       -13.350349       2543.9987                                  93.95926          13.499051             1406.1065          10.997399                      22.950307                      401.32137                                 586.7673                        8.3974646
              3       1258.2425       1.0420868     0.022462464      0.11779192     0.070029293       3.0786668      0.96887674       1.0039846      0.30195628      0.69796611      0.81828458     0.048138775      0.25243708      0.82094823       13.770202       147.58286       68.309512   2.1729414e-09       9.1503754       12.255362       1017.6955       14.151995       1405.6584      -14.302559       -14.302559       2545.0901                                 95.328834          14.151995             1405.6584          12.255362                      23.260884                      401.97227                                583.89677                        8.5655406
              1       1256.6966       1.0421882     0.022495501      0.11828195     0.065091098         3.06764      0.96853881       1.0027735         0.30408      0.69584214       0.8153471     0.048369079      0.25432592      0.82087274       13.765935       147.41482        68.19679   2.1491124e-09       8.6850128       13.848291       1015.2903       14.811901       1405.2711      -14.926176       -14.926176       2543.2455                                 94.023933          14.811901             1405.2711          13.848291                       23.17621                      399.48504                                584.09162                        8.5374341
              2       1256.6301       1.0421882     0.022495501      0.11828195     0.065091098         3.06764      0.96853881       1.0034396         0.30408      0.69584214       0.8153471     0.048369079      0.25432592      0.82087274       13.765935       147.41482        68.19679   2.1491124e-09       8.6850128       13.848291       1014.4951       14.811901       1405.2711      -14.595088       -14.595088       2542.4503                                 94.023933          14.811901             1405.2711          13.848291                      23.078613                      399.45467                                583.44266                         8.519176
              1       1256.3568       1.0423451     0.022459055      0.11802586     0.065675733       3.0658008      0.97057473       1.0026937      0.30245599      0.69746641      0.81463079     0.048132369      0.25294316      0.81795853       13.763966       147.52368       68.308874   2.1451633e-09       8.7460785       12.346454       1016.5368       14.155691       1405.5645       -14.99497        -14.99497       2542.7035                                 94.099969          14.155691             1405.5645          12.346454                      22.614015                      399.60493                                585.70277                        8.6150759
