#        weight    minuslogpost     theta_s_100         omega_b       omega_cdm        tau_reio            logA             n_s        A_planck         Omega_m    Omega_Lambda          sigma8         Omega_b       Omega_cdm              S8             age         rs_drag              H0             A_s          z_reio       chi2__BAO       chi2__CMB        chi2__H0        chi2__SN   minuslogprior minuslogprior__0            chi2 chi2__jwst_likelihood_uvlf.UVLFLikelihood chi2__H0.riess2020 chi2__sn.pantheonplus chi2__bao.desi_dr2 chi2__planck_2018_lowl.TT_clik chi2__planck_2018_lowl.EE_clik chi2__planck_2018_highl_plik.TTTEEE_lite chi2__planck_2018_lensing.native
              2       1282.4253       1.0415257     0.022385937       0.1204684     0.067677142       3.0672907      0.96486987      0.99642761      0.31870228      0.68121729       0.8213332     0.049717945      0.26755375      0.84654751       13.807164       146.95714       67.101319   2.1483617e-09       8.9994659       38.631486        1024.856       22.008233       1403.4195       -14.59322        -14.59322       2594.0371                                 105.12183          22.008233             1403.4195          38.631486                      24.207702                      401.32653                                 588.2527                        11.069112
              2       1280.6606       1.0416072     0.022542909      0.12038879      0.06592769       3.0620581      0.96675967      0.99536218      0.31702112      0.68289893      0.81895587     0.049775632      0.26582321      0.84186793        13.78755       146.80482       67.297136   2.1371497e-09       8.7917023         35.6387       1026.6482       20.617633       1403.5615       -13.76223        -13.76223       2588.8456                                 102.37959          20.617633             1403.5615            35.6387                      23.789819                      400.20312                                592.28477                        10.370535
              1       1280.7969       1.0417191     0.022526299      0.12042099     0.067382503       3.0678765      0.96591378      0.99661489      0.31694979      0.68297028      0.82135913     0.049722368      0.26580562      0.84424344       13.786126       146.81479       67.308361   2.1496207e-09       8.9348907        35.00792       1026.6446       20.539297       1403.5679      -14.588654       -14.588654       2590.7711                                 105.01143          20.539297             1403.5679           35.00792                      24.085341                       401.0404                                590.54147                        10.977372
              4       1274.7687       1.0415478     0.022552644      0.11997693     0.063523068       3.0656921      0.96539067      0.99952076      0.31488178      0.68503858      0.81854907     0.049600004      0.26386513       0.8386058       13.786509       146.90227       67.430731   2.1449303e-09       8.5502472       31.310484       1026.8511       19.694948       1403.7683      -15.450539       -15.450539       2580.4385                                 98.813641          19.694948             1403.7683          31.310484                      24.086054                      399.08268                                593.37078                        10.311617
              1       1265.9869       1.0417408     0.022641144      0.11750733     0.079170994       3.0866524      0.97206839      0.99770224      0.30043656      0.69948617      0.82047265     0.048313811      0.25074823      0.82106941       13.760079        147.4614       68.456319   2.1903631e-09       9.9284363       11.953533       1031.7822       13.315096       1405.9546       -14.88693        -14.88693       2561.7477                                 98.742212          13.315096             1405.9546          11.953533                      23.213192                      407.34904                                592.17789                        9.0420688
              1       1262.8269       1.0417408     0.022641144      0.11750733     0.079170994       3.0866524      0.97206839      0.99868224      0.30043656      0.69948617      0.82047265     0.048313811      0.25074823      0.82106941       13.760079        147.4614       68.456319   2.1903631e-09       9.9284363       11.953533       1026.0292       13.315096       1405.9546      -15.170385       -15.170385       2555.9947                                 98.742212          13.315096             1405.9546          11.953533                      23.067872                      407.34504                                586.80957                        8.8066887
              2       1263.1343       1.0417155     0.022657982        0.117428     0.079819435        3.086378      0.97248941      0.99804455      0.29999336      0.69992945      0.82011507     0.048299854      0.25032041      0.82010599       13.758655         147.464       68.491662    2.189762e-09       9.9789734       11.750815       1026.8521       13.117423        1406.044      -14.966557       -14.966557       2556.2017                                 98.437356          13.117423              1406.044          11.750815                      23.002012                      407.68882                                587.42549                        8.7357513
              1       1262.8461       1.0416496     0.022642705      0.11745315     0.079694494       3.0859827      0.97152238      0.99794485      0.30040917      0.69951353       0.8197453       0.0483308      0.25070347      0.82030414       13.762373       147.47421       68.446644   2.1888966e-09       9.9733582       12.019671        1026.882       13.369463       1405.9601      -14.968088       -14.968088       2555.6285                                 97.397242          13.369463             1405.9601          12.019671                      23.192043                       407.6863                                587.27711                        8.7265003
              2       1262.9341       1.0416496     0.022642705      0.11745315     0.079694494       3.0859827      0.97152238      0.99790933      0.30040917      0.69951353       0.8197453       0.0483308      0.25070347      0.82030414       13.762373       147.47421       68.446644   2.1888966e-09       9.9733582       12.019671       1027.0344       13.369463       1405.9601      -14.956306       -14.956306       2555.7809                                 97.397242          13.369463             1405.9601          12.019671                      23.197362                      407.69707                                587.40639                        8.7335826
              1       1263.7334       1.0416841     0.022719912      0.11786898     0.077543929       3.0832972      0.97034296      0.99786679      0.30207231      0.69785024      0.81945676     0.048593849      0.25210077      0.82228217        13.75506       147.27751       68.377414   2.1830262e-09       9.7687531       13.325496       1027.3316       13.761738       1405.6365      -14.755083       -14.755083       2556.9769                                 96.921483          13.761738             1405.6365          13.325496                      23.455211                      406.35066                                588.64091                        8.8848602
              6       1261.9352        1.041574     0.022826527      0.11706543     0.070772143        3.075114       0.9731984       1.0010473      0.29753358      0.70238976      0.81360926     0.048326789      0.24784307      0.81025785       13.743162       147.37335       68.726773    2.165235e-09       9.1096649       10.988281       1030.9268       11.840095       1406.5648      -14.701795       -14.701795       2553.2741                                  92.95408          11.840095             1406.5648          10.988281                      22.641381                      401.86815                                598.10216                        8.3151298
              3       1261.2817       1.0417097     0.022748865      0.11806741     0.069818571       3.0695127      0.97020301      0.99825236      0.30288411      0.69703836      0.81438861     0.048708112      0.25279682      0.81829389       13.752127       147.19192       68.340667   2.1531409e-09       9.0612335       14.065075       1025.0352       13.972256       1405.4855      -14.793497       -14.793497       2552.1504                                 93.592447          13.972256             1405.4855          14.065075                        23.1896                      401.67267                                591.66283                        8.5100502
              9       1261.3964       1.0417696     0.022785156       0.1181175     0.068714944       3.0666346      0.96968388      0.99771852      0.30276088      0.69716167      0.81313481     0.048736209       0.2526469      0.81686785       13.746702       147.13846       68.375439   2.1469528e-09       8.9503326       13.979535        1025.618       13.773009       1405.5081      -14.510878       -14.510878       2551.8145                                 92.935848          13.773009             1405.5081          13.979535                      23.290792                      401.11131                                592.76962                        8.4462547
              1       1261.1528       1.0418017     0.022791666      0.11805437     0.068427342       3.0650629       0.9702407      0.99733928      0.30229201      0.69763062       0.8124499     0.048694114      0.25222171      0.81554756       13.744763       147.14803        68.41476   2.1435809e-09       8.9208527       13.555553       1025.5085       13.549423       1405.5952      -14.340088       -14.340088       2550.9857                                 92.777039          13.549423             1405.5952          13.555553                       23.15555                      400.88055                                593.05487                        8.4175114
              1       1261.2489       1.0418106     0.022793018      0.11808697     0.068326924       3.0648794      0.97016423      0.99729936      0.30243083      0.69749178      0.81246803     0.048707676      0.25234667      0.81575302       13.744503       147.13787       68.407262   2.1431878e-09       8.9117279       13.664687       1025.5213       13.591917       1405.5693      -14.318599       -14.318599        2551.135                                 92.787807          13.591917             1405.5693          13.664687                      23.170062                      400.85919                                593.06942                        8.4225843
              3       1259.3207       1.0419083     0.022765331      0.11810557     0.063406507       3.0580508      0.96861565      0.99854537      0.30239987      0.69752275      0.80948992     0.048646655      0.25237677      0.81272125       13.744635       147.16299       68.408568   2.1286027e-09       8.4547882       13.454712       1023.1331       13.584512       1405.5751      -14.819595       -14.819595       2548.2806                                  92.53318          13.584512             1405.5751          13.454712                      23.344071                      398.59616                                592.80797                        8.3849507
              6       1257.2773       1.0419038     0.022652159       0.1178027     0.064602529       3.0636786      0.96781017       1.0006219      0.30145966      0.69846298      0.81092985     0.048396603      0.25168685      0.81290026       13.755438       147.36884       68.414375   2.1406157e-09       8.5909576       12.488411       1020.6767       13.551604       1405.7535      -15.254492       -15.254492       2545.0636                                 92.593417          13.551604             1405.7535          12.488411                      23.522244                      399.14591                                589.67003                        8.3384879
              3       1257.1629        1.041875     0.022635303      0.11776939     0.064263465       3.0624933      0.96795169       1.0004922      0.30146536      0.69845724      0.81042173     0.048378706      0.25170994      0.81239859       13.757939       147.39638       68.401564     2.13808e-09       8.5621796       12.484989       1020.4561       13.624256       1405.7524       -15.30222        -15.30222       2544.9303                                 92.612559          13.624256             1405.7524          12.484989                       23.45346                      399.02585                                589.63376                        8.3430104
              1       1260.1462       1.0420585      0.02269353      0.11703681     0.055164716       3.0522438      0.97506017       1.0051225      0.29672306       0.7032004      0.80582371       0.0479695      0.24739199      0.80141056       13.742785       147.52685       68.780991   2.1162777e-09       7.6490021       10.449477       1025.5599       11.554814       1406.7456      -13.088699       -13.088699       2546.4699                                 92.160109          11.554814             1406.7456          10.449477                      21.820016                      395.99524                                598.81597                        8.9286528
              5       1260.6758       1.0420585      0.02269353      0.11703681     0.055164716       3.0522438      0.97506017       1.0049363      0.29672306       0.7032004      0.80582371       0.0479695      0.24739199      0.80141056       13.742785       147.52685       68.780991   2.1162777e-09       7.6490021       10.449477       1026.9185       11.554814       1406.7456      -13.238478       -13.238478       2547.8285                                 92.160109          11.554814             1406.7456          10.449477                      21.841353                      395.99268                                600.20059                        8.8838524
              2       1258.7505       1.0422529     0.022640315      0.11735351     0.055559322       3.0517635        0.973011         1.00396      0.29812292      0.70180032      0.80650666      0.04799271      0.24876478      0.80397957       13.744189       147.50116       68.683687   2.1152615e-09       7.7051544       10.638541       1024.1336       12.069281       1406.4362      -14.056545       -14.056545        2545.614                                 92.336427          12.069281             1406.4362          10.638541                      22.206919                      396.06061                                597.05609                        8.8099841
              1       1258.5194       1.0422323     0.022630384      0.11723418     0.054684892        3.048481      0.97313599        1.003423      0.29761106      0.70231224       0.8048272     0.047933348      0.24831337      0.80161633       13.745291       147.54405       68.711128   2.1083294e-09       7.6181183       10.516021       1024.0989       11.923058       1406.5477      -14.394392       -14.394392       2545.8276                                 92.741955          11.923058             1406.5477          10.516021                      22.141301                      395.91942                                596.99923                        9.0389022
              8       1258.6359       1.0422333     0.022628494      0.11725987     0.054274271        3.047886      0.97309618       1.0034982      0.29775412      0.70216916      0.80467493     0.047944265      0.24844509      0.80165727       13.745586       147.53923       68.700436   2.1070755e-09       7.5774078       10.545553        1024.168       11.979927       1406.5164       -14.35662        -14.35662       2545.9851                                 92.775279          11.979927             1406.5164          10.545553                      22.137983                      395.87054                                597.10497                        9.0545158
              2        1259.374       1.0422333     0.022628494      0.11725987     0.054274271        3.047886      0.97309618       1.0032657      0.29775412      0.70216916      0.80467493     0.047944265      0.24844509      0.80165727       13.745586       147.53923       68.700436   2.1070755e-09       7.5774078       10.545553       1025.8958       11.979927       1406.5164      -14.482457       -14.482457       2547.7129                                 92.775279          11.979927             1406.5164          10.545553                      22.166587                      395.87947                                598.85687                        8.9928262
              1       1259.4275       1.0422634     0.022757541      0.11733575     0.063470743       3.0653378      0.97156559       1.0023292      0.29733403      0.70258947      0.81099525     0.048079544      0.24789363      0.80738373       13.731301       147.37672        68.79906   2.1441704e-09       8.4498749        10.53938       1027.1077       11.460518       1406.6089      -14.578265       -14.578265       2548.0116                                 92.295098          11.460518             1406.6089           10.53938                      22.846122                      398.42789                                597.46971                        8.3639307
              3       1259.4267       1.0422111     0.022755889      0.11726227     0.063978912       3.0663873      0.97152903       1.0024458      0.29711001       0.7028135      0.81110922     0.048065492      0.24768396      0.80719294        13.73268       147.39822       68.806617   2.1464218e-09       8.4969025       10.510119       1027.0397       11.421191       1406.6587      -14.538637       -14.538637       2547.9307                                 92.300916          11.421191             1406.6587          10.510119                      22.864858                      398.63144                                 597.1979                        8.3455291
              1       1257.9132       1.0422111     0.022755889      0.11726227     0.063978912       3.0663873      0.97152903        1.002974      0.29711001       0.7028135      0.81110922     0.048065492      0.24768396      0.80719294        13.73268       147.39822       68.806617   2.1464218e-09       8.4969025       10.510119       1023.5545       11.421191       1406.6587      -14.309603       -14.309603       2544.4455                                 92.300916          11.421191             1406.6587          10.510119                      22.791188                      398.60812                                593.78208                        8.3731571
              1       1258.6918       1.0421603     0.022839969      0.11707399     0.063150799       3.0595909      0.97209329        1.000632      0.29579782      0.70412598      0.80746581     0.048065626      0.24637664      0.80179066       13.724339       147.35548        68.93352   2.1318833e-09       8.3951263       10.389951         1025.97        10.77092       1406.9577      -14.710129       -14.710129       2546.8039                                 92.715375           10.77092             1406.9577          10.389951                      22.666101                      398.18491                                596.53034                        8.5886201
              1       1258.9922       1.0421545     0.022851124      0.11698226      0.06416194       3.0602496      0.97213347       1.0000863      0.29527302      0.70465086      0.80736449     0.048031319      0.24588778      0.80097858       13.722885       147.36776       68.974972   2.1332881e-09       8.4863739       10.366674       1026.5604       10.562641       1407.0806      -14.701111       -14.701111       2547.3866                                 92.816329          10.562641             1407.0806          10.366674                      22.691822                      398.60564                                596.66279                        8.6001217
              5       1261.3658       1.0421588     0.022790248      0.11737948     0.053320651       3.0328278      0.97585761      0.99741591      0.29768313      0.70224032      0.79916932     0.048179009      0.24814241      0.79607738       13.731133       147.32799       68.777375   2.0755843e-09       7.4489594       10.698193       1028.7971       11.573735        1406.532      -14.376807       -14.376807       2551.4853                                  93.88433          11.573735              1406.532          10.698193                      21.625995                      395.72887                                601.04275                        10.399453
              2       1262.3635       1.0421806     0.022830672      0.11757034      0.05270727       3.0321397      0.97516756      0.99727895      0.29839178      0.70153161      0.79920058     0.048300029      0.24872903      0.79705554       13.727079       147.23239        68.75205   2.0741566e-09       7.3815765       10.960433       1029.9895       11.706661       1406.3784      -14.182715       -14.182715       2553.0924                                 94.057407          11.706661             1406.3784          10.960433                      21.750768                      395.69664                                 602.3097                          10.2324
              7       1261.8977        1.042286     0.022818284      0.11746286     0.055889453       3.0354258      0.97433715      0.99594862      0.29758994      0.70233359      0.80002492      0.04818505      0.24804468      0.79680493        13.72476       147.27498       68.815351   2.0809836e-09        7.700943       10.643317       1027.9533       11.375826       1406.5525      -13.504884       -13.504884       2550.8052                                 94.280389          11.375826             1406.5525          10.643317                      21.962027                       396.0431                                599.81041                        10.137726
              4       1261.6614       1.0421861      0.02286809      0.11740912     0.057499757        3.041348        0.972733      0.99702048      0.29731705      0.70260655      0.80141931      0.04824729      0.24771075      0.79782764       13.722172       147.23447       68.845964   2.0933443e-09       7.8483429       10.660007       1028.1022       11.217535       1406.6127      -13.928348       -13.928348       2551.1795                                 94.587009          11.217535             1406.6127          10.660007                      22.338202                      396.43646                                599.80606                        9.5215083
              2       1258.7706       1.0420129      0.02259228      0.11791451     0.059744588       3.0438523      0.96710855      0.99603935      0.30207774      0.69784476      0.80345018      0.04834984      0.25234938      0.80622764       13.759111       147.40494       68.356924   2.0985932e-09       8.1382294       12.686848       1018.4788       13.878927       1405.6355      -14.149563       -14.149563       2545.8404                                 95.160355          13.878927             1405.6355          12.686848                      23.385664                      397.27455                                588.87651                        8.9420361
              1       1259.5395       1.0420129      0.02259228      0.11791451     0.059744588       3.0438523      0.96710855      0.99573158      0.30207774      0.69784476      0.80345018      0.04834984      0.25234938      0.80622764       13.759111       147.40494       68.356924   2.0985932e-09       8.1382294       12.686848       1019.6113       13.878927       1405.6355      -13.946948       -13.946948       2546.9729                                 95.160355          13.878927             1405.6355          12.686848                      23.432607                       397.2901                                590.02402                        8.8645366
              2       1258.9782        1.041824     0.022601205      0.11704855     0.065323003       3.0557987      0.96853824      0.99719502      0.29799062      0.70193246      0.80546189     0.048005992      0.24861646      0.80275989       13.759673       147.62719       68.614843   2.1238142e-09       8.6576385        10.75039        1023.276       12.440038       1406.4648      -14.758984       -14.758984       2547.4743                                 94.543076          12.440038             1406.4648           10.75039                      23.286898                      399.41906                                591.92156                        8.6484642
              2       1258.4457       1.0419004       0.0226552      0.11708338     0.065007272       3.0580628      0.96875999      0.99831158      0.29764508      0.70227814      0.80640441     0.048034465      0.24824489      0.80323314         13.7518       147.55781       68.676392   2.1286281e-09       8.6155243       10.670214       1023.6073       12.108303       1406.5402      -15.050631       -15.050631       2546.9927                                 94.066664          12.108303             1406.5402          10.670214                      23.296139                      399.23881                                592.54517                        8.5271815
              4       1258.7982       1.0417484     0.022540083       0.1173596     0.057432246       3.0491624      0.96791856       1.0011386      0.30020896      0.69971368      0.80389045       0.0481468      0.25068626      0.80417038       13.769944       147.61105       68.421729   2.1097667e-09       7.9129181         11.6503       1022.1267       13.509984       1406.0003      -15.383209       -15.383209       2548.3629                                 95.075637          13.509984             1406.0003            11.6503                      23.141905                      396.60097                                593.67512                        8.7086555
              2       1258.3333       1.0419707      0.02259112      0.11773826     0.055112711       3.0428746      0.96791254       0.9997427      0.30127166      0.69865095      0.80266411     0.048279029      0.25161606       0.8043635       13.759664       147.45287       68.405279   2.0965424e-09       7.6770782       12.181794       1020.4817       13.603167       1405.7899      -15.401256       -15.401256       2547.4691                                 95.412547          13.603167             1405.7899          12.181794                        23.1308                      396.06926                                592.36865                        8.9129515
             11       1259.2126       1.0419078     0.022608686      0.11713678      0.05611486        3.039082      0.97087528      0.99792919      0.29816907      0.70175402       0.7998278     0.048017879      0.24878313      0.79738335       13.756802       147.59438       68.617703   2.0886061e-09       7.7634125       10.775615       1022.3995       12.424521       1406.4262      -15.031424       -15.031424       2548.4881                                 96.462228          12.424521             1406.4262          10.775615                       22.49533                      396.20225                                 593.9939                        9.7080676
              2       1259.4741       1.0419075     0.022614372      0.11713932     0.055946812       3.0388898      0.97069573      0.99796079      0.29815096      0.70177214      0.79968105     0.048024224      0.24875884      0.79721284       13.756215       147.58736       68.621798   2.0882046e-09        7.745163       10.776111       1022.6872       12.402328       1406.4301      -15.030952       -15.030952       2549.0102                                 96.714468          12.402328             1406.4301          10.776111                       22.53117                      396.17675                                594.27221                        9.7070545
              2       1259.4084       1.0419024     0.022611569      0.11712435     0.055866834       3.0387857      0.97072247      0.99801337      0.29810274      0.70182036      0.79960265     0.048016583      0.24871831      0.79707022       13.756594       147.59448       68.623004   2.0879874e-09       7.7381439       10.760729       1022.5541       12.395794       1406.4405      -15.053271       -15.053271       2548.9233                                 96.772158          12.395794             1406.4405          10.760729                      22.520693                       396.1621                                594.14149                        9.7297821
              1       1258.6887       1.0419358     0.022639823       0.1171233     0.056178877       3.0430479      0.97071694       0.9995847      0.29783938       0.7020838      0.80121362     0.048024802       0.2484482      0.79832321       13.752579       147.56339       68.659988   2.0969058e-09       7.7627106       10.695995       1022.8306       12.196276       1406.4977      -15.298311       -15.298311       2547.9741                                  95.75353          12.196276             1406.4977          10.695995                      22.577248                      396.20136                                594.70248                        9.3495034
              1       1258.4514       1.0419358     0.022639823       0.1171233     0.056178877       3.0430479      0.97071694      0.99966794      0.29783938       0.7020838      0.80121362     0.048024802       0.2484482      0.79832321       13.752579       147.56339       68.659988   2.0969058e-09       7.7627106       10.695995       1022.3658       12.196276       1406.4977      -15.303287       -15.303287       2547.5094                                  95.75353          12.196276             1406.4977          10.695995                      22.566089                      396.19537                                594.22584                        9.3785455
              4       1259.0182       1.0417495     0.022541401      0.11718074     0.054062794       3.0391146      0.97063536       1.0000718      0.29924829      0.70067451      0.80006591     0.048056243      0.24981881      0.79906292       13.768913       147.65723       68.488168   2.0886742e-09       7.5731964       11.186143       1022.4254       13.136899       1406.1973      -15.484681       -15.484681       2549.0057                                 96.060077          13.136899             1406.1973          11.186143                        22.4294                      395.87006                                594.54562                        9.5802778
              1       1257.6563       1.0420532     0.022423202      0.11722062     0.055310187       3.0424259      0.97097426       1.0006784      0.29924077      0.70068199      0.80239256     0.047829739      0.25003706      0.80137659       13.772677       147.77837       68.469918   2.0956019e-09       7.7255096       10.860051        1021.878        13.23886       1406.1988      -15.562504       -15.562504       2546.4377                                 94.261942           13.23886             1406.1988          10.860051                      22.356624                      396.08139                                593.93387                        9.5061217
              1       1258.0106       1.0419917     0.022465434      0.11691081     0.055853192       3.0456808      0.97400886       1.0021267      0.29754084      0.70238221      0.80331397     0.047738651      0.24843341      0.80001474       13.768504       147.81456       68.599719   2.1024339e-09       7.7655182       10.464553       1023.9766       12.522243       1406.5631      -15.208397       -15.208397        2546.438                                 92.911493          12.522243             1406.5631          10.464553                      21.841832                       396.1178                                596.49298                        9.5239765
              1       1258.0963       1.0419917     0.022465434      0.11691081     0.055853192       3.0456808      0.97400886       1.0020953      0.29754084      0.70238221      0.80331397     0.047738651      0.24843341      0.80001474       13.768504       147.81456       68.599719   2.1024339e-09       7.7655182       10.464553       1024.1692       12.522243       1406.5631      -15.219018       -15.219018       2546.6306                                 92.911493          12.522243             1406.5631          10.464553                      21.845468                       396.1178                                596.69319                         9.512761
              1       1259.3673       1.0419917     0.022465434      0.11691081     0.055853192       3.0456808      0.97400886       1.0016876      0.29754084      0.70238221      0.80331397     0.047738651      0.24843341      0.80001474       13.768504       147.81456       68.599719   2.1024339e-09       7.7655182       10.464553        1026.958       12.522243       1406.5631      -15.342373       -15.342373       2549.4194                                 92.911493          12.522243             1406.5631          10.464553                      21.892945                      396.10291                                 599.5897                        9.3724363
              3       1259.0147       1.0419679     0.022473528      0.11699273     0.055807935       3.0450503      0.97369445       1.0013154      0.29799784      0.70192515      0.80319726      0.04779847      0.24882937      0.80051255       13.768747       147.78349       68.569128   2.1011087e-09       7.7606049       10.576287       1026.1578       12.689335       1406.4632      -15.424742       -15.424742       2548.8789                                 92.992359          12.689335             1406.4632          10.576287                      21.947287                      396.10291                                598.76329                        9.3442768
              1       1260.2758         1.04194     0.022422967      0.11686151     0.061700497       3.0496932      0.97759648      0.99869096      0.29767041      0.70225256      0.80599012     0.047700421      0.24859971      0.80285464       13.774338       147.87579       68.562309   2.1108867e-09       8.3502045       10.475539       1029.7778       12.726731       1406.5346      -15.462359       -15.462359       2551.4762                                 91.961542          12.726731             1406.5346          10.475539                      21.379019                      397.65383                                601.33924                        9.4057261
              2       1260.3649       1.0422132     0.022477956      0.11670224     0.062003056       3.0472358      0.97810041      0.99724527      0.29572717      0.70419624      0.80460139      0.04754067      0.24682416      0.79885097       13.759551       147.85727       68.761567   2.1057059e-09       8.3642426       10.311262       1029.8594       11.656621        1406.974      -14.952011       -14.952011       2550.6338                                 91.832546          11.656621              1406.974          10.311262                      21.345986                      397.67984                                600.97995                        9.8536453
              1       1260.1785       1.0422384     0.022471954      0.11660698     0.064207101       3.0512604      0.97754326      0.99715483       0.2951871       0.7047364      0.80575705     0.047475557       0.2463507      0.79926753       13.758972       147.88984       68.799516   2.1141974e-09       8.5762177       10.357782       1029.4013       11.458143       1407.1008      -14.916972       -14.916972        2550.191                                 91.872955          11.458143             1407.1008          10.357782                      21.484077                      398.55211                                599.74032                        9.6248026
              2        1259.364       1.0422838     0.022639356      0.11653967     0.062530192       3.0521961      0.97473506       0.9984554      0.29377249      0.70615143      0.80435572      0.04756594       0.2448532      0.79596338       13.739443       147.72115       68.989658   2.1161767e-09       8.3740692       10.550718       1027.4876       10.489335       1407.4428      -15.122234       -15.122234       2548.9726                                 93.002122          10.489335             1407.4428          10.550718                      22.045624                       397.9148                                598.16906                        9.3581231
              1       1259.2553       1.0424479     0.022698474      0.11786324     0.064172114       3.0583817      0.97135475      0.99791955      0.29990586      0.70001723      0.81038161     0.048209091       0.2503287      0.81025446       13.734592        147.3014       68.617337   2.1293072e-09       8.5404205       11.241927       1026.1011       12.426508       1406.0619      -14.829117       -14.829117       2548.1688                                 92.337335          12.426508             1406.0619          11.241927                      22.857606                      398.80496                                595.92473                        8.5137785
              1        1258.388       1.0424479     0.022698474      0.11786324     0.064172114       3.0583817      0.97135475      0.99818405      0.29990586      0.70001723      0.81038161     0.048209091       0.2503287      0.81025446       13.734592        147.3014       68.617337   2.1293072e-09       8.5404205       11.241927       1024.5314       12.426508       1406.0619      -14.911563       -14.911563        2546.599                                 92.337335          12.426508             1406.0619          11.241927                      22.820509                      398.80667                                594.36769                        8.5365035
              2       1259.8801       1.0417192      0.02269661      0.11781608     0.069222124       3.0682136      0.96927866      0.99825248      0.30182133      0.69810124      0.81291936      0.04852986      0.25191418      0.81538328       13.756252       147.31651       68.387382   2.1503454e-09       9.0142059       13.039452       1024.4721       13.704904       1405.6842      -14.935804       -14.935804       2549.6318                                 92.731208          13.704904             1405.6842          13.039452                       23.38851                      401.40333                                591.27729                        8.4029163
              1       1259.8173       1.0416682     0.022677146      0.11775979     0.069101762       3.0678265       0.9701282      0.99838238      0.30178581      0.69813673      0.81286412      0.04850857      0.25189938      0.81527991       13.759586       147.35304       68.373052   2.1495133e-09       9.0071869       13.022436       1024.3301       13.786642       1405.6909       -15.01867        -15.01867       2549.6719                                 92.841772          13.786642             1405.6909          13.022436                      23.165698                      401.30229                                591.45411                        8.4080509
              2       1260.9767       1.0416252     0.022711576      0.11796155      0.06774822       3.0658701      0.97019608      0.99842188      0.30278901       0.6971334      0.81261568      0.04866225      0.25274662      0.81638426       13.758135       147.26107       68.316805    2.145312e-09       8.8752289       13.987898       1025.3277       14.109817       1405.5029      -14.942162       -14.942162       2551.8377                                 92.909341          14.109817             1405.5029          13.987898                      23.123154                      400.60787                                593.15015                        8.4465155
              3       1259.4277        1.041824     0.022652601      0.11803625     0.053168078       3.0394049      0.97181565       0.9996807      0.30293789      0.69698449      0.80311551      0.04855435      0.25300288      0.80703837       13.758858       147.30507       68.303816   2.0892806e-09       7.4721222       13.723398       1023.1258        14.18498       1405.4756      -15.276304       -15.276304        2549.408                                 92.898224           14.18498             1405.4756          13.723398                      22.306845                      395.78641                                596.04333                        8.9892134
              2       1259.9307        1.042092     0.022732115      0.11782821     0.054480223       3.0413866      0.97478306      0.99951661      0.30057699      0.69934593      0.80401324     0.048389056      0.25081679      0.80478605       13.741426       147.27268       68.540355    2.093425e-09       7.5844269       11.917694        1027.164       12.847511       1405.9267       -15.06692        -15.06692       2549.9953                                 92.139424          12.847511             1405.9267          11.917694                       21.86972                      395.88981                                600.25346                        9.1510149
              3       1260.3954       1.0420342     0.022748941      0.11776894       0.0575325       3.0464153      0.97590129       0.9991679      0.30033708      0.69958587      0.80605377      0.04840077      0.25056585      0.80650649       13.741073       147.27013       68.557418   2.1039787e-09       7.8834381       11.856026        1028.188        12.75359       1405.9747      -14.982224       -14.982224       2550.7553                                 91.983017           12.75359             1405.9747          11.856026                      21.753407                      396.40538                                601.06838                         8.960808
              1       1258.7704        1.041816     0.022703648      0.11721638     0.064013701       3.0640256      0.97322345       1.0019296      0.29831877      0.70160438      0.81038928     0.048183861      0.24876786      0.80811534       13.749786       147.46835       68.643121   2.1413587e-09       8.5116425       10.982167       1025.2932       12.287067        1406.394      -14.864243       -14.864243       2547.2693                                 92.312876          12.287067              1406.394          10.982167                      22.398169                      398.62436                                595.86254                        8.4081093
              2       1259.3781       1.0417582     0.022717668      0.11729571     0.063398878       3.0633973      0.97296715       1.0020757      0.29882736      0.70109571      0.81022639     0.048263762      0.24919513      0.80864133       13.750392       147.43155       68.607452   2.1400137e-09       8.4505768       11.244017       1026.0012       12.480176       1406.2856      -14.780504       -14.780504       2548.3173                                 92.306312          12.480176             1406.2856          11.244017                      22.436842                        398.354                                596.81486                        8.3954525
              3       1259.6173       1.0419546     0.022547316       0.1178856     0.064776664        3.071351      0.96892185       1.0039647      0.30235744      0.69756495      0.81516852     0.048323586      0.25265334       0.8183651       13.765514       147.46301       68.307416   2.1571026e-09       8.6344757       12.846982       1021.5133       14.164132       1405.5829      -14.219196       -14.219196       2547.6731                                 93.565695          14.164132             1405.5829          12.846982                      23.287771                      399.28778                                590.36858                        8.5691987
              4       1258.7542       1.0419366     0.022502514      0.11791015     0.064171966       3.0681404      0.96888817        1.003154      0.30280224      0.69712003      0.81410845     0.048305444      0.25311405      0.81790182       13.770954       147.50615       68.252329    2.150188e-09         8.58815       13.100343       1020.6472        14.48488       1405.5004      -14.738144       -14.738144       2546.9848                                  93.25188           14.48488             1405.5004          13.100343                      23.220939                      399.05168                                589.86537                        8.5092316
              3       1258.4038       1.0419366     0.022502514      0.11791015     0.064171966       3.0681404      0.96888817       1.0032798      0.30280224      0.69712003      0.81410845     0.048305444      0.25311405      0.81790182       13.770954       147.50615       68.252329    2.150188e-09         8.58815       13.100343       1019.8168        14.48488       1405.5004      -14.673352       -14.673352       2546.1544                                  93.25188           14.48488             1405.5004          13.100343                      23.202312                      399.05168                                589.06425                         8.498578
              5       1258.4203       1.0416626     0.022483476      0.11756734     0.064671734       3.0661355      0.96921136       1.0024461      0.30189592      0.69802638      0.81202862     0.048243874      0.25226989      0.81459047       13.779547       147.61905       68.266972   2.1458814e-09       8.6337738        12.66881       1021.6136       14.399271       1405.6699      -15.075156       -15.075156       2546.9909                                 92.639296          14.399271             1405.6699           12.66881                      23.068708                       399.1679                                590.99469                        8.3823498
              4       1257.8445       1.0416973     0.022467174      0.11772062     0.062644192       3.0611957      0.96943763        1.001917       0.3027066      0.69721556      0.81073114     0.048291336      0.25303075      0.81438014       13.780979       147.59597       68.208676   2.1353075e-09       8.4463654       13.205046       1020.2407       14.741608        1405.518      -15.274771       -15.274771       2546.2386                                 92.533222          14.741608              1405.518          13.205046                      22.934098                      398.33059                                590.55083                        8.4251755
              2       1257.6411       1.0416754     0.022481474       0.1175343     0.062858039       3.0605024      0.97021687       1.0016272        0.301693      0.69822933      0.80996031     0.048219166      0.25209226      0.81224253       13.779222       147.62996       68.281421   2.1338275e-09       8.4597015       12.510546       1021.0047       14.315044       1405.7086      -15.343951       -15.343951         2545.97                                 92.431131          14.315044             1405.7086          12.510546                      22.772701                      398.36338                                591.43137                        8.4372681
              3       1256.9152       1.0419349     0.022420764      0.11740462     0.065235799       3.0619295      0.96926917       1.0002781      0.30058144      0.69934107      0.81027477     0.047976712      0.25122639       0.8110596       13.777347       147.73262       68.361244   2.1368749e-09       8.7011566       11.505756       1021.2447       13.854175       1405.9257      -15.594418       -15.594418       2545.0192                                 92.488912          13.854175             1405.9257          11.505756                      23.026715                      399.48269                                590.28089                        8.4544415
              2       1255.4353       1.0419349     0.022420764      0.11740462     0.065235799       3.0619295      0.96926917       1.0010837      0.30058144      0.69934107      0.81027477     0.047976712      0.25122639       0.8110596       13.777347       147.73262       68.361244   2.1368749e-09       8.7011566       11.505756       1018.1095       13.854175       1405.9257      -15.506645       -15.506645        2541.884                                 92.488912          13.854175             1405.9257          11.505756                      22.911311                      399.45725                                587.19394                        8.5469637
              1       1255.3716        1.041908     0.022422665      0.11750621     0.065295686        3.060462      0.96911219       1.0002442      0.30119164      0.69873077      0.80995618     0.048042787      0.25176873      0.81156322       13.778431       147.70325       68.317116   2.1337412e-09       8.7081757       11.864507       1017.6544       14.108023       1405.8054      -15.594836       -15.594836       2541.9328                                 92.500408          14.108023             1405.8054          11.864507                      22.937697                      399.50198                                586.64371                        8.5710608
              3       1255.7535       1.0424038     0.022559579      0.11792611      0.05453957       3.0407324      0.97221359       1.0001936      0.30116926      0.69875346      0.80428674     0.048141856      0.25165283      0.80585258       13.751018       147.43766       68.454827   2.0920559e-09       7.6300507        11.70073       1018.9966       13.323471       1405.8099      -15.455472       -15.455472       2542.4179                                 92.587104          13.323471             1405.8099           11.70073                      22.144974                      395.95546                                591.34496                        9.5512421
              1       1255.3283       1.0424038     0.022559579      0.11792611      0.05453957       3.0407324      0.97221359       1.0006715      0.30116926      0.69875346      0.80428674     0.048141856      0.25165283      0.80585258       13.751018       147.43766       68.454827   2.0920559e-09       7.6300507        11.70073       1018.0802       13.323471       1405.8099      -15.422403       -15.422403       2541.5014                                 92.587104          13.323471             1405.8099           11.70073                      22.086572                      395.92243                                590.34996                        9.7212314
              1       1255.8754        1.042235      0.02253353       0.1181511     0.053544886       3.0373032      0.97339534      0.99999282      0.30301883      0.69690353       0.8040062     0.048313476      0.25332428      0.80804134       13.759871       147.40645       68.293674   2.0848943e-09       7.5381012       13.026896       1017.8214       14.243807       1405.4608      -15.495867       -15.495867       2542.7426                                 92.189635          14.243807             1405.4608          13.026896                      21.813075                      395.83316                                590.35195                        9.8232201
              1       1256.2183       1.0422746     0.022456188       0.1178458      0.05520117       3.0375042      0.97474481      0.99921945      0.30172213      0.69820036      0.80380258     0.048071765      0.25227146      0.80610636       13.765527       147.57403       68.347555   2.0853134e-09       7.7177887       11.942897       1019.8539       13.932675       1405.7031       -15.52897        -15.52897       2543.4946                                 92.062076          13.932675             1405.7031          11.942897                       21.56632                       396.0512                                592.00615                        10.230253
              5        1256.288       1.0422814     0.022445509       0.1179196     0.054748317       3.0362687       0.9743557      0.99898691      0.30215693      0.69776548      0.80349151     0.048096606      0.25268006      0.80637479       13.766811       147.56614       68.313653   2.0827386e-09       7.6756744        12.18736       1019.5209       14.128039       1405.6205      -15.503469       -15.503469       2543.5829                                 92.126053          14.128039             1405.6205           12.18736                      21.614812                      396.00073                                591.63035                         10.27502
              2       1257.7902       1.0423275      0.02233019      0.11818173     0.056368397       3.0383303      0.97362468      0.99845136      0.30409179       0.6958302      0.80551253     0.048105817      0.25459832      0.81098724       13.778985       147.62469       68.131415   2.0870367e-09          7.8694        13.29171       1020.5119       15.201512       1405.2689      -15.425596       -15.425596       2546.4315                                 92.157501          15.201512             1405.2689           13.29171                      21.705779                      396.27772                                592.53317                        9.9952022
              8       1257.7337       1.0423436     0.022331772         0.11828     0.055998892       3.0378892      0.97294547      0.99841965       0.3045617      0.69536022      0.80547091     0.048149509      0.25502337      0.81157168       13.778793       147.59663       68.102908   2.0861162e-09       7.8336029       13.666651       1019.9041       15.372986       1405.1874      -15.417878       -15.417878       2546.3032                                  92.17205          15.372986             1405.1874          13.666651                      21.818312                      396.24337                                591.91337                        9.9290721
              5       1258.1934        1.042297     0.022294142      0.11835056     0.055516153       3.0372395      0.97262289      0.99858721      0.30530171      0.69462005      0.80546439     0.048173936       0.2557359      0.81255044       13.784534       147.61969       68.028252   2.0847614e-09       7.7942963       14.279773       1019.9089       15.826612        1405.062      -15.447819       -15.447819       2547.2824                                 92.205053          15.826612              1405.062          14.279773                      21.836334                      396.15785                                592.00429                        9.9104521
              1       1258.4419        1.042297     0.022294142      0.11835056     0.055516153       3.0372395      0.97262289      0.99923773      0.30530171      0.69462005      0.80546439     0.048173936       0.2557359      0.81255044       13.784534       147.61969       68.028252   2.0847614e-09       7.7942963       14.279773       1020.6324       15.826612        1405.062      -15.561012       -15.561012       2548.0059                                 92.205053          15.826612              1405.062          14.279773                      21.761588                      396.17197                                 592.5367                        10.162186
              1       1259.0483       1.0422161     0.022437792      0.11759911      0.05362925       3.0301146      0.97785539      0.99848572      0.30068845      0.69923415       0.8009665     0.047958025      0.25135367      0.80188502       13.768072       147.66042       68.400521   2.0699605e-09       7.5591583        11.39345       1026.0901       13.630174       1405.9044        -15.4073         -15.4073       2548.9112                                 91.893023          13.630174             1405.9044           11.39345                       20.98024                      395.80029                                597.51147                        11.798144
              5       1258.7762       1.0423587     0.022443523      0.11737744     0.053066811        3.031985      0.97828427       1.0000488      0.29905946      0.70086344      0.80118221      0.04778374      0.24990431      0.79992532       13.762156       147.71341         68.5339   2.0738358e-09       7.4973907       10.682009       1027.0316        12.88313       1406.2368      -15.586757       -15.586757       2548.7258                                 91.892347           12.88313             1406.2368          10.682009                      20.935276                      395.74433                                598.45734                        11.894654
              3       1258.6314       1.0423587     0.022443523      0.11737744     0.053066811        3.031985      0.97828427      0.99959383      0.29905946      0.70086344      0.80118221      0.04778374      0.24990431      0.79992532       13.762156       147.71341         68.5339   2.0738358e-09       7.4973907       10.682009       1026.7161        12.88313       1406.2368       -15.57375        -15.57375       2548.4104                                 91.892347           12.88313             1406.2368          10.682009                      20.975226                      395.74433                                598.37396                        11.622626
              3       1257.9994       1.0421935     0.022558618      0.11682467     0.055555865       3.0362338      0.97901441      0.99963852      0.29597538      0.70394808      0.80054958     0.047682056      0.24693182       0.7951616       13.752126       147.73379       68.782627   2.0826659e-09       7.7142792       10.312076       1025.8793       11.546263       1406.9164      -15.449486       -15.449486       2546.8978                                 92.243682          11.546263             1406.9164          10.312076                      20.955122                      396.01595                                 597.2492                        11.659069
              2       1257.8682       1.0423127     0.022582447      0.11670052     0.057663762       3.0407705      0.97914767      0.99983228      0.29484639      0.70507731      0.80197242      0.04758444      0.24590466      0.79505415       13.745434       147.74082       68.889497   2.0921356e-09       7.9164276       10.381545       1026.0096       10.994341       1407.1819      -15.419303       -15.419303        2546.575                                 92.007672          10.994341             1407.1819          10.381545                      20.995492                      396.37521                                597.27884                        11.360046
              1       1258.0072       1.0423127     0.022582447      0.11670052     0.057663762       3.0407705      0.97914767      0.99951372      0.29484639      0.70507731      0.80197242      0.04758444      0.24590466      0.79505415       13.745434       147.74082       68.889497   2.0921356e-09       7.9164276       10.381545       1026.2543       10.994341       1407.1819      -15.402636       -15.402636       2546.8197                                 92.007672          10.994341             1407.1819          10.381545                      21.024446                      396.36005                                597.68984                        11.179929
              8       1257.9024       1.0422775     0.022550866      0.11656303     0.058785146       3.0424718      0.97907007      0.99951833      0.29440424      0.70551948        0.802245     0.047504034      0.24554331      0.79472783       13.749175       147.81309       68.899546   2.0956981e-09       8.0315399       10.456388        1025.997       10.943136       1407.2883      -15.452973       -15.452973       2546.7108                                 92.026026          10.943136             1407.2883          10.456388                      21.035975                      396.62179                                597.17338                        11.165817
              1       1257.8799       1.0424224     0.022530205      0.11640705     0.060193875       3.0456296      0.97777095      0.99976113       0.2932871      0.70663681      0.80276735     0.047340256       0.2445934      0.79373505       13.746296       147.87828       68.987002   2.1023262e-09       8.1719208       10.806999        1025.464       10.502577       1407.5633      -15.495724       -15.495724       2546.7513                                 92.414418          10.502577             1407.5633          10.806999                      21.250803                       397.0581                                 596.0961                        11.059014
              1       1256.2981       1.0423935      0.02260938      0.11647965     0.064165376       3.0591502       0.9758704       1.0017625      0.29331063      0.70661335      0.80751627     0.047458824      0.24449972      0.79846256       13.739078       147.77083        69.02173    2.130944e-09       8.5362091       10.726693       1022.2017        10.33014       1407.5575      -15.124649       -15.124649       2542.8456                                 92.029565           10.33014             1407.5575          10.726693                      21.734469                      398.49956                                592.51163                        9.4560568
              1       1256.0844       1.0423935      0.02260938      0.11647965     0.064165376       3.0591502       0.9758704       1.0021414      0.29331063      0.70661335      0.80751627     0.047458824      0.24449972      0.79846256       13.739078       147.77083        69.02173    2.130944e-09       8.5362091       10.726693       1021.5376        10.33014       1407.5575      -15.006315       -15.006315       2542.1814                                 92.029565           10.33014             1407.5575          10.726693                      21.691564                      398.49352                                591.75884                        9.5936426
              1       1256.0076       1.0424505     0.022459327      0.11718962      0.06221272       3.0562879      0.97509622       1.0023878      0.29770847      0.70221469       0.8093326     0.047659742      0.24868184      0.80623565       13.756836       147.74702       68.647153   2.1248534e-09        8.397934        10.37184       1020.7463       12.265334       1406.5263      -15.119106       -15.119106       2542.2533                                  92.34351          12.265334             1406.5263           10.37184                      21.677598                      397.89019                                591.75102                        9.4275288
              2       1255.8287       1.0423646     0.022439858      0.11712535     0.061270332       3.0559823      0.97469613       1.0032095      0.29773018      0.70219292      0.80886503      0.04765034      0.24871204      0.80579926       13.761162       147.78592       68.624161   2.1242041e-09       8.3101959       10.384183       1019.6749       12.389526       1406.5215      -14.765323       -14.765323        2541.188                                 92.217875          12.389526             1406.5215          10.384183                       21.70834                      397.57055                                590.97997                        9.4160185
              2        1255.728       1.0423201     0.022436438      0.11706326      0.06288155       3.0582407      0.97475452       1.0028458      0.29755143      0.70237169      0.80955159     0.047636734      0.24854707      0.80624108       13.762551       147.80658       68.628732   2.1290068e-09       8.4660187       10.367289       1019.7165        12.36479       1406.5608      -14.943709       -14.943709       2541.3434                                 92.334086           12.36479             1406.5608          10.367289                      21.732691                      398.14199                                590.54044                        9.3013355
              6        1255.555       1.0422456     0.022531512      0.11818989      0.05727784       3.0502989      0.97268824       1.0026326      0.30320565      0.69671668      0.80917848     0.048326361      0.25349773      0.81349023       13.759948       147.39867       68.281511   2.1121656e-09       7.9143219       13.153286       1015.5156       14.314514       1405.4268      -14.944113       -14.944113       2540.9983                                 92.588081          14.314514             1405.4268          13.153286                      22.040811                      396.45067                                588.02407                        9.0000053
              4       1255.4774       1.0422325     0.022546582      0.11812158     0.057314047       3.0500153      0.97310076       1.0025362       0.3027929      0.69712951      0.80888075     0.048311044      0.25310165      0.81263724       13.758415       147.40017       68.315168   2.1115668e-09         7.91362       12.885701       1015.8583       14.119281       1405.5022      -14.963176       -14.963176       2540.8811                                 92.515565          14.119281             1405.5022          12.885701                       21.97284                      396.44218                                588.39888                        9.0444425
              3       1255.8725       1.0422929     0.022523851      0.11818111     0.055748642       3.0463024       0.9735318       1.0023425      0.30306245      0.69685991      0.80786821      0.04829273      0.25338865      0.81198117       13.759318       147.40938        68.29367   2.1037412e-09       7.7634125       12.975451         1016.83       14.243832       1405.4529       -15.06952        -15.06952       2541.8841                                 92.381984          14.243832             1405.4529          12.975451                      21.837864                      396.15435                                589.55952                        9.2782196
              2        1255.839       1.0421762      0.02244258      0.11820157     0.056615881       3.0483352      0.97274665       1.0026627      0.30399493      0.69592716      0.80874817     0.048287303      0.25432171      0.81411518       13.771576       147.49424       68.174179    2.108022e-09       7.8686981       13.659067       1015.2023       14.946084        1405.286      -15.020404       -15.020404       2541.7189                                 92.625439          14.946084              1405.286          13.659067                      21.941945                      396.32698                                587.80287                        9.1305499
              1       1254.7291       1.0422119      0.02254094      0.11764049     0.058260552       3.0499785      0.96909922       1.0015184      0.30032808       0.6995947      0.80596353     0.048071365      0.25088301       0.8064041       13.757375       147.53498       68.476694   2.1114891e-09       8.0006561       11.372214        1016.162       13.200959       1405.9764      -15.301285       -15.301285       2540.0608                                 93.349277          13.200959             1405.9764          11.372214                      22.812335                      396.77579                                587.55468                        9.0191782
              1       1254.8978       1.0422147     0.022532306      0.11763973     0.056951993       3.0477963      0.96920082       1.0017658      0.30036549      0.69955727      0.80515248     0.048062145      0.25092938      0.80564279       13.758212       147.54466       68.470144   2.1068864e-09       7.8729095       11.376177       1016.1103       13.237596       1405.9689      -15.248063       -15.248063       2540.2918                                 93.598752          13.237596             1405.9689          11.376177                      22.741597                      396.43219                                587.78284                        9.1537058
              2       1256.3802       1.0421236     0.022583823      0.11687053     0.060807425       3.0594167      0.97017444       1.0043176       0.2962778      0.70364562      0.80713094     0.047759866      0.24715572      0.80210814       13.751743       147.69388       68.764957   2.1315121e-09       8.2259674       10.335723       1018.4381       11.638819       1406.8468      -13.927883       -13.927883       2540.6162                                  93.35672          11.638819             1406.8468          10.335723                      22.704878                      397.46724                                589.44091                         8.825062
              2       1262.1863       1.0419106     0.022530201      0.11520257     0.066414994        3.055361      0.97950731       1.0003341      0.28848022      0.71144429      0.80242714     0.046969666       0.2401677      0.78687002       13.755453       148.20482       69.258613   2.1228848e-09       8.7439728       13.309443       1031.0845       9.1920295       1408.8485      -15.491362       -15.491362       2555.3553                                 92.920864          9.1920295             1408.8485          13.309443                      21.089149                      399.23811                                599.39176                        11.365451
              2       1261.8459       1.0418863     0.022564533      0.11521837     0.067559362       3.0571306      0.97848064      0.99980077      0.28844613      0.71147841      0.80270716     0.047018648      0.24008527      0.78709811       13.752603       148.16217        69.27525   2.1266448e-09       8.8429413       13.243084       1030.0667       9.1145916       1408.8582      -15.447623       -15.447623        2554.587                                 93.304489          9.1145916             1408.8582          13.243084                      21.291076                      399.79913                                597.96767                        11.008823
              1       1259.8026       1.0420532     0.022591926      0.11828764     0.044912594       3.0204509      0.97272277      0.99987151      0.30395002      0.69597221      0.79712672      0.04852061        0.254046      0.80235733       13.759679       147.30467       68.235991   2.0500533e-09       6.6277313       14.173829       1021.5315       14.580704       1405.2939       -15.40381        -15.40381       2550.4129                                 94.832963          14.580704             1405.2939          14.173829                      21.745576                      396.30017                                592.43745                        11.048281
              4         1258.51       1.0422593     0.022575602      0.11872772     0.047190788       3.0326927      0.96797703       1.0024245       0.3057828      0.69413919      0.80231871     0.048632296      0.25576291      0.81001455       13.757296       147.20593       68.132965   2.0753038e-09        6.879715       15.651593       1017.0132       15.192218       1404.9826      -14.962736       -14.962736       2546.9455                                 94.105879          15.192218             1404.9826          15.651593                      22.744162                      395.83904                                589.05668                        9.3733393
