#        weight    minuslogpost     theta_s_100         omega_b       omega_cdm        tau_reio            logA             n_s        A_planck         Omega_m    Omega_Lambda          sigma8         Omega_b       Omega_cdm              S8             age         rs_drag              H0             A_s          z_reio       chi2__BAO       chi2__CMB        chi2__H0        chi2__SN   minuslogprior minuslogprior__0            chi2 chi2__jwst_likelihood_uvlf.UVLFLikelihood chi2__H0.riess2020 chi2__sn.pantheonplus chi2__bao.desi_dr2 chi2__planck_2018_lowl.TT_clik chi2__planck_2018_lowl.EE_clik chi2__planck_2018_highl_plik.TTTEEE_lite chi2__planck_2018_lensing.native
              3       1295.1211       1.0414176     0.022587981      0.11922736     0.052686657       3.0522569      0.96294591        1.000438      0.31097216      0.68894879       0.8095466     0.049306886       0.2602592      0.82421778       13.783315       147.06026       67.683829   2.1163053e-09       7.4538727        24.54037       1081.2589       18.004816       1404.2231      -15.396695       -15.396695       2621.0355                                 93.008398          18.004816             1404.2231           24.54037                      24.940582                      395.85779                                  650.732                        9.7285003
              2       1274.1924       1.0414176     0.022587981      0.11922736     0.052686657       3.0522569      0.96294591       1.0030522      0.31097216      0.68894879       0.8095466     0.049306886       0.2602592      0.82421778       13.783315       147.06026       67.683829   2.1163053e-09       7.4538727        24.54037       1037.9417       18.004816       1404.2231      -14.666773       -14.666773       2577.7184                                 93.008398          18.004816             1404.2231           24.54037                      24.483135                      395.82402                                608.71754                        8.9170162
              2       1276.8486       1.0412511     0.022656958      0.11872431     0.063338742        3.072047      0.96065983       1.0026599      0.30833627      0.69158512      0.81472398     0.049188116      0.25774973      0.82596601       13.778637       147.11829       67.868884   2.1586044e-09       8.4842682       21.030992       1047.5691       16.817038       1404.5864      -14.708736       -14.708736       2583.1147                                 93.111156          16.817038             1404.5864          21.030992                      25.629137                      399.03138                                613.16419                        9.7444035
              3       1277.2393       1.0411671     0.022579736      0.11892658     0.062328151       3.0646893      0.95878708       1.0001138      0.31015487      0.68976612      0.81209389     0.049266218      0.25948322      0.82572402       13.790333        147.1499       67.699399   2.1427804e-09       8.4091644       23.708645        1045.667       17.903319       1404.3308      -15.425093       -15.425093       2585.3288                                 93.719025          17.903319             1404.3308          23.708645                      26.006409                      398.70494                                611.65678                        9.2988713
              1       1276.5328       1.0415989     0.022642666       0.1188171     0.061110891        3.063517       0.9567591       1.0003096      0.30786453      0.69205702      0.81075147     0.049054767      0.25741426      0.82130969        13.77021       147.10926       67.939629   2.1402699e-09       8.2751007       19.579322       1047.4754       16.373668       1404.6563      -15.298392       -15.298392       2583.6623                                 95.577604          16.373668             1404.6563          19.579322                      26.711775                      398.22953                                613.57366                        8.9604169
              3       1276.5126       1.0415951     0.022633281      0.11885241     0.061728758        3.064111      0.95659406       1.0000006      0.30812295      0.69179855      0.81109781     0.049066642      0.25765989      0.82200531       13.771488       147.11033       67.917328   2.1415415e-09       8.3375702       19.907932       1047.2285       16.512792       1404.6178      -15.325802       -15.325802       2583.6767                                 95.409711          16.512792             1404.6178          19.907932                      26.783941                      398.50536                                612.91524                         9.023915
              1       1277.4399       1.0422253     0.022769034      0.11792925     0.072003521       3.0818576      0.95751832      0.99923086      0.30050474      0.69941827      0.81536278     0.048408699      0.25072656       0.8160484       13.733996       147.20663       68.582071   2.1798859e-09        9.255661       11.820886       1059.5664         12.6185       1405.9411       -14.93026        -14.93026       2584.7402                                 94.793325            12.6185             1405.9411          11.820886                      27.323716                      403.73721                                619.41367                        9.0918082
              4       1277.5487       1.0422193     0.022768625      0.11791557     0.072124102       3.0821146      0.95748117      0.99925386      0.30045249      0.69947053      0.81540396     0.048404237      0.25067887      0.81601867       13.734154       147.21073       68.584616   2.1804461e-09       9.2661896       11.795295       1059.8068       12.604596       1405.9516      -14.934301       -14.934301       2584.9659                                 94.807633          12.604596             1405.9516          11.795295                      27.343746                      403.80342                                619.55996                        9.0997204
              1       1274.9958       1.0422138     0.022567697      0.11846897     0.072385029       3.0730551      0.95716423      0.99486126      0.30458053      0.69534162      0.81439825      0.04851526      0.25468053        0.820592       13.758317       147.28571       68.203151   2.1607815e-09       9.3546295       14.461181       1047.9012       14.774262       1405.1842      -13.333273       -13.333273       2576.6581                                 94.337198          14.774262             1405.1842          14.461181                      27.158998                      404.20887                                607.63913                         8.894205
              1       1265.2008       1.0420868     0.022410025      0.11822539     0.065534343       3.0642262      0.96339623      0.99826146      0.30458091      0.69534102      0.81243653     0.048313191      0.25487904      0.81861585       13.777831       147.52494       68.106461   2.1417882e-09       8.7474823       14.190239        1033.444       15.351561       1405.1841      -15.363932       -15.363932       2561.1295                                 92.959616          15.351561             1405.1841          14.190239                      24.770084                      399.99918                                600.12561                        8.5490735
              1       1265.1383       1.0420868     0.022410025      0.11822539     0.065534343       3.0642262      0.96339623      0.99827344      0.30458091      0.69534102      0.81243653     0.048313191      0.25487904      0.81861585       13.777831       147.52494       68.106461   2.1417882e-09       8.7474823       14.190239       1033.3256       15.351561       1405.1841      -15.367252       -15.367252       2561.0111                                 92.959616          15.351561             1405.1841          14.190239                      24.767958                      399.99918                                 600.0111                        8.5473415
              1       1264.9779       1.0420796     0.022430685       0.1183772     0.065364234       3.0641357      0.96355387      0.99818085      0.30529676      0.69462508      0.81288123     0.048412282      0.25549423      0.82002589       13.776538       147.46143       68.068078   2.1415945e-09       8.7292328       14.941936        1032.144       15.583804       1405.0629       -15.33037        -15.33037       2560.6165                                  92.88388          15.583804             1405.0629          14.941936                      24.736756                      399.91079                                598.86435                        8.6320937
              4       1264.9704       1.0420266      0.02243446      0.11832857     0.065606528       3.0642195      0.96368248      0.99806789      0.30517282      0.69474903       0.8127234     0.048416129      0.25536657      0.81970024       13.777492       147.47023       68.071102    2.141774e-09       8.7502899       14.902498       1032.0961        15.56544       1405.0836      -15.294195       -15.294195       2560.5292                                 92.881632           15.56544             1405.0836          14.902498                      24.705329                      400.02204                                598.75751                         8.611174
              2       1266.0999        1.041742     0.022532021      0.11675898     0.073236251       3.0822977      0.96859239       1.0012521      0.29709097      0.70283215      0.81540285     0.047836877      0.24788656      0.81143984       13.768094       147.78277       68.630738   2.1808454e-09       9.4065704       10.499321       1040.6773        12.35394       1406.6628      -15.372469       -15.372469       2562.9447                                 92.751259           12.35394             1406.6628          10.499321                       23.83472                       403.7699                                604.60173                          8.47094
              1       1265.9448       1.0418998     0.022601714       0.1167398     0.061414334       3.0642473      0.97049874        1.003617      0.29613958      0.70378381      0.80844655     0.047813918      0.24696299      0.80322813       13.755862       147.70915       68.753297   2.1418334e-09       8.2779083        10.36928       1038.7171       11.700101       1406.8785      -14.340846       -14.340846       2560.5713                                 92.906287          11.700101             1406.8785           10.36928                      23.020347                      397.65994                                609.76566                        8.2711273
              5       1266.0922       1.0418811     0.022715396      0.11697409     0.062049013       3.0656256      0.97170818       1.0031925      0.29678654      0.70313688      0.80971487     0.048039975       0.2473843      0.80536655       13.745434       147.52001       68.763626   2.1447875e-09       8.3165131       10.530039       1039.5612       11.645808       1406.7313      -14.315902       -14.315902       2560.8162                                 92.347915          11.645808             1406.7313          10.530039                      22.869097                      397.86156                                610.53941                         8.291136
              1       1265.9282       1.0421124     0.022657311      0.11682632      0.06335589       3.0693486      0.97115197       1.0039125      0.29566555      0.70425804      0.81097019     0.047806275      0.24650017      0.80509036       13.744023       147.62425       68.843308   2.1527875e-09       8.4533844       10.332405       1039.0312        11.23122       1406.9884      -14.049344       -14.049344        2559.955                                 92.371829           11.23122             1406.9884          10.332405                      23.025575                      398.41523                                609.30775                         8.282622
              1       1266.6437       1.0423857     0.022766732      0.11739275     0.065761186       3.0709078      0.96739068       1.0011542      0.29722422      0.70269934      0.81222495     0.048058597      0.24780591      0.80845862       13.726957       147.35155       68.827946   2.1561468e-09       8.6660614       10.482635        1041.852       11.310567       1406.6333      -14.878029       -14.878029       2563.0435                                 92.764937          11.310567             1406.6333          10.482635                      24.126592                      399.65915                                609.72523                        8.3410588
              1       1266.8679       1.0424045     0.022776429      0.11737231     0.064917496       3.0695627      0.96752664       1.0013007      0.29700777      0.70291584      0.81162416     0.048047718      0.24760122       0.8075664       13.725272       147.34621       68.850395   2.1532485e-09       8.5839386       10.445632       1042.1931       11.194712       1406.6816      -14.819406       -14.819406       2563.3746                                 92.859534          11.194712             1406.6816          10.445632                       24.06834                      399.24442                                610.57081                        8.3095442
              1       1262.2162       1.0424045     0.022776429      0.11737231     0.064917496       3.0695627      0.96752664       1.0023206      0.29700777      0.70291584      0.81162416     0.048047718      0.24760122       0.8075664       13.725272       147.34621       68.850395   2.1532485e-09       8.5839386       10.445632       1032.2988       11.194712       1406.6816      -14.523927       -14.523927       2553.4803                                 92.859534          11.194712             1406.6816          10.445632                      23.902301                      399.21315                                 600.9292                        8.2541397
              1       1262.9246       1.0423608     0.022788378      0.11733371     0.063747586       3.0693482      0.96759328       1.0033078      0.29686508      0.70305855      0.81133278     0.048058928      0.24744772      0.80708253       13.725114       147.34319        68.86042   2.1527866e-09       8.4688263       10.442507       1032.7033       11.143168       1406.7136      -14.041714       -14.041714       2553.9326                                 92.930022          11.143168             1406.7136          10.442507                      23.856134                      398.69511                                601.90553                         8.246514
              1       1262.6491       1.0423608     0.022788378      0.11733371     0.063747586       3.0693482      0.96759328       1.0033854      0.29686508      0.70305855      0.81133278     0.048058928      0.24744772      0.80708253       13.725114       147.34319        68.86042   2.1527866e-09       8.4688263       10.442507       1032.0692       11.143168       1406.7136      -14.000145       -14.000145       2553.2985                                 92.930022          11.143168             1406.7136          10.442507                      23.843705                      398.69511                                601.28571                        8.2446381
              3       1259.6399       1.0422941     0.022707938      0.11717351     0.060225637       3.0601203      0.97176412          1.0031      0.29667418      0.70324937      0.80860675     0.047940443      0.24737385      0.80411212         13.7349       147.47472       68.823671   2.1330123e-09       8.1466522       10.389877       1027.1432       11.332698       1406.7567      -14.382182       -14.382182       2548.0442                                 92.421766          11.332698             1406.7567          10.389877                      22.682874                      397.20715                                598.78137                        8.4718248
              2       1259.0184       1.0421966     0.022596133      0.11753767     0.056175019       3.0518723      0.96930425       1.0027906      0.29951249      0.70041047       0.8061876     0.048074463      0.25006759       0.8055323       13.751456         147.501       68.558268   2.1154915e-09       7.7795563       11.093064       1024.2261        12.74892       1406.1425      -14.774618       -14.774618        2547.586                                 93.375414           12.74892             1406.1425          11.093064                      22.980034                       396.2585                                596.40566                        8.5818767
              2       1258.9562        1.042192     0.022597012      0.11751847       0.0566372       3.0527147      0.96930669       1.0027764      0.29941952      0.70050345       0.8064527     0.048067668      0.24998167      0.80567211       13.751409        147.5052       68.564448   2.1172745e-09       7.8244781       11.058615       1024.2345       12.714995       1406.1618      -14.779371       -14.779371       2547.4712                                 93.301323          12.714995             1406.1618          11.058615                      22.994564                      396.34725                                596.33437                        8.5583581
              2       1258.3559       1.0421003     0.022578936      0.11769265      0.05668322       3.0508823      0.96882155       1.0017623       0.3007161      0.69920662      0.80616867     0.048183761      0.25115774      0.80713025       13.756889       147.47871       68.454404   2.1133983e-09       7.8364105       11.717601        1022.776       13.325849        1405.899      -15.179012       -15.179012       2547.0698                                 93.351411          13.325849              1405.899          11.717601                      23.065697                      396.40099                                594.74549                        8.5637877
              4       1258.5508       1.0420021     0.022601351      0.11755256     0.056201838       3.0501488      0.97006145       1.0020726      0.30013421       0.6997886      0.80558616     0.048178502      0.25058263      0.80576634       13.756761       147.49123       68.492112   2.1118486e-09       7.7809601       11.519681         1023.33       13.114915       1406.0155       -15.04449        -15.04449       2547.1906                                 93.210552          13.114915             1406.0155          11.519681                      22.787715                       396.2463                                595.66965                        8.6263368
              2       1257.2343       1.0420297     0.022472687      0.11767418     0.058364867       3.0487023      0.97108769      0.99976863      0.30143902      0.69848345      0.80630242     0.048114896        0.251945      0.80823391       13.770256       147.60187       68.342007    2.108796e-09       8.0266266       12.005793       1021.3654       13.964555       1405.7575      -15.559635       -15.559635       2545.5878                                  92.49458          13.964555             1405.7575          12.005793                      22.518524                      396.78391                                593.26951                         8.793446
              1       1257.4288       1.0421312      0.02246291      0.11766479     0.057014656       3.0456655      0.97088753      0.99959212      0.30114468      0.69877785      0.80511615     0.048053547      0.25171317       0.8066507       13.768232       147.61514        68.37074   2.1024019e-09       7.8946686       11.734043       1021.8083       13.799854       1405.8146      -15.559021       -15.559021       2545.9757                                 92.818827          13.799854             1405.8146          11.734043                      22.521119                      396.44056                                593.88932                        8.9572954
              1       1257.5007       1.0421663      0.02247197      0.11753498     0.056971627       3.0458761      0.97206766      0.99991436      0.30029869      0.69962399      0.80510544     0.047979033      0.25094439      0.80550613       13.765603       147.63981       68.437609   2.1028447e-09       7.8862457       11.288765       1022.8555       13.420335       1405.9823      -15.563971       -15.563971       2546.1293                                  92.58238          13.420335             1405.9823          11.288765                      22.296829                      396.42296                                595.08601                        9.0497229
              6       1257.6391        1.042148     0.022467022      0.11756324     0.056128284       3.0442275      0.97221599       0.9999271       0.3005311      0.69939154      0.80459112     0.047997638      0.25115736        0.805303       13.766809       147.63768       68.416811   2.0993808e-09       7.8041229       11.405599       1022.9065       13.537811       1405.9357      -15.568452       -15.568452       2546.4151                                 92.629498          13.537811             1405.9357          11.405599                      22.239091                      396.25838                                595.28292                        9.1260695
              1       1254.9103        1.042148     0.022467022      0.11756324     0.056128284       3.0442275      0.97221599       1.0024013       0.3005311      0.69939154      0.80459112     0.047997638      0.25115736        0.805303       13.766809       147.63768       68.416811   2.0993808e-09       7.8041229       11.405599       1016.5271       13.537811       1405.9357      -15.107581       -15.107581       2540.0357                                 92.629498          13.537811             1405.9357          11.405599                      21.937114                      396.20797                                588.40957                        9.9724354
              2       1255.0496       1.0420619     0.022431815      0.11742004     0.059063833       3.0503477      0.97312909        1.002891       0.3002256      0.69969702      0.80690767       0.0479345      0.25091465      0.80721101       13.772454       147.71557       68.408192   2.1122687e-09       8.1010284       11.264752       1016.9201       13.586644        1405.997      -14.925833       -14.925833       2539.9509                                 92.182424          13.586644              1405.997          11.264752                      21.819506                      396.90639                                588.57191                        9.6223235
              1       1256.6163       1.0420619     0.022431815      0.11742004     0.059063833       3.0503477      0.97312909        1.003694       0.3002256      0.69969702      0.80690767       0.0479345      0.25091465      0.80721101       13.772454       147.71557       68.408192   2.1122687e-09       8.1010284       11.264752       1019.2073       13.586644        1405.997      -14.502798       -14.502798       2542.2381                                 92.182424          13.586644              1405.997          11.264752                      21.727601                      396.89188                                590.66043                        9.9274305
              1       1257.3566       1.0420416     0.022483559      0.11731016     0.058651319        3.048758      0.97611233       1.0035385      0.29940623      0.70051657      0.80656886     0.047933782      0.25009918      0.80577026       13.767007       147.68732       68.487558   2.1089136e-09       8.0462799       10.997121       1021.4516       13.140301       1406.1645       -14.55205        -14.55205       2543.8173                                 92.063782          13.140301             1406.1645          10.997121                      21.264768                      396.70836                                593.21776                        10.260691
              2       1257.1539       1.0419727     0.022507581      0.11722669     0.059969054       3.0512473      0.97590336       1.0035083      0.29902932      0.70089354       0.8070534     0.047944885      0.24971232      0.80574669       13.766096       147.68308         68.5162   2.1141699e-09       8.1684113       10.920901       1021.1618       12.981055       1406.2431      -14.543571       -14.543571       2543.3949                                 92.088132          12.981055             1406.2431          10.920901                      21.330111                      397.10281                                592.66895                        10.059912
              2       1257.3487       1.0420141     0.022523952      0.11741802     0.060833286       3.0561712      0.97526791        1.004664      0.29982833      0.70009444      0.80948603     0.048036887       0.2504177       0.8092544       13.764025       147.61364       68.475447   2.1246055e-09       8.2519379       11.244438       1019.0463       13.207931       1406.0776      -13.768142       -13.768142       2542.2336                                 92.657357          13.207931             1406.0776          11.244438                      21.481393                      397.34257                                590.74692                        9.4754083
              2        1258.231       1.0423565     0.022621259      0.11665913      0.06575966       3.0656322      0.97643159       1.0050088      0.29428735      0.70563649      0.81087392     0.047576723      0.24535589      0.80311642       13.739791       147.70948       68.954263   2.1448017e-09       8.6878204       10.465685       1022.2749        10.66644       1407.3167      -13.343099       -13.343099       2543.1482                                 92.424534           10.66644             1407.3167          10.465685                      21.495558                      399.12474                                592.17412                        9.4804366
              1       1257.5501       1.0422569     0.022630817      0.11671208      0.06643998        3.065419      0.97603273       1.0042162      0.29479786      0.70512588      0.81072479     0.047658102      0.24578328      0.80366488       13.741993       147.68468        68.90992   2.1443446e-09       8.7502899       10.372738       1022.0861       10.890408       1407.1935      -13.908785       -13.908785       2542.9177                                 92.374943          10.890408             1407.1935          10.372738                      21.567672                      399.50559                                591.59379                        9.4190253
              2       1258.0269       1.0422472     0.022626936       0.1166234     0.064101413       3.0593009      0.97784258       1.0037834      0.29438407      0.70553972      0.80850433      0.04761453      0.24541407      0.80090108       13.742265       147.71261       68.935531   2.1312652e-09       8.5284882       10.428981       1023.8947       10.760766       1407.2932      -14.193636       -14.193636        2544.441                                 92.063332          10.760766             1407.2932          10.428981                      21.215789                      398.39793                                594.21817                        10.062817
              1        1256.292       1.0422472     0.022626936       0.1166234     0.064101413       3.0593009      0.97784258       1.0023778      0.29438407      0.70553972      0.80850433      0.04761453      0.24541407      0.80090108       13.742265       147.71261       68.935531   2.1312652e-09       8.5284882       10.428981       1021.8106       10.760766       1407.2932      -14.886475       -14.886475       2542.3569                                 92.063332          10.760766             1407.2932          10.428981                      21.357037                      398.41558                                592.52337                        9.5146686
              6        1256.017       1.0424021     0.022496488      0.11670233     0.062067465       3.0510851      0.97531066       1.0005185      0.29507759        0.704846      0.80537387     0.047469029      0.24624939      0.79873924       13.751949       147.83655       68.841795   2.1138268e-09       8.3663483       10.385386       1022.0555       11.239024       1407.1268      -15.519008       -15.519008       2543.0721                                 92.265405          11.239024             1407.1268          10.385386                      21.633567                      397.78136                                 592.4007                        10.239833
              3       1255.7623       1.0418237     0.022407555      0.11686799     0.061477752        3.052224      0.97302314       1.0016846      0.29813154       0.7017913      0.80558486     0.047744527      0.24901453      0.80307227       13.779485       147.89126       68.507077   2.1162357e-09       8.3326569       10.608129       1019.6741       13.031674       1406.4342      -15.379751       -15.379751       2542.2842                                 92.536124          13.031674             1406.4342          10.608129                      21.921107                      397.66228                                590.47653                        9.6141437
              2       1256.3719       1.0417639     0.022405171      0.11670878     0.062030644       3.0532729      0.97360955       1.0019024      0.29747602       0.7024469      0.80558349     0.047689557      0.24841542      0.80218754       13.780746       147.93688       68.542903   2.1184566e-09       8.3838959       10.480207       1021.0201       12.833466       1406.5773      -15.318248       -15.318248       2543.3802                                 92.469163          12.833466             1406.5773          10.480207                      21.828633                      397.87153                                 591.6652                        9.6547279
              1       1256.3518       1.0419005     0.022421248      0.11650065     0.062827206       3.0548948      0.97455105       1.0021179      0.29588832      0.70403491      0.80583995     0.047534384      0.24698833      0.80029864       13.773927       147.97509       68.679315   2.1218953e-09       8.4533844       10.311061       1021.5031        12.09266       1406.9365      -15.241517       -15.241517       2543.1866                                 92.343254           12.09266             1406.9365          10.311061                      21.712103                      398.09507                                591.90662                        9.7893257
              3       1257.2046        1.041896     0.022404649      0.11633218     0.063617032       3.0549926      0.97351862       1.0015962      0.29510617      0.70481716      0.80502738     0.047436537      0.24630583      0.79843426          13.775       148.03925       68.724657   2.1221028e-09        8.529892       10.349911       1022.9063       11.851297       1407.1199       -15.40415        -15.40415       2545.2175                                  92.99007          11.851297             1407.1199          10.349911                      21.902419                      398.44934                                592.63434                        9.9202413
              1       1257.3831        1.041902     0.022389189      0.11634796     0.062846127       3.0532444      0.97372359       1.0015375        0.295258      0.70466529      0.80451479     0.047428082      0.24646542      0.79813112        13.77655       148.05223       68.707065   2.1183961e-09       8.4604034        10.33851       1023.1986       11.944652       1407.0839      -15.424166       -15.424166       2545.6144                                 93.048782          11.944652             1407.0839           10.33851                       21.83398                      398.10897                                593.16952                        10.086086
              1       1257.1002       1.0420439     0.022393132         0.11638     0.062567425       3.0530112      0.97405762       1.0016145       0.2949948      0.70492858       0.8047441     0.047381918      0.24624995      0.79800269       13.772058       148.03913       68.746581   2.1179024e-09       8.4330292       10.379244       1022.8815       11.735466       1407.1464      -15.403569       -15.403569       2545.0075                                 92.864914          11.735466             1407.1464          10.379244                      21.783005                      398.01033                                592.93068                        10.157498
              2       1256.8775       1.0420508     0.022419546      0.11635057     0.062689443       3.0533872      0.97395991       1.0016199      0.29467318      0.70525028      0.80465386     0.047387114      0.24592459      0.79747812       13.768885        148.0175       68.783342   2.1186988e-09       8.4379425       10.420017       1022.3521       11.542523       1407.2233       -15.39129        -15.39129       2544.5377                                 92.999698          11.542523             1407.2233          10.420017                      21.819563                      398.02888                                 592.3704                        10.133285
              1       1257.3174       1.0420322     0.022430218      0.11621401     0.062409835       3.0525044      0.97518371       1.0016811      0.29395052      0.70597306      0.80412794     0.047336143      0.24525501      0.79597906        13.76762       148.04242       68.836743   2.1168293e-09       8.4056549       10.557859       1023.2971       11.265097       1407.3988      -15.369292       -15.369292       2545.3735                                 92.854514          11.265097             1407.3988          10.557859                      21.608919                      397.90376                                593.39198                        10.392471
              5       1257.1909       1.0419371     0.022499428      0.11682817     0.060035636       3.0594401      0.97488561       1.0061626      0.29707175       0.7028514      0.80864361       0.0477521      0.24795255      0.80468741       13.766098       147.79922       68.641932   2.1315619e-09       8.1698151       10.420752         1017.86        12.29348       1406.6671      -12.499111       -12.499111         2539.38                                 92.138643           12.29348             1406.6671          10.420752                      21.673176                      397.13262                                589.97422                        9.0799406
              5       1257.1934       1.0419371     0.022499428      0.11682817     0.060035636       3.0594401      0.97488561       1.0062198      0.29707175       0.7028514      0.80864361       0.0477521      0.24795255      0.80468741       13.766098       147.79922       68.641932   2.1315619e-09       8.1698151       10.420752       1017.7517        12.29348       1406.6671      -12.442434       -12.442434       2539.2717                                 92.138643           12.29348             1406.6671          10.420752                      21.666813                      397.13262                                589.85657                        9.0957171
              5       1255.8607       1.0421182     0.022516577      0.11715333      0.06088466       3.0601935       0.9741397       1.0052848      0.29816339      0.70175966       0.8099551     0.047847092      0.24894753        0.807472       13.760445       147.69283       68.599888   2.1331685e-09       8.2547455       10.594672       1016.3721       12.521319       1406.4274      -13.283216       -13.283216       2538.2878                                 92.372316          12.521319             1406.4274          10.594672                      21.841545                      397.43093                                588.15293                        8.9466972
              1       1256.2252       1.0421182     0.022516577      0.11715333      0.06088466       3.0601935       0.9741397        1.004593      0.29816339      0.70175966       0.8099551     0.047847092      0.24894753        0.807472       13.760445       147.69283       68.599888   2.1331685e-09       8.2547455       10.594672       1018.1944       12.521319       1406.4274      -13.829862       -13.829862       2540.1101                                 92.372316          12.521319             1406.4274          10.594672                      21.922541                      397.45712                                590.01749                        8.7972218
              4       1255.3843       1.0421074     0.022515045      0.11723303      0.05982477       3.0573889      0.97233198       1.0040593      0.29862511      0.70129786      0.80853908     0.047891247      0.24936374      0.80668421       13.761314       147.67305       68.565924   2.1271942e-09       8.1529694       10.726653       1017.1599       12.706898       1406.3285      -14.201181       -14.201181       2539.1709                                 92.249026          12.706898             1406.3285          10.726653                      22.221894                      397.14996                                588.96321                        8.8248005
              1       1255.9893       1.0421231     0.022527989      0.11723884     0.060705473       3.0610919      0.97177295       1.0048619      0.29853625      0.70138676      0.80984332     0.047898122      0.24926859      0.80786522       13.759492       147.65716       68.580709   2.1350858e-09       8.2357941       10.705261       1017.2277       12.625944       1406.3474      -13.612108       -13.612108       2539.2029                                 92.296604          12.625944             1406.3474          10.705261                      22.379344                      397.46448                                588.74415                        8.6397064
              3        1256.263       1.0421012     0.022510285      0.11717271     0.064908626       3.0674351      0.97320633        1.004191      0.29835153      0.70157148      0.81267992     0.047859442      0.24912258      0.81044405       13.761719       147.69501       68.581453   2.1486722e-09       8.6436005       10.644405        1018.089       12.621879       1406.3869      -14.119894       -14.119894       2540.7658                                 93.023571          12.621879             1406.3869          10.644405                      22.203721                      399.07299                                588.27088                        8.5414576
              1        1256.905       1.0420711     0.022550784       0.1168652     0.067974164       3.0742176      0.97233548       1.0046632      0.29658801       0.7033353      0.81387041      0.04775301        0.247471      0.80922898       13.756805       147.73278       68.719572   2.1632949e-09       8.9173431       10.355653       1019.3857       11.878247       1406.7761         -13.732          -13.732       2541.2739                                 92.878166          11.878247             1406.7761          10.355653                      22.503568                      400.53474                                587.96419                        8.3832331
              3       1256.6938       1.0420711     0.022550784       0.1168652     0.067974164       3.0742176      0.97233548       1.0055777      0.29658801       0.7033353      0.81387041      0.04775301        0.247471      0.80922898       13.756805       147.73278       68.719572   2.1632949e-09       8.9173431       10.355653        1017.465       11.878247       1406.7761      -12.982806       -12.982806       2539.3531                                 92.878166          11.878247             1406.7761          10.355653                      22.383422                      400.53925                                586.07456                        8.4677336
              1       1257.1546        1.042095     0.022528648      0.11683345     0.068786427        3.076123      0.97242862       1.0058093      0.29647577      0.70344755      0.81467648     0.047706436      0.24740532      0.80987717         13.7583       147.76605       68.719356   2.1674208e-09       8.9980621       10.334479       1017.7107        11.87939       1406.8016      -12.802484       -12.802484       2539.9142                                 93.188068           11.87939             1406.8016          10.334479                      22.382329                      400.92637                                585.95877                        8.4432328
              5        1257.274        1.042256     0.022497924      0.11707897     0.065757726        3.072169      0.97035029       1.0063642      0.29747415      0.70244903      0.81357074     0.047728579      0.24837906      0.81013857       13.757976       147.73403       68.656548   2.1588677e-09       8.7257233       10.399865       1017.3166       12.214766       1406.5778      -12.298715       -12.298715       2539.1453                                 92.636288          12.214766             1406.5778          10.399865                      22.713786                      399.56133                                586.57584                        8.4656475
              1       1256.5193       1.0424079     0.022522418      0.11729287     0.066495761       3.0702776      0.97255954       1.0046505      0.29801987       0.7019033       0.8142795     0.047786953      0.24886622      0.81158776       13.751866       147.64943       68.651944   2.1547884e-09        8.793808       10.467611       1017.9682       12.239534       1406.4585      -13.780136       -13.780136       2540.5989                                 93.465052          12.239534             1406.4585          10.467611                      22.309951                      399.82125                                587.23469                        8.6023208
              5       1256.4711       1.0424079     0.022522418      0.11729287     0.066495761       3.0702776      0.97255954       1.0040735      0.29801987       0.7019033       0.8142795     0.047786953      0.24886622      0.81158776       13.751866       147.64943       68.651944   2.1547884e-09        8.793808       10.467611       1018.6772       12.239534       1406.4585      -14.182865       -14.182865       2541.3079                                 93.465052          12.239534             1406.4585          10.467611                        22.3846                      399.83455                                587.92114                        8.5369162
              1       1256.4257       1.0424079     0.022522418      0.11729287     0.066495761       3.0702776      0.97255954       1.0044089      0.29801987       0.7019033       0.8142795     0.047786953      0.24886622      0.81158776       13.751866       147.64943       68.651944   2.1547884e-09        8.793808       10.467611       1018.1313       12.239534       1406.4585      -13.955261       -13.955261        2540.762                                 93.465052          12.239534             1406.4585          10.467611                      22.341109                      399.82954                                587.38801                        8.5726487
              2       1256.4849       1.0424087     0.022540938      0.11733138     0.067011901       3.0714869      0.97234146       1.0043828      0.29811557       0.7018076      0.81476231     0.047822191       0.2489268      0.81219935       13.750051       147.61855       68.654856   2.1573958e-09       8.8387299       10.499079       1018.0784       12.223865       1406.4378      -13.949019       -13.949019       2540.8679                                 93.628796          12.223865             1406.4378          10.499079                      22.417005                      400.07548                                587.05744                        8.5284853
              1       1256.4134        1.042441     0.022538848       0.1173098     0.067828236          3.0717      0.97242051       1.0037646      0.29791918      0.70200404      0.81483401     0.047794305      0.24875896      0.81200321       13.749209       147.62674       68.671698   2.1578555e-09       8.9159393       10.448948       1018.8227       12.133443       1406.4804      -14.354876       -14.354876       2541.5366                                 93.651148          12.133443             1406.4804          10.448948                      22.421815                      400.49721                                587.36199                        8.5417139
              4       1255.5047       1.0423135     0.022551509      0.11714206     0.068483709       3.0718281      0.97159721       1.0033507      0.29733593      0.70258735      0.81386568     0.047780273      0.24819091      0.81024396       13.750848       147.65769       68.701069    2.158132e-09       8.9706879        10.39323        1018.311       11.976557       1406.6084      -14.572421       -14.572421       2540.1543                                 92.865082          11.976557             1406.6084           10.39323                      22.595822                      400.82981                                586.38077                        8.5045799
              1       1255.6542       1.0423249     0.022552828      0.11717019     0.068361759       3.0719642      0.97148494       1.0034774       0.2974433      0.70247997      0.81399079     0.047790292      0.24828806      0.81051481       13.750503       147.64867       68.695875   2.1584257e-09       8.9594574       10.407018       1018.4166       12.004225       1406.5847      -14.501237       -14.501237       2540.3109                                 92.898332          12.004225             1406.5847          10.407018                      22.619492                      400.76843                                586.53647                        8.4922295
              1       1255.2108       1.0424268     0.022514936      0.11726614     0.062859979        3.060952       0.9719262       1.0034362      0.29786633      0.70205685      0.81025102     0.047758102      0.24874191      0.80736453       13.751976       147.66458       68.661269   2.1347871e-09       8.4484711       10.430139       1018.1686       12.189393       1406.4918      -14.574931       -14.574931       2539.5716                                 92.291602          12.189393             1406.4918          10.430139                      22.331526                      398.23463                                588.69011                        8.9123158
              8       1255.1922       1.0423668     0.022459048      0.11753446      0.06176135       3.0586012      0.97241152       1.0032955      0.29977909      0.70014372      0.81057775     0.047873048      0.25053302      0.81027925       13.761007       147.65479       68.493621   2.1297746e-09        8.360733        10.93307       1017.1642       13.106509       1406.0877      -14.706628       -14.706628       2539.7977                                 92.506232          13.106509             1406.0877           10.93307                      22.161686                      397.86735                                588.18604                        8.9491376
              2       1255.1116       1.0423335     0.022492359      0.11751158     0.061251815       3.0593023        0.972169       1.0039972      0.29956528       0.7003576      0.81053718     0.047906305      0.25028703       0.8099497       13.758333       147.62378       68.520601   2.1312682e-09        8.302475       10.908894       1016.3216        12.95667       1406.1316      -14.266664       -14.266664       2538.7565                                 92.437685           12.95667             1406.1316          10.908894                      22.221747                      397.65342                                587.57519                        8.8712422
              5       1258.6667       1.0420002     0.022869413        0.116774     0.070966646       3.0766245      0.97255443       1.0029342      0.29453022      0.70539375      0.81316608     0.048013763      0.24516411      0.80571892       13.724519        147.4039       69.015182   2.1685081e-09       9.1110687       10.387756       1024.8472       10.362544       1407.2579      -13.944756       -13.944756       2545.2229                                  92.36748          10.362544             1407.2579          10.387756                      22.682914                      401.88321                                591.97026                        8.3108129
              1       1259.5423       1.0420755     0.022903294      0.11686115     0.067489508       3.0728549      0.97177097        1.004085      0.29457761      0.70534641      0.81162771     0.048051178      0.24517504      0.80425933       13.719095        147.3428       69.039392   2.1603491e-09       8.7839813        10.38633        1025.242       10.242992       1407.2465       -13.16582        -13.16582       2545.4163                                 92.298449          10.242992             1407.2465           10.38633                      22.774328                      400.10596                                594.01888                        8.3428094
              2        1257.547       1.0421076     0.022828927      0.11644187      0.06960074       3.0676384      0.97490031       1.0006732       0.2927191      0.70720514       0.8093219     0.047760898      0.24361059      0.79944059       13.724021       147.53759       69.136359    2.149109e-09       8.9896393       10.678387       1024.3329       9.7711097       1407.7067      -14.744907       -14.744907       2544.5839                                 92.094757          9.7711097             1407.7067          10.678387                      22.110246                      401.00407                                592.31703                        8.9015984
              3       1256.9834       1.0419886      0.02276571      0.11631749     0.067803665        3.065509      0.97580325       1.0017518      0.29276272       0.7071614      0.80846162     0.047699695      0.24371341      0.79865032       13.733677       147.64092       69.084847   2.1445375e-09       8.8366241       10.670302       1023.0275       10.020403       1407.6955      -14.742206       -14.742206       2543.4512                                 92.037514          10.020403             1407.6955          10.670302                      21.839775                      400.08141                                592.02175                        9.0845452
              1       1256.6235       1.0418498     0.022753917       0.1166107     0.066819992       3.0623748      0.97504794       1.0009279      0.29475613      0.70516763      0.80794533     0.047903122      0.24549693      0.80085293       13.740497       147.57516       68.920144   2.1378266e-09       8.7530975       10.374998       1022.6408       10.838562       1407.2035      -14.954147       -14.954147       2543.1553                                 92.097437          10.838562             1407.2035          10.374998                      21.919637                      399.66224                                592.01546                        9.0434325
              2       1255.5885       1.0422986      0.02254242      0.11760771      0.05446242       3.0391415      0.97049414       1.0005732      0.29989039      0.70003248       0.8019938     0.048015133      0.25050325      0.80184728       13.754482       147.54177        68.51903   2.0887304e-09       7.6209259        11.12092       1017.4026       12.965374        1406.065      -15.457376       -15.457376       2542.0917                                  94.53781          12.965374              1406.065           11.12092                      22.343166                      395.93281                                589.00076                        10.125889
              2       1256.1031       1.0425009     0.022568647      0.11725915     0.056626667       3.0481598      0.97107801       1.0029974      0.29730915      0.70261421       0.8046421     0.047766589      0.24817925      0.80102536       13.744008       147.60613       68.737011   2.1076524e-09       7.8265839        10.35936        1019.292       11.785957       1406.6144      -14.725532       -14.725532       2541.6572                                 93.605432          11.785957             1406.6144           10.35936                      22.353254                      396.27887                                590.96201                        9.6979129
              1       1257.6173       1.0426158     0.022490867      0.11694898     0.056940328       3.0447762      0.97243397       1.0017831      0.29578466      0.70413887      0.80303393     0.047489037      0.24693555      0.79737221       13.747393         147.776       68.818693   2.1005329e-09       7.8701019       10.327504       1023.1805       11.358492       1406.9606      -15.292067       -15.292067       2545.8186                                 93.991474          11.358492             1406.9606          10.327504                      22.036495                      396.33061                                594.28297                        10.530433
             14       1257.8027       1.0423776      0.02245495      0.11652942     0.060839751       3.0523915      0.97124463       1.0022689      0.29447325      0.70545038      0.80418465     0.047356965      0.24575782      0.79674266        13.75626       147.92944        68.85954   2.1165903e-09       8.2540436       10.509215        1022.531        11.14769       1407.2716      -15.166815       -15.166815       2545.9391                                 94.479704           11.14769             1407.2716          10.509215                      22.326506                      397.46579                                592.67553                        10.063126
              1       1259.0538       1.0425343     0.022538258        0.116938      0.05421008       3.0333018      0.97330092       0.9989805        0.295697      0.70422659      0.79840063     0.047562635      0.24677504      0.79265408       13.744708        147.7259       68.837838   2.0765683e-09       7.5858307       10.320304       1023.9748       11.259443       1406.9811        -15.4063         -15.4063       2548.9203                                 96.384662          11.259443             1406.9811          10.320304                      21.802948                      395.86984                                 594.3665                        11.935505
              9        1260.004       1.0426452      0.02255379      0.11695839     0.054060853        3.033878      0.97252811      0.99921545      0.29539605      0.70452762      0.79849534     0.047534787      0.24650367       0.7923446       13.739855       147.70312       68.881721   2.0777652e-09       7.5682831       10.358013       1025.4128       11.034043       1407.0516       -15.41797        -15.41797       2550.8438                                 96.987395          11.034043             1407.0516          10.358013                      21.960884                      395.84099                                595.75614                        11.854816
              2       1257.3447       1.0422052     0.022542997      0.11725631     0.052128976       3.0444728      0.97079744       1.0055441      0.29830306      0.70162002      0.80291751     0.047881516       0.2490534      0.80064345        13.75553       147.63503       68.615445   2.0998958e-09        7.378067       10.621358       1016.9038       12.436774       1406.3973      -13.023873       -13.023873       2540.7372                                 94.377944          12.436774             1406.3973          10.621358                      22.260604                      395.72427                                589.18011                        9.7387888
              3       1257.2911       1.0421913     0.022540506      0.11720789     0.052915101       3.0458781      0.97047844       1.0055131      0.29810215      0.70182096      0.80321187     0.047861332       0.2488731      0.80066722       13.755977       147.65085        68.62612   2.1028488e-09       7.4580841       10.573458       1016.8365       12.378925       1406.4406       -13.05482        -13.05482       2540.6918                                 94.462295          12.378925             1406.4406          10.573458                      22.337747                      395.79074                                589.05488                        9.6531436
              2       1259.5622       1.0423698     0.022416311      0.11787731     0.049460673       3.0408998      0.96713721       1.0057112       0.3018381      0.69808434      0.80319442     0.048007696       0.2524509      0.80565125         13.7671       147.60952       68.332395   2.0924063e-09       7.1387177       11.866423       1018.4126       14.019869       1405.6809      -12.993448       -12.993448       2545.1112                                 95.131422          14.019869             1405.6809          11.866423                      22.872948                      395.72563                                590.30233                        9.5116851
              4       1259.9598       1.0424656     0.022439098      0.11799949     0.048926755       3.0396751       0.9665528       1.0053631      0.30207275      0.69784972      0.80293523     0.048044439      0.25264915      0.80570426       13.762384       147.55143        68.34097   2.0898452e-09       7.0804596       11.969423       1019.3678       13.970515       1405.6364      -13.288905       -13.288905       2546.4974                                 95.553246          13.970515             1405.6364          11.969423                      23.013621                      395.72639                                591.09895                        9.5288174
              3       1259.7331       1.0424276     0.022445631      0.11793471     0.049374372       3.0396615      0.96636526       1.0049995       0.3018028      0.69811971      0.80258834     0.048035307      0.25238899      0.80499623       13.762515       147.56151       68.357413   2.0898168e-09       7.1246796       11.850951       1019.2113       13.876121       1405.6877      -13.585889       -13.585889        2546.638                                 96.011878          13.876121             1405.6877          11.850951                        23.0621                      395.73133                                590.85557                        9.5623426
              1       1259.9973       1.0424125     0.022467574       0.1180237     0.049627274       3.0412333      0.96556117       1.0052755      0.30219474      0.69772773      0.80317582     0.048106869      0.25270866       0.8061084       13.761039       147.51336       68.339933   2.0931041e-09       7.1478424       12.141892       1018.8971       13.976481       1405.6134       -13.34192        -13.34192       2546.6785                                 96.049499          13.976481             1405.6134          12.141892                      23.271697                      395.68225                                590.61967                        9.3235267
              2       1257.5769       1.0426577     0.022541916      0.11851131     0.055384752       3.0491789      0.96734798       1.0030138      0.30362858      0.69629383      0.80851223     0.048302733      0.25394559      0.81338712       13.748052       147.30139       68.313975   2.1098013e-09       7.7290192       13.068962       1019.4335       14.126176       1405.3509       -14.75774        -14.75774       2544.6693                                 92.689755          14.126176             1405.3509          13.068962                      23.106449                      396.16605                                591.31132                        8.8497158
              2       1257.6384       1.0426577     0.022541916      0.11851131     0.055384752       3.0491789      0.96734798       1.0026445      0.30362858      0.69629383      0.80851223     0.048302733      0.25394559      0.81338712       13.748052       147.30139       68.313975   2.1098013e-09       7.7290192       13.068962       1019.8908       14.126176       1405.3509      -14.924921       -14.924921       2545.1265                                 92.689755          14.126176             1405.3509          13.068962                      23.160444                       396.1822                                591.76623                        8.7818859
              3       1256.5038       1.0424006     0.022561163      0.11863579      0.05438849       3.0439143      0.96794172       1.0010883      0.30495052      0.69497163      0.80668884     0.048505256      0.25506041      0.81331749       13.754215       147.24691       68.200309   2.0987232e-09       7.6258392       14.564962       1016.4841        14.79107       1405.1211      -15.361279       -15.361279       2543.7301                                 92.768883           14.79107             1405.1211          14.564962                      22.957154                      396.02578                                588.58288                        8.9182466
              2       1256.3372       1.0424028     0.022562108      0.11859096     0.054768804       3.0444449      0.96801261       1.0010353      0.30469854      0.69522364        0.806769     0.048482207      0.25483219      0.81306218       13.753844       147.25781       68.217947   2.0998373e-09       7.6630402       14.327222       1016.4703       14.686892        1405.164      -15.368823       -15.368823        2543.412                                 92.763618          14.686892              1405.164          14.327222                       22.95489                      396.04259                                  588.558                        8.9147822
              2       1256.0199       1.0423748     0.022559004      0.11862323     0.056045319        3.046306      0.96908332       1.0007955      0.30497366      0.69494848      0.80794731      0.04850933      0.25507922       0.8146172       13.755158       147.25278       68.194183   2.1037488e-09       7.7928925       14.613583       1015.8776       14.827342       1405.1172      -15.408723       -15.408723       2542.8573                                 92.421569          14.827342             1405.1172          14.613583                      22.757761                      396.26921                                587.97403                        8.8766123
              2        1256.855       1.0423748     0.022559004      0.11862323     0.056045319        3.046306      0.96908332       1.0000908      0.30497366      0.69494848      0.80794731      0.04850933      0.25507922       0.8146172       13.755158       147.25278       68.194183   2.1037488e-09       7.7928925       14.613583       1017.6476       14.827342       1405.1172       -15.45869        -15.45869       2544.6274                                 92.421569          14.827342             1405.1172          14.613583                      22.855572                      396.27527                                589.75722                        8.7595685
              4       1257.1471       1.0423748     0.022559004      0.11862323     0.056045319        3.046306      0.96908332      0.99994437      0.30497366      0.69494848      0.80794731      0.04850933      0.25507922       0.8146172       13.755158       147.25278       68.194183   2.1037488e-09       7.7928925       14.613583       1018.2327       14.827342       1405.1172      -15.459102       -15.459102       2545.2124                                 92.421569          14.827342             1405.1172          14.613583                      22.876067                      396.28137                                590.33646                         8.738799
              2       1256.3876        1.042227     0.022536773      0.11847491     0.058033441       3.0502852      0.96813674        1.000162      0.30475432      0.69516777      0.80871241     0.048484976      0.25488357      0.81509535       13.761255       147.31701       68.177688   2.1121367e-09       7.9929352       14.533217       1016.6224       14.925217       1405.1545      -15.489385       -15.489385       2543.7539                                 92.518671          14.925217             1405.1545          14.533217                       23.12271                       396.7687                                588.12566                        8.6053043
              4       1256.6171       1.0423113     0.022655572      0.11787583     0.060950936        3.053748      0.96849401       0.9993833      0.30062224      0.69930065      0.80772596     0.048243264      0.25100734      0.80856319       13.743288       147.34521       68.528177   2.1194633e-09       8.2414093       11.629409       1020.2835       12.914753       1405.9177      -15.247436       -15.247436       2543.7291                                 92.983763          12.914753             1405.9177          11.629409                      23.234036                      397.62061                                590.83967                        8.5891697
              1       1257.3865        1.041909     0.022537394      0.11755974     0.070090008       3.0713956      0.97228841       1.0002725      0.30081437      0.69910823      0.81508511     0.048170463      0.25126716      0.81619066       13.766398       147.56165        68.40084   2.1571987e-09        9.131424       11.847777         1019.89       13.628364       1405.8795      -15.484695       -15.484695       2545.7424                                 94.496757          13.628364             1405.8795          11.847777                      22.599926                      401.76073                                587.05565                        8.4736944
              1       1258.0087       1.0418411     0.022517212      0.11797048     0.068485516       3.0692778       0.9708518          1.0003      0.30332414      0.69659803      0.81524175     0.048394568      0.25354518      0.81974595       13.772511       147.47414        68.21172    2.152635e-09       8.9945526       13.666537       1018.5283       14.723633       1405.4054      -15.509576       -15.509576       2547.0365                                 94.712624          14.723633             1405.4054          13.666537                      22.834698                      401.02668                                586.11929                        8.5476584
              2       1257.7581       1.0418221     0.022504687      0.11792366      0.06783771       3.0683758      0.97095013       1.0005903       0.3032033      0.69671887      0.81477687     0.048368718      0.25345015      0.81911527       13.774199       147.50049       68.210966   2.1506943e-09       8.9362946         13.5555       1018.3816       14.728086       1405.4272      -15.503628       -15.503628       2546.5234                                 94.431029          14.728086             1405.4272            13.5555                       22.77603                      400.68048                                586.39861                        8.5264549
              1       1257.8778       1.0418235     0.022504439      0.11793844     0.067817422       3.0683426      0.97090063        1.000573      0.30327972      0.69664243      0.81480191     0.048375394       0.2535197      0.81924368       13.774253       147.49681       68.205884   2.1506228e-09       8.9341888       13.617428         1018.53       14.758105       1405.4134      -15.505511       -15.505511       2546.7666                                 94.447677          14.758105             1405.4134          13.617428                       22.78598                      400.68048                                586.53632                        8.5271892
              1       1256.5997       1.0423539     0.022501701      0.11780845     0.066662302       3.0685428      0.96945958       1.0016306      0.30102621      0.69889646      0.81446745     0.048055307      0.25159526      0.81585928       13.758132       147.53447       68.428496   2.1510536e-09       8.8246918       11.560678       1019.7249       13.471747       1405.8379      -15.322126       -15.322126       2543.8436                                  93.24842          13.471747             1405.8379          11.560678                      23.130379                      400.15307                                 587.9806                        8.4608886
             12       1256.5445       1.0423592     0.022489387      0.11783324     0.066202014       3.0675636      0.96959262       1.0016426      0.30121313      0.69870949      0.81425398      0.04805458      0.25178219      0.81589865       13.759404       147.54149       68.410287   2.1489481e-09       8.7846832       11.637077       1019.4915       13.574764       1405.8013      -15.332075       -15.332075       2543.7531                                 93.248487          13.574764             1405.8013          11.637077                      23.070331                      399.92683                                588.02037                        8.4739515
              2       1256.8793       1.0423893     0.022482736      0.11774237     0.067553553       3.0697386      0.97030551       1.0016141      0.30067974      0.69924297      0.81509631     0.047988496      0.25131636      0.81601921       13.758791       147.57332        68.44725   2.1536271e-09       8.9124298       11.332927       1020.1138       13.366054       1405.9062       -15.34612        -15.34612       2544.4508                                 93.731792          13.366054             1405.9062          11.332927                      22.952164                       400.5691                                588.10917                        8.4834047
              1       1258.0468       1.0421747     0.022419181      0.11714301       0.0611998       3.0608949      0.97520955       1.0049618      0.29849582      0.70142709      0.81099584     0.047729885      0.24939459      0.80896014       13.769111       147.80425       68.535358   2.1346651e-09       8.3080902        10.57744       1020.5174       12.875082        1406.356       -13.63182        -13.63182       2543.3572                                  93.03136          12.875082              1406.356           10.57744                      21.693744                      397.56198                                592.39396                        8.8677001
              4       1258.8566       1.0421747     0.022419181      0.11714301       0.0611998       3.0608949      0.97520955       1.0067253      0.29849582      0.70142709      0.81099584     0.047729885      0.24939459      0.80896014       13.769111       147.80425       68.535358   2.1346651e-09       8.3080902        10.57744       1018.8393       12.875082        1406.356      -11.983006       -11.983006       2541.6791                                  93.03136          12.875082              1406.356           10.57744                       21.50112                      397.52453                                590.51062                        9.3029928
              2        1258.544       1.0425513     0.022519661      0.11736797     0.059542906       3.0589392      0.97424836       1.0065977      0.29801251       0.7019107      0.81060891      0.04775533      0.24889122      0.80791932       13.748254       147.63171       68.670467   2.1304944e-09       8.1277008       10.426417       1019.5677       12.140042       1406.4601       -12.03139        -12.03139       2541.1508                                 92.556557          12.140042             1406.4601          10.426417                      21.727651                      396.95917                                591.54247                        9.3383919
              2       1257.6412       1.0425513     0.022519661      0.11736797     0.059542906       3.0589392      0.97424836        1.004986      0.29801251       0.7019107      0.81060891      0.04775533      0.24889122      0.80791932       13.748254       147.63171       68.670467   2.1304944e-09       8.1277008       10.426417       1020.7493       12.140042       1406.4601       -13.52498        -13.52498       2542.3324                                 92.556557          12.140042             1406.4601          10.426417                      21.912972                      396.98689                                592.92733                        8.9220827
              1       1257.5719       1.0425482     0.022522179      0.11740572     0.059606674       3.0590007      0.97415487       1.0048961      0.29820612      0.70171706      0.81072468     0.047778005      0.24906166      0.80829714       13.748256        147.6188       68.658007   2.1306256e-09       8.1340179        10.46463       1020.6398       12.206925       1406.4182      -13.592877       -13.592877       2542.3295                                  92.59989          12.206925             1406.4182           10.46463                      21.933949                      397.04079                                592.76462                        8.9004437
              1       1258.6454       1.0425513     0.022494757      0.11774935      0.05671342       3.0562124      0.97339213       1.0059585      0.30016979      0.69975306      0.81068468     0.047926259      0.25087116      0.81091406       13.752719       147.55707       68.509987    2.124693e-09       7.8595734       11.029856       1019.8837       13.015517       1406.0083      -12.702034       -12.702034       2542.6948                                 92.757488          13.015517             1406.0083          11.029856                      21.991577                      396.32053                                592.69388                         8.877677
              1       1259.7288       1.0426065     0.022436681      0.11785384     0.055798438        3.051693      0.97539113        1.005096      0.30089466      0.69902803      0.81013159     0.047902181      0.25161725      0.81133868       13.757765       147.59365       68.438686   2.1151123e-09       7.7830658       11.235939       1022.6372       13.414268       1405.8637      -13.513896       -13.513896       2546.4854                                 93.334279          13.414268             1405.8637          11.235939                      21.564797                      396.12727                                595.70516                        9.2399772
              1       1260.3482       1.0426065     0.022436681      0.11785384     0.055798438        3.051693      0.97539113       1.0045188      0.30089466      0.69902803      0.81013159     0.047902181      0.25161725      0.81133868       13.757765       147.59365       68.438686   2.1151123e-09       7.7830658       11.235939       1024.7638       13.414268       1405.8637      -13.957871       -13.957871        2548.612                                 93.334279          13.414268             1405.8637          11.235939                      21.627181                       396.1608                                597.87057                        9.1052998
              1       1261.8756       1.0425418     0.022493205      0.11711488     0.053299499       3.0420945      0.98054462       1.0036036      0.29685758      0.70306577      0.80497612     0.047609075      0.24788513      0.80074907       13.750146       147.72851       68.735453   2.0949076e-09       7.5065155       10.296276       1031.9898       11.794191       1406.7152      -14.505109       -14.505109       2552.7614                                  91.96594          11.794191             1406.7152          10.296276                      20.821285                      395.77549                                604.90125                        10.491769
              1       1260.9188       1.0423703      0.02249583      0.11635152     0.062331943       3.0547694      0.98139119       1.0019573      0.29333715       0.7065867      0.80747131     0.047306561      0.24467603      0.79845419       13.751241       147.93186         68.9589   2.1216293e-09       8.3860016        10.79929       1030.9914       10.643155       1407.5508      -15.234731       -15.234731       2552.3071                                 92.322503          10.643155             1407.5508           10.79929                      20.845759                      397.66506                                602.43398                        10.046595
              4       1266.9814       1.0421858     0.022303822      0.11673674     0.060384134       3.0489827      0.98386377       1.0017872      0.29696394      0.70295907      0.80792576     0.047417013      0.24817752      0.80382718       13.779121       148.04267       68.583959   2.1093874e-09       8.2491302       10.295414       1040.0372       12.608186       1406.6912      -15.355583       -15.355583        2564.674                                 95.041881          12.608186             1406.6912          10.295414                      20.431366                      397.06837                                612.00864                        10.528865
