#        weight    minuslogpost     theta_s_100         omega_b       omega_cdm        tau_reio            logA             n_s        A_planck         Omega_m    Omega_Lambda          sigma8         Omega_b       Omega_cdm              S8             age         rs_drag              H0             A_s          z_reio       chi2__BAO       chi2__CMB        chi2__H0        chi2__SN   minuslogprior minuslogprior__0            chi2 chi2__jwst_likelihood_uvlf.UVLFLikelihood chi2__H0.riess2020 chi2__sn.pantheonplus chi2__bao.desi_dr2 chi2__planck_2018_lowl.TT_clik chi2__planck_2018_lowl.EE_clik chi2__planck_2018_highl_plik.TTTEEE_lite chi2__planck_2018_lensing.native
              3       1309.0926       1.0413825     0.022415666      0.12176361     0.059344112       3.0604665      0.96903524       1.0008711      0.32621568      0.67370275      0.82380858     0.050491432      0.27427333      0.85904932       13.813648       146.58397       66.629565   2.1337509e-09       8.2049103       59.692928       1031.4343       25.544743       1403.0037      -15.542434       -15.542434       2649.2701                                 129.59444          25.544743             1403.0037          59.692928                      22.830571                      397.41462                                598.91178                        12.277348
              2       1310.8138       1.0410567     0.022171621      0.12098902     0.067617842       3.0670495      0.97019434      0.99811214       0.3244815      0.67543679       0.8249945     0.050028109      0.27299996      0.85799626       13.846439       147.05726       66.572012   2.1478438e-09       9.0591278       53.658289       1034.7082       25.994214       1403.0683      -15.217559       -15.217559       2652.0627                                 134.63368          25.994214             1403.0683          53.658289                      22.584808                      401.17154                                 599.1711                        11.780784
              1       1310.6635       1.0410567     0.022171621      0.12098902     0.067617842       3.0670495      0.97019434      0.99819171       0.3244815      0.67543679       0.8249945     0.050028109      0.27299996      0.85799626       13.846439       147.05726       66.572012   2.1478438e-09       9.0591278       53.658289       1034.4547       25.994214       1403.0683      -15.241087       -15.241087       2651.8092                                 134.63368          25.994214             1403.0683          53.658289                      22.574039                      401.17154                                598.96932                        11.739779
              2       1301.7215       1.0402178     0.022301151      0.12001176      0.06004039       3.0534474      0.97070916      0.99981649       0.3208503      0.67906843      0.81504637     0.050052314       0.2693523      0.84289391       13.853501       147.17076       66.750044   2.1188264e-09       8.2687836       48.164986       1054.2623       24.616526       1403.2644      -15.607483       -15.607483        2634.658                                 104.34982          24.616526             1403.2644          48.164986                      22.261536                      397.55796                                 624.8518                        9.5910174
              1        1297.267       1.0402391     0.022337606      0.11962623     0.060702295       3.0543844      0.97169129       1.0000108      0.31839247      0.68152668      0.81432873     0.049871864      0.26708248      0.83891995       13.847242       147.23241       66.925328   2.1208126e-09       8.3193207       42.019251       1054.5162       23.296749       1403.4443      -15.618322       -15.618322       2625.7707                                  102.4943          23.296749             1403.4443          42.019251                      22.115395                      397.70093                                625.38532                        9.3145096
              1       1294.5293       1.0404225     0.022349789       0.1197309     0.059586646       3.0530873      0.97239154       1.0002726      0.31832007      0.68159916      0.81448914     0.049846875      0.26703658       0.8389898       13.840891       147.19109       66.960354   2.1180634e-09       8.2084198       41.279759       1048.7572       23.037386       1403.4501      -15.612947       -15.612947       2620.2844                                 103.75998          23.037386             1403.4501          41.279759                       21.98864                      397.29958                                620.12934                         9.339602
              2       1290.9112       1.0406389     0.022408211      0.11957967     0.073457876       3.0789692      0.96789155      0.99911002      0.31643231      0.68348735      0.82315399     0.049713114      0.26529017      0.84539733       13.827455       147.16772       67.137954   2.1735985e-09       9.5160675         36.4801       1040.6138       21.744613       1403.6154      -15.543152       -15.543152       2612.9088                                 110.45485          21.744613             1403.6154            36.4801                      23.452676                      404.37053                                601.90468                        10.885929
              1       1283.9463       1.0407636     0.022340886      0.11972551     0.069790494        3.071633       0.9654815        0.998897      0.31726681      0.68265268       0.8202812     0.049667125      0.26616768      0.84355704       13.831593       147.20338        67.06805   2.1577109e-09       9.1952972       37.499788        1032.987       22.248997       1403.5395      -15.521261       -15.521261       2598.9351                                 102.65978          22.248997             1403.5395          37.499788                      23.840875                      402.40788                                596.46957                        10.268649
              1       1283.2461       1.0407636     0.022340886      0.11972551     0.069790494        3.071633       0.9654815      0.99942956      0.31726681      0.68265268       0.8202812     0.049667125      0.26616768      0.84355704       13.831593       147.20338        67.06805   2.1577109e-09       9.1952972       37.499788       1031.7292       22.248997       1403.5395      -15.592557       -15.592557       2597.6772                                 102.65978          22.248997             1403.5395          37.499788                      23.755486                      402.38333                                595.53643                        10.053921
              1        1276.785       1.0411186     0.022375957      0.11943279     0.073128664       3.0810721      0.96493862       1.0007607      0.31431635      0.68560375      0.82319314     0.049371616      0.26352348      0.84260611       13.815899       147.24237       67.321245   2.1781742e-09       9.4922028       30.272481       1026.0026       20.449561       1403.8278      -15.570141       -15.570141       2584.7102                                 104.15775          20.449561             1403.8278          30.272481                      24.139854                      404.36473                                587.07448                        10.423549
              2       1274.4843       1.0410142      0.02243809       0.1190768     0.075475234       3.0832529      0.96215755      0.99965086      0.31230381      0.68761664      0.82166026     0.049293394      0.26159533       0.8383402       13.810764       147.26813       67.468116   2.1829296e-09       9.6838226       27.059748       1031.9082       19.440529       1404.0569      -15.580799       -15.580799       2580.1303                                 97.664842          19.440529             1404.0569          27.059748                      25.033388                      406.00857                                  590.789                        10.077283
              2       1264.7909       1.0409529     0.022407093      0.11708767     0.069916054        3.068648      0.97201259       1.0009588      0.30187447      0.69804753      0.81191467     0.048267322       0.2522196      0.81444723       13.806622       147.83349       68.134356   2.1512797e-09       9.1377411       13.234225       1033.5339       15.183878       1405.6739      -15.533448       -15.533448       2560.6487                                 93.022829          15.183878             1405.6739          13.234225                      22.358654                      401.67499                                601.09557                        8.4047126
              1       1264.5169        1.040964     0.022419772       0.1170825     0.070111023       3.0686136      0.97223291       1.0007478       0.3017406      0.69818143      0.81190699      0.04827063      0.25208312      0.81425893       13.804904       147.82073       68.151295   2.1512059e-09       9.1524811       13.148167       1033.1722       15.082499       1405.6994      -15.556372       -15.556372       2560.1465                                 93.044302          15.082499             1405.6994          13.148167                      22.328682                      401.76155                                600.67014                        8.4118114
              3       1261.8714       1.0411163     0.022527181      0.11762755     0.058409115       3.0527467      0.97143388       1.0030963      0.30359379      0.69632813      0.80683979      0.04857363      0.25363126      0.81165809       13.791469       147.55374       68.100946   2.1173421e-09        8.016098       14.896669       1025.2346       15.384821        1405.357      -14.737291       -14.737291       2553.2174                                 92.344272          15.384821              1405.357          14.896669                       22.23791                      396.76843                                597.60111                        8.6271923
              2        1263.593       1.0415776     0.022714977      0.11688528     0.063405946       3.0729928      0.97463837       1.0081362      0.29720541      0.70271785      0.81303298     0.048137497      0.24770287       0.8092373       13.754086       147.54439       68.693303   2.1606471e-09       8.4442596       10.755653       1024.3083       12.017941       1406.6374      -9.8365104       -9.8365104        2546.859                                 93.139729          12.017941             1406.6374          10.755653                      22.010684                      398.27525                                595.67388                        8.3484563
              1       1259.5941       1.0418197     0.022746274      0.11658484     0.066240318       3.0726347      0.97537942       1.0056031      0.29475047      0.70517328      0.81211783     0.047897574      0.24549652      0.80498108       13.742082       147.59052       68.912558   2.1598734e-09       8.6997528       10.376226       1023.2488       10.877017       1407.2049      -12.533749       -12.533749       2544.2557                                  92.54877          10.877017             1407.2049          10.376226                      21.969512                      399.41908                                593.44649                        8.4137212
              1       1259.1953       1.0418197     0.022746274      0.11658484     0.066240318       3.0726347      0.97537942       1.0061793      0.29475047      0.70517328      0.81211783     0.047897574      0.24549652      0.80498108       13.742082       147.59052       68.912558   2.1598734e-09       8.6997528       10.376226        1021.365       10.877017       1407.2049      -11.990615       -11.990615       2542.3719                                  92.54877          10.877017             1407.2049          10.376226                      21.900985                      399.40681                                591.57268                        8.4844845
              2       1257.8705       1.0420399     0.022724696      0.11727135     0.063942216       3.0702498      0.97265567       1.0062304      0.29783419      0.70208912      0.81304225     0.048124165      0.24834594      0.81010211       13.741142       147.43033       68.717514   2.1547284e-09       8.5011139       10.728356       1017.8316       11.889161       1406.4989      -12.000691       -12.000691       2539.7423                                 92.794316          11.889161             1406.4989          10.728356                      22.374898                      398.59898                                588.44349                        8.4141923
              1       1258.3114        1.041994     0.022724689      0.11725543     0.064199342       3.0712837      0.97290274       1.0065212      0.29788452      0.70203878      0.81344248     0.048137734      0.24838231      0.81056936       13.742432       147.43462       68.707817   2.1569575e-09       8.5249786       10.764995       1017.8435       11.940656       1406.4879      -11.704062       -11.704062        2540.031                                 92.993888          11.940656             1406.4879          10.764995                      22.333583                      398.69155                                588.41606                        8.4023381
              2        1259.041       1.0419794     0.022682779      0.11736921     0.060212246       3.0666197       0.9718749       1.0079306      0.29876513      0.70115797       0.8117981     0.048166385      0.24923094       0.8101256       13.747875       147.45026       68.624012   2.1469208e-09       8.1536713       11.031804       1016.2336       12.390333       1406.2988      -10.182894       -10.182894       2538.4478                                 92.493243          12.390333             1406.2988          11.031804                      22.399039                      397.24105                                588.15732                        8.4362302
              3       1258.7347       1.0419286     0.022675684        0.117284     0.060569089       3.0665673      0.97180759       1.0077062      0.29850448      0.70141865      0.81143909     0.048140892      0.24899607      0.80941402       13.749736       147.48095       68.631443   2.1468083e-09       8.1887665       10.953278       1016.3648       12.350124       1406.3542      -10.480699       -10.480699       2538.4308                                 92.408432          12.350124             1406.3542          10.953278                      22.406237                      397.35772                                588.16221                        8.4386194
              4       1258.8721       1.0419831     0.022674769       0.1172751     0.060632447       3.0673309      0.97181123       1.0079911      0.29830311      0.70162005      0.81177038     0.048109835      0.24882659      0.80947132       13.748169       147.48435       68.652207   2.1484483e-09       8.1950836       10.851752       1016.0615       12.238118       1406.3973      -10.125046       -10.125046       2537.9942                                 92.445551          12.238118             1406.3973          10.851752                      22.418124                      397.38111                                587.83056                        8.4316769
              3         1258.28       1.0420708     0.022699805      0.11719692     0.058756673       3.0622297       0.9722132       1.0073684      0.29749347      0.70242988      0.80952284     0.048050393      0.24807958      0.80613392        13.74252       147.47734       68.732571   2.1375164e-09       8.0048676       10.602506       1016.9788       11.809421       1406.5736      -10.828468       -10.828468       2538.2169                                 92.252562          11.809421             1406.5736          10.602506                      22.300188                      396.79073                                589.28061                        8.6072974
              6       1258.2766       1.0420708     0.022699805      0.11719692     0.058756673       3.0622297       0.9722132       1.0074766      0.29749347      0.70242988      0.80952284     0.048050393      0.24807958      0.80613392        13.74252       147.47734       68.732571   2.1375164e-09       8.0048676       10.602506       1016.7152       11.809421       1406.5736      -10.700043       -10.700043       2537.9533                                 92.252562          11.809421             1406.5736          10.602506                      22.286477                      396.79073                                 589.0119                        8.6260795
              6       1258.6751       1.0420552       0.0226993       0.1169607     0.058427754       3.0615386      0.97322876       1.0077905      0.29630092       0.7036226      0.80870799     0.047937458      0.24700315      0.80370674       13.741905       147.54113       68.812721   2.1360397e-09       7.9690704       10.396863       1017.1491       11.389479       1406.8416      -10.317916       -10.317916       2537.9859                                 92.208958          11.389479             1406.8416          10.396863                      22.079628                      396.62292                                589.68176                        8.7647542
              4       1259.1448       1.0420618     0.022707805      0.11678341     0.059675649       3.0639264      0.97411898       1.0079779      0.29530491      0.70461878      0.80928692     0.047851784      0.24609575      0.80292916       13.739944       147.57933       68.887198   2.1411462e-09       8.0855865        10.34438       1017.8629       11.006074        1407.073      -10.059605       -10.059605       2538.4089                                 92.122515          11.006074              1407.073           10.34438                      21.955178                      396.93081                                590.22164                        8.7552791
              1       1258.0387       1.0421339     0.022748348      0.11770674     0.059209032       3.0625677      0.97066389       1.0064054      0.29971792      0.70020516      0.81083116     0.048321225      0.25002844      0.81044987       13.737878       147.28751       68.612929   2.1382391e-09       8.0469818       11.444942       1017.2312       12.450424       1406.1003      -11.756979       -11.756979       2539.5913                                 92.364451          12.450424             1406.1003          11.444942                      22.647521                      396.93565                                589.17243                        8.4755804
              1       1257.6412       1.0424318     0.022686299      0.11794173     0.054201357        3.050454      0.97239212       1.0053676       0.3004377      0.69948529      0.80781415     0.048246018      0.25082183      0.80840323       13.736732       147.29305       68.572674   2.1124933e-09        7.568985        11.49545        1018.778       12.669907       1405.9545      -12.900922       -12.900922       2541.0842                                 92.186397          12.669907             1405.9545           11.49545                      22.135908                      395.87947                                591.74565                        9.0169418
              5       1256.9621       1.0425719     0.022619662      0.11780439     0.057635829       3.0563654       0.9697023       1.0050451      0.29968306      0.70024001      0.80928964     0.048052858      0.25026181      0.80886204       13.739036       147.40377       68.609372   2.1250181e-09       7.9241486       10.974944       1018.5444       12.469742       1406.1075      -13.317084       -13.317084       2540.5583                                  92.46184          12.469742             1406.1075          10.974944                      22.738087                       396.5931                                590.42426                        8.7889036
              3        1257.031        1.042592     0.022628024      0.11779807     0.057851121       3.0564453      0.96952431       1.0048485      0.29954256      0.70038055      0.80922716     0.048047389      0.25012744      0.80860997       13.737517       147.39621       68.625958   2.1251879e-09       7.9438019       10.920524       1019.0298       12.379798       1406.1364       -13.45593        -13.45593       2540.9738                                 92.507321          12.379798             1406.1364          10.920524                      22.787689                       396.6252                                 590.8293                        8.7875904
              2       1257.1319       1.0426151     0.022631375      0.11767193      0.05806051       3.0565255      0.97021234       1.0048623      0.29879064      0.70113259      0.80903619     0.047975638      0.24944952      0.80740385        13.73588       147.42618       68.682342   2.1253583e-09       7.9613495       10.665745       1019.6502       12.076471       1406.2935      -13.438337       -13.438337       2541.1405                                  92.45461          12.076471             1406.2935          10.665745                      22.654407                      396.65598                                591.47975                        8.8600921
              1       1257.2194       1.0426298      0.02262018      0.11759794     0.058958405       3.0584593      0.97043816       1.0050552      0.29842224      0.70150105      0.80968779     0.047921742      0.24913587      0.80755582       13.736291       147.45845       68.703954   2.1294724e-09       8.0511932       10.553764       1019.7882       11.961202       1406.3718      -13.307918       -13.307918       2541.0547                                 92.379655          11.961202             1406.3718          10.553764                      22.632264                      396.90025                                591.43732                        8.8184064
              4       1257.4967       1.0426923     0.022596396      0.11767672     0.056879295       3.0542075      0.97117845       1.0050163      0.29878972       0.7011335      0.80863036     0.047911598      0.24951235       0.8069976       13.737341       147.46361       68.675093   2.1204375e-09       7.8525543       10.605452       1020.4223       12.115256       1406.2936      -13.384101       -13.384101       2541.7617                                 92.324976          12.115256             1406.2936          10.605452                      22.409935                      396.36226                                592.59794                         9.052204
              3        1257.897       1.0426923     0.022596396      0.11767672     0.056879295       3.0542075      0.97117845       1.0055776      0.29878972       0.7011335      0.80863036     0.047911598      0.24951235       0.8069976       13.737341       147.46361       68.675093   2.1204375e-09       7.8525543       10.605452       1020.2715       12.115256       1406.2936      -12.908418       -12.908418       2541.6108                                 92.324976          12.115256             1406.2936          10.605452                      22.337779                      396.36021                                592.36746                        9.2060038
              6       1259.0709       1.0428616     0.022627189       0.1181746      0.05415079       3.0444993      0.97111916       1.0029375       0.3007405      0.69918251      0.80645239     0.048109638      0.25126131      0.80744708       13.731345       147.29645       68.580281   2.0999514e-09       7.5809174       11.264908       1025.2226       12.628287       1405.8942      -14.647978       -14.647978       2547.4377                                 92.427724          12.628287             1405.8942          11.264908                      22.271729                      395.89424                                597.39531                        9.6612804
              1       1259.2555       1.0428616     0.022627189       0.1181746      0.05415079       3.0444993      0.97111916       1.0030771       0.3007405      0.69918251      0.80645239     0.048109638      0.25126131      0.80744708       13.731345       147.29645       68.580281   2.0999514e-09       7.5809174       11.264908       1025.4574       12.628287       1405.8942      -14.580787       -14.580787       2547.6726                                 92.427724          12.628287             1405.8942          11.264908                      22.254081                      395.88916                                597.60271                         9.711474
              1       1257.3665       1.0426703     0.022542075      0.11785736     0.058901553       3.0547223      0.96881094       1.0039185      0.30011873      0.69980422      0.80894469     0.047966023      0.25078209      0.80910475       13.744635       147.47582       68.553573   2.1215293e-09       8.0680389       10.999862       1020.8258       12.774726       1406.0187      -14.255795       -14.255795       2543.2446                                 92.625553          12.774726             1406.0187          10.999862                      22.802619                      396.94291                                591.98296                        9.0972779
              1       1256.0943       1.0423448     0.022465076      0.11797595     0.061174709       3.0481566      0.96997492      0.99916117      0.30215594      0.69776651       0.8070959     0.048112475      0.25266395      0.80999079       13.763099        147.5299       68.332152   2.1076456e-09        8.309494       12.165167       1018.9033       14.021269       1405.6207      -15.514236       -15.514236        2543.217                                 92.506487          14.021269             1405.6207          12.165167                      22.478872                       397.6847                                 589.1872                         9.552569
              4       1256.2095       1.0423183     0.022586407      0.11758961     0.067402809       3.0591856      0.97069664      0.99867622      0.29948503      0.70043796      0.80989466     0.048034961      0.25008017      0.80919924       13.749118       147.49895        68.57169   2.1310195e-09       8.8689117       10.994826        1020.805       12.675296       1406.1482      -15.274581       -15.274581       2542.9681                                 92.344823          12.675296             1406.1482          10.994826                      22.612755                      400.30517                                588.82187                        9.0651839
              3       1256.9912       1.0420501     0.022607705       0.1169684     0.067285102       3.0634903      0.96814829       1.0012396       0.2968717      0.70305163       0.8083279     0.047864616      0.24764334      0.80410237       13.751857       147.64166       68.725982   2.1402127e-09       8.8401337       10.421579       1021.8522       11.844282        1406.712      -15.253403       -15.253403       2544.4891                                 93.658977          11.844282              1406.712          10.421579                      23.160193                      400.31553                                589.48843                        8.8880744
              3       1256.9139       1.0420501     0.022607705       0.1169684     0.067285102       3.0634903      0.96814829       1.0011915       0.2968717      0.70305163       0.8083279     0.047864616      0.24764334      0.80410237       13.751857       147.64166       68.725982   2.1402127e-09       8.8401337       10.421579       1021.7165       11.844282        1406.712      -15.262761       -15.262761       2544.3534                                 93.658977          11.844282              1406.712          10.421579                      23.167312                      400.31553                                589.35867                        8.8750239
              4        1257.221       1.0417626       0.0225198      0.11771895     0.060689516       3.0505509      0.96657626       1.0007006      0.30219853       0.6977238      0.80538421     0.048305729       0.2525111      0.80832992       13.773396       147.53771       68.278339    2.112698e-09       8.2442169       12.870333       1018.1431       14.332988       1405.6127      -15.474324       -15.474324       2545.3906                                 94.431467          14.332988             1405.6127          12.870333                      23.179986                      397.59422                                588.28349                         9.085404
              3       1258.4918        1.041605     0.022659378      0.11790211      0.05472607       3.0426047      0.96944602       1.0021423      0.30283554       0.6970868      0.80298889     0.048596257      0.25285784      0.80677481       13.764033       147.33344        68.28457   2.0959767e-09       7.6251373       13.922634       1019.0207       14.296715       1405.4943      -14.902146       -14.902146       2546.7879                                 94.053492          14.296715             1405.4943          13.922634                      22.485854                      395.99991                                591.13719                        9.3977356
              2       1257.7495       1.0416688     0.022652898       0.1174557     0.054888957       3.0461107      0.97091246       1.0041732      0.30030739      0.69961535      0.80337919     0.048331796      0.25060128      0.80379066       13.760722        147.4598       68.461344    2.103338e-09       7.6356659       11.976024       1018.2631       13.286901       1405.9806      -13.890586       -13.890586       2543.2802                                 93.773611          13.286901             1405.9806          11.976024                      22.220773                      396.00007                                590.54681                        9.4954925
              2       1258.8324       1.0417487     0.022750305      0.11743114     0.054852724       3.0463749      0.97043248       1.0040047       0.2993843      0.70053871       0.8029165      0.04836539      0.24964953      0.80209216       13.747834       147.35848       68.584545   2.1038938e-09       7.6110992       11.571271       1020.2865       12.604985       1406.1691      -13.750634       -13.750634        2545.166                                 94.534192          12.604985             1406.1691          11.571271                       22.38889                      395.96956                                592.46776                        9.4602856
              1       1258.7442         1.04176     0.022746847      0.11741744     0.054866286       3.0462894      0.97038336       1.0039702      0.29929825      0.70062478      0.80284345      0.04835003      0.24957907      0.80190391       13.747799       147.36597       68.590225   2.1037139e-09        7.613205       11.513176       1020.1575       12.573978       1406.1869      -13.782726       -13.782726       2545.0538                                 94.622265          12.573978             1406.1869          11.513176                      22.396763                      395.98394                                592.29245                        9.4843113
              1       1256.9201        1.041938     0.022763638      0.11750164     0.058552392       3.0506447       0.9716803       1.0025215      0.29912405      0.70079908      0.80537181     0.048322901      0.24943377      0.80419518       13.741111       147.32525       68.634795   2.1128962e-09       7.9753876       11.324359       1020.0026       12.332009       1406.2233      -14.485363       -14.485363       2542.8109                                 92.928589          12.332009             1406.2233          11.324359                      22.266827                      396.73486                                591.71182                        9.2890807
              2       1257.1039        1.041938     0.022763638      0.11750164     0.058552392       3.0506447       0.9716803       1.0026512      0.29912405      0.70079908      0.80537181     0.048322901      0.24943377      0.80419518       13.741111       147.32525       68.634795   2.1128962e-09       7.9753876       11.324359       1020.2629       12.332009       1406.2233      -14.431677       -14.431677       2543.0711                                 92.928589          12.332009             1406.2233          11.324359                      22.250404                      396.73504                                591.94563                        9.3317875
              1       1256.6399        1.041938     0.022763638      0.11750164     0.058552392       3.0506447       0.9716803       1.0022493      0.29912405      0.70079908      0.80537181     0.048322901      0.24943377      0.80419518       13.741111       147.32525       68.634795   2.1128962e-09       7.9753876       11.324359         1019.65       12.332009       1406.2233      -14.589261       -14.589261       2542.4582                                 92.928589          12.332009             1406.2233          11.324359                      22.301442                      396.74399                                591.40201                        9.2025378
              5        1258.206       1.0416779       0.0227743       0.1173759     0.068834062        3.068963      0.96989689       1.0013639      0.29916332      0.70075973      0.81150102     0.048391402      0.24940325      0.81036862        13.74712       147.34798       68.602259   2.1519575e-09       8.9496307       11.546167       1023.3351       12.508416       1406.2151      -14.812542       -14.812542       2546.0372                                  92.43238          12.508416             1406.2151          11.546167                      22.981612                      400.99239                                590.99206                        8.3690564
              6       1256.3364       1.0418807     0.022506674      0.11701305     0.072316499       3.0712015       0.9731624       1.0005715      0.29817264      0.70175033      0.81344523     0.047878778      0.24892358      0.81096402       13.767904       147.74264       68.562102   2.1567801e-09       9.3342743       10.682275       1020.5887       12.727868       1406.4254       -15.50311        -15.50311        2543.679                                  93.25489          12.727868             1406.4254          10.682275                      22.225348                      402.85052                                586.86692                        8.6458732
              2       1256.1312       1.0418412     0.022450279      0.11695708     0.069565097       3.0635456      0.97248722      0.99975109      0.29831108      0.70161179       0.8101361     0.047819317      0.24911975      0.80785246       13.774833       147.82033       68.518712    2.140331e-09       9.0928192       10.686157       1021.0457       12.967137       1406.3955      -15.577209       -15.577209       2543.4168                                 92.322318          12.967137             1406.3955          10.686157                      22.210786                      401.38246                                588.43666                        9.0157857
              3       1256.7611       1.0417023     0.022527311      0.11725534     0.069611838       3.0633966      0.97307431      0.99919525       0.2998637      0.70005897      0.81086348     0.048104232        0.250384      0.81067926       13.772184       147.65435       68.432599   2.1400122e-09       9.0829926       11.478521       1020.8161       13.448586       1406.0704      -15.452257       -15.452257       2544.4268                                 92.613222          13.448586             1406.0704          11.478521                      22.133654                      401.38186                                588.46118                        8.8393777
              3       1255.9897       1.0416351     0.022501248      0.11770074     0.059839849       3.0510814      0.97193951       1.0019628      0.30258828      0.69733392      0.80714623       0.0483408      0.25286365      0.81062063         13.7791       147.56313       68.225447   2.1138191e-09       8.1649017       13.266298       1016.7145       14.642708       1405.5399      -15.227122       -15.227122       2542.4336                                 92.270176          14.642708             1405.5399          13.266298                       22.06883                      397.16892                                588.35223                        9.1245147
              2       1255.9581       1.0416351     0.022501248      0.11770074     0.059839849       3.0510814      0.97193951       1.0019289      0.30258828      0.69733392      0.80714623       0.0483408      0.25286365      0.81062063         13.7791       147.56313       68.225447   2.1138191e-09       8.1649017       13.266298       1016.6725       14.642708       1405.5399      -15.237694       -15.237694       2542.3916                                 92.270176          14.642708             1405.5399          13.266298                      22.072963                      397.16892                                588.31533                        9.1152808
              1       1256.1536       1.0417888     0.022391384      0.11758166     0.059328391       3.0490945      0.97356589       1.0019995      0.30212883      0.69779336      0.80702572     0.048109932      0.25263491      0.80988403       13.785694       147.71737       68.221789   2.1096232e-09       8.1382294       12.511168       1017.8796       14.664253       1405.6258      -15.292797       -15.292797       2542.8929                                 92.212042          14.664253             1405.6258          12.511168                      21.708703                      397.01599                                 589.6551                        9.4998548
              3       1255.7229        1.041846     0.022398467      0.11753857     0.061043021       3.0505039      0.97316137       1.0010651       0.3016877      0.69823459      0.80734047     0.048067189      0.25223819       0.8096082       13.783024       147.72117       68.262908   2.1125986e-09       8.3038788       12.177855       1017.9556       14.423003       1405.7096      -15.519553       -15.519553       2542.4848                                  92.21873          14.423003             1405.7096          12.177855                      21.822777                      397.55978                                589.10678                         9.466307
              1       1255.5775       1.0418535     0.022384136      0.11753769     0.060518511       3.0501211      0.97241629        1.001349      0.30174323      0.69817903      0.80702038     0.048050476      0.25231003      0.80936168       13.784328       147.73736       68.252932   2.1117903e-09       8.2561493       12.178828       1017.4946       14.481348        1405.699      -15.469062       -15.469062        2542.093                                 92.239284          14.481348              1405.699          12.178828                      21.935913                      397.43566                                 588.6603                        9.4627269
              1       1255.7277       1.0418191     0.022381433      0.11744498     0.061266794        3.051388      0.97253005       1.0013759      0.30136536      0.69855695      0.80722395     0.048017103      0.25196633      0.80905878       13.785202       147.76532       68.272525   2.1144672e-09       8.3284454       11.968487        1018.039       14.366869       1405.7717      -15.463838       -15.463838        2542.383                                 92.236949          14.366869             1405.7717          11.968487                        21.9288                      397.66136                                589.01629                        9.4325888
              3       1255.9334       1.0418262     0.022443785      0.11807989      0.05992718       3.0562923      0.96915363       1.0037228       0.3043837      0.69553822      0.81011906      0.04839292      0.25460191      0.81601646       13.781318       147.52569       68.101572   2.1248627e-09       8.1936798       14.440717       1013.2351       15.381045       1405.2181      -14.478051       -14.478051       2540.8228                                 92.547918          15.381045             1405.2181          14.440717                      22.640071                      397.32134                                584.58361                          8.69004
              1        1256.058        1.041894     0.022447371      0.11812376     0.060408068       3.0574233      0.97001187        1.003789      0.30439525      0.69552669      0.81103944      0.04838622      0.25462057      0.81695904       13.779118       147.51003       68.111727   2.1272673e-09       8.2407074       14.373205        1013.271       15.319836       1405.2161       -14.43574        -14.43574       2540.9876                                 92.807406          15.319836             1405.2161          14.373205                      22.491848                       397.4665                                584.62014                        8.6925029
              2       1255.8698        1.041894     0.022447371      0.11812376     0.060408068       3.0574233      0.97001187       1.0030134      0.30439525      0.69552669      0.81103944      0.04838622      0.25462057      0.81695904       13.779118       147.51003       68.111727   2.1272673e-09       8.2407074       14.373205       1013.7387       15.319836       1405.2161      -14.857825       -14.857825       2541.4553                                 92.807406          15.319836             1405.2161          14.373205                      22.595241                      397.47934                                585.06079                        8.6033785
              1       1254.6891          1.0422     0.022565833       0.1178002     0.063396344         3.06265       0.9692973       1.0025303      0.30106786      0.69885483      0.81158892     0.048179837      0.25151274      0.81303207       13.755826       147.46513       68.437325   2.1384151e-09       8.4969025       11.810405       1015.6742       13.421937       1405.8297      -14.936561       -14.936561       2539.2513                                 92.515037          13.421937             1405.8297          11.810405                       22.96688                      398.58062                                585.62714                         8.499599
              3       1254.6952       1.0422151     0.022598153      0.11722508     0.062995903       3.0620695      0.97134481       1.0032872      0.29779632      0.70212691      0.80984069      0.04790897      0.24852176      0.80686083         13.7492       147.58304       68.679648    2.137174e-09       8.4407501       10.536345       1016.9938       12.090878       1406.5071      -14.529519       -14.529519       2538.4495                                  92.32136          12.090878             1406.5071          10.536345                      22.539889                      398.28769                                587.49119                         8.674993
              2       1254.7344       1.0420327     0.022591466      0.11707696     0.064985895       3.0609219      0.97465291       1.0014494      0.29758589      0.70233731      0.80974487     0.047913755        0.248306      0.80648027       13.754631       147.63037       68.666056   2.1347228e-09       8.6288605       10.548382       1018.3824       12.163696       1406.5532      -15.237883       -15.237883       2539.9447                                 92.296946          12.163696             1406.5532          10.548382                       21.91108                      399.00085                                588.57685                        8.8936287
              1       1254.9961       1.0418089      0.02253897      0.11689922     0.066063611       3.0614967       0.9731528       1.0010397       0.2975977      0.70232537      0.80890655     0.047882885      0.24834638      0.80566132       13.766042       147.73661       68.608335   2.1359501e-09       8.7404633        10.59191       1018.9696       12.475379       1406.5506      -15.401994       -15.401994       2540.7962                                 92.208739          12.475379             1406.5506           10.59191                       22.15149                      399.55673                                588.40487                        8.8564606
              3       1255.0522       1.0418089      0.02253897      0.11689922     0.066063611       3.0614967       0.9731528       1.0009468       0.2975977      0.70232537      0.80890655     0.047882885      0.24834638      0.80566132       13.766042       147.73661       68.608335   2.1359501e-09       8.7404633        10.59191       1019.1112       12.475379       1406.5506      -15.416755       -15.416755       2540.9378                                 92.208739          12.475379             1406.5506           10.59191                      22.163085                      399.55673                                588.55676                        8.8346392
              1        1254.802       1.0418205     0.022529267      0.11704139     0.064610296       3.0580091      0.97249728       1.0004949      0.29837076      0.70155218      0.80784958     0.047941265       0.2490588      0.80565296       13.767423       147.70909       68.551787   2.1285139e-09       8.6078033       10.795439        1018.306       12.784545       1406.3827      -15.481928       -15.481928       2540.5679                                 92.299232          12.784545             1406.3827          10.795439                      22.234353                      398.93685                                588.19901                        8.9357588
              3        1254.823       1.0418205     0.022529267      0.11704139     0.064610296       3.0580091      0.97249728        1.000465      0.29837076      0.70155218      0.80784958     0.047941265       0.2490588      0.80565296       13.767423       147.70909       68.551787   2.1285139e-09       8.6078033       10.795439       1018.3525       12.784545       1406.3827      -15.484224       -15.484224       2540.6145                                 92.299232          12.784545             1406.3827          10.795439                      22.238158                      398.93685                                 588.2493                         8.928183
              2       1255.4351       1.0417325     0.022489295      0.11697879     0.065811037       3.0599646      0.97175748       1.0004278      0.29852375       0.7013991      0.80828055     0.047915795      0.24923555      0.80628938       13.774015       147.77057       68.509149   2.1326803e-09       8.7299347       10.846073        1019.342       13.020168         1406.35      -15.533386       -15.533386        2541.937                                 92.378786          13.020168               1406.35          10.846073                      22.383979                      399.54834                                  588.583                        8.8266762
              1       1256.0197       1.0417325     0.022489295      0.11697879     0.065811037       3.0599646      0.97175748      0.99992548      0.29852375       0.7013991      0.80828055     0.047915795      0.24923555      0.80628938       13.774015       147.77057       68.509149   2.1326803e-09       8.7299347       10.846073       1020.5395       13.020168         1406.35      -15.547582       -15.547582       2543.1346                                 92.378786          13.020168               1406.35          10.846073                      22.449936                       399.5479                                589.82532                        8.7163698
              6       1257.8159       1.0419346     0.022395837      0.11632936     0.067601913       3.0635927      0.97349847       1.0009778      0.29502885      0.70489449      0.80854836     0.047409411      0.24625588      0.80182135       13.774776       148.05027       68.730795   2.1404318e-09        8.911026       10.362882       1025.1239       11.818811       1407.1383      -15.534738       -15.534738       2546.7012                                 92.257369          11.818811             1407.1383          10.362882                      22.145644                      400.28814                                 593.7006                        8.9895047
              1       1258.3701       1.0418474     0.022384883      0.11627343     0.067243579       3.0624314      0.97300727       1.0008554       0.2950471      0.70487621      0.80769858     0.047411907      0.24627089       0.8010034       13.778269       148.07764       68.712176   2.1379477e-09       8.8787384       10.355611         1025.97       11.917495       1407.1339      -15.555916       -15.555916       2547.8521                                 92.475146          11.917495             1407.1339          10.355611                      22.211808                      400.15154                                594.55854                         9.048068
              3        1257.779       1.0418474     0.022384883      0.11627343     0.067243579       3.0624314      0.97300727       1.0014116       0.2950471      0.70487621      0.80769858     0.047411907      0.24627089       0.8010034       13.778269       148.07764       68.712176   2.1379477e-09       8.8787384       10.355611        1024.586       11.917495       1407.1339      -15.455031       -15.455031       2546.4682                                 92.475146          11.917495             1407.1339          10.355611                      22.141977                       400.1456                                593.07905                        9.2193674
              1       1261.0016       1.0418126     0.022255206      0.11618571     0.065672428        3.054273      0.97593454      0.99981076      0.29540474      0.70451835      0.80552418      0.04726815       0.2467685      0.79933105       13.792718       148.24685       68.616965   2.1205763e-09       8.7608185       10.339334       1031.2187       12.428528       1407.0493      -15.583208       -15.583208       2553.1696                                 92.133708          12.428528             1407.0493          10.339334                      21.482285                      399.31526                                  600.227                        10.194158
              3       1260.9655       1.0418159     0.022253975      0.11622373     0.065833917       3.0542945      0.97575195      0.99962307       0.2956032      0.70431985      0.80561981     0.047284785      0.24694977      0.79969444       13.792943       148.23794       68.602998   2.1206219e-09       8.7776642       10.322414       1031.1081       12.504395       1407.0028      -15.573849       -15.573849       2553.0788                                 92.141125          12.504395             1407.0028          10.322414                      21.513319                      399.40216                                600.03357                        10.159009
              7       1260.5394       1.0418199     0.022263059      0.11624597     0.065643544       3.0545836      0.97546275       0.9998544      0.29565861      0.70426445      0.80569109     0.047302305      0.24698771      0.79984015       13.791963       148.22168       68.604289    2.121235e-09        8.757309       10.317608       1030.2705        12.49737       1406.9898       -15.58959        -15.58959        2552.258                                 92.182718           12.49737             1406.9898          10.317608                      21.563939                      399.32888                                599.29627                        10.081396
              3       1260.5055       1.0418199     0.022263059      0.11624597     0.065643544       3.0545836      0.97546275       1.0003316      0.29565861      0.70426445      0.80569109     0.047302305      0.24698771      0.79984015       13.791963       148.22168       68.604289    2.121235e-09        8.757309       10.317608       1030.1885        12.49737       1406.9898      -15.582488       -15.582488       2552.1761                                 92.182718           12.49737             1406.9898          10.317608                      21.512019                      399.32208                                599.05691                        10.297545
              1       1259.9464       1.0418092     0.022258337        0.116487     0.062405216       3.0482084      0.97547291       1.0001165      0.29699281      0.70293004      0.80399619     0.047425146      0.24819522      0.79995642        13.79399       148.16142       68.508115   2.1077548e-09       8.4519806       10.328702       1028.6996       13.025908       1406.6847       -15.58712        -15.58712        2551.067                                 92.328081          13.025908             1406.6847          10.328702                      21.422448                      397.97999                                598.63308                        10.664124
              2        1257.974       1.0417186     0.022423203       0.1162649     0.062906102       3.0509943      0.97556341       1.0007265      0.29516133      0.70476196      0.80357805       0.0475013      0.24629549      0.79707129       13.777976       148.03657       68.706223   2.1136349e-09       8.4554901       10.337805       1024.9336       11.949131       1407.1068      -15.557094       -15.557094       2547.0621                                 92.734742          11.949131             1407.1068          10.337805                      21.508386                      398.07753                                594.92883                         10.41886
              1       1257.8684       1.0417168     0.022426696      0.11627389     0.063082119       3.0514096      0.97544437       1.0007289      0.29519441      0.70472888      0.80372374     0.047509769      0.24632007      0.79726048       13.777701       148.03025       68.705451    2.114513e-09       8.4723358       10.335943       1024.7306       11.953239        1407.099      -15.554908       -15.554908       2546.8466                                 92.727903          11.953239              1407.099          10.335943                       21.53347                      398.13441                                594.69942                        10.363284
              1       1259.5711       1.0415845     0.022453818      0.11595848     0.066636735       3.0580556      0.97758804       1.0010065      0.29376595      0.70615755      0.80569941     0.047435183      0.24496999      0.79728418       13.777174       148.08551        68.80101   2.1286129e-09       8.7980194       10.494817       1028.7759       11.450365       1407.4442      -15.498485       -15.498485       2550.1391                                 91.973847          11.450365             1407.4442          10.494817                      21.290371                      399.58688                                597.82568                        10.072946
              1       1257.8109       1.0418324     0.022517237      0.11673253     0.061084414       3.0526972      0.97904945       1.0026129      0.29677141      0.70315177      0.80670387     0.047768145      0.24763679      0.80235126       13.766849       147.80518        68.65756   2.1172374e-09        8.265976       10.413834       1024.1009       12.209329       1406.7346       -14.97055        -14.97055       2545.5629                                 92.104256          12.209329             1406.7346          10.413834                      21.017447                      397.32083                                595.88168                        9.8809336
              4       1257.9469       1.0418324     0.022517237      0.11673253     0.061084414       3.0526972      0.97904945       1.0021846      0.29677141      0.70315177      0.80670387     0.047768145      0.24763679      0.80235126       13.766849       147.80518        68.65756   2.1172374e-09        8.265976       10.413834       1024.7018       12.209329       1406.7346      -15.134949       -15.134949       2546.1638                                 92.104256          12.209329             1406.7346          10.413834                      21.056851                      397.32562                                596.60295                        9.7163377
              1       1259.4118       1.0417593      0.02267506      0.11617713     0.059038417       3.0498219      0.97920152       1.0028838      0.29318847      0.70673542       0.8028865     0.047657643        0.244177      0.79371935        13.74946       147.77867       68.977578   2.1111584e-09       8.0203094         10.5599       1027.1452       10.549613        1407.588       -14.56768        -14.56768        2547.959                                   92.1162          10.549613              1407.588            10.5599                      21.070932                      396.61004                                599.18191                        10.282351
              3       1259.6536       1.0417593      0.02267506      0.11617713     0.059038417       3.0498219      0.97920152       1.0040231      0.29318847      0.70673542       0.8028865     0.047657643        0.244177      0.79371935        13.74946       147.77867       68.977578   2.1111584e-09       8.0203094         10.5599       1026.3698       10.549613        1407.588      -13.938128       -13.938128       2547.1835                                   92.1162          10.549613              1407.588            10.5599                       20.96732                      396.60417                                597.94464                        10.853678
              1       1259.5114       1.0417814     0.022674825      0.11622334      0.05850513       3.0482271      0.97923413       1.0037244      0.29336754      0.70655633      0.80244234     0.047670545      0.24434279      0.79352249       13.749054       147.76644       68.967885   2.1077942e-09       7.9690704       10.527002        1026.419       10.598102       1407.5432      -14.123829       -14.123829       2547.2704                                 92.183084          10.598102             1407.5432          10.527002                      20.952147                      396.48509                                597.98217                        10.999578
              2       1258.6068       1.0421319     0.022624141      0.11650099     0.054843741       3.0471951      0.97576874       1.0060412      0.29409183      0.70583198      0.80246721     0.047603991      0.24513249      0.79452606       13.745394       147.74781       68.938903   2.1056201e-09       7.6237335       10.461472       1020.2379       10.743758       1407.3643      -12.424769       -12.424769       2542.0631                                 93.255673          10.743758             1407.3643          10.461472                      21.400653                      395.91714                                 592.1829                         10.73718
              1       1257.0391       1.0420013     0.022528224      0.11649238      0.06102445       3.0532789      0.97173893        1.003253      0.29495653        0.704967      0.80392698     0.047577124      0.24601906       0.7971407       13.759465       147.85757       68.812032   2.1184693e-09       8.2533417        10.35433       1020.1248       11.393057       1407.1555       -14.65631        -14.65631       2543.3908                                 94.363046          11.393057             1407.1555           10.35433                      22.152235                      397.46968                                590.38848                        10.114447
              2        1255.752       1.0419588       0.0226437      0.11714525     0.062816701       3.0575629      0.96974278       1.0024286      0.29786561      0.70205759      0.80682554     0.048028423      0.24847094      0.80395028       13.751583        147.5538       68.663278   2.1275643e-09       8.4105682       10.694941       1018.4239       12.178605        1406.492       -14.83199        -14.83199        2541.168                                 93.378499          12.178605              1406.492          10.694941                      22.689375                      398.20449                                588.42907                        9.1010122
              1       1255.9641       1.0417664        0.022602      0.11714857     0.063939677        3.060822      0.97010899       1.0031128       0.2986834      0.70123956      0.80827333     0.048084734      0.24922829      0.80649776       13.761784       147.59936       68.559845   2.1345096e-09       8.5277863       11.021062       1018.3414       12.740261       1406.3161      -14.611779       -14.611779       2541.1517                                 92.732921          12.740261             1406.3161          11.021062                      22.600665                      398.68161                                588.19814                        8.8609448
              4       1255.6442       1.0417664        0.022602      0.11714857     0.063939677        3.060822      0.97010899       1.0028639       0.2986834      0.70123956      0.80827333     0.048084734      0.24922829      0.80649776       13.761784       147.59936       68.559845   2.1345096e-09       8.5277863       11.021062       1017.9397       12.740261       1406.3161      -14.730784       -14.730784         2540.75                                 92.732921          12.740261             1406.3161          11.021062                      22.634364                      398.69583                                587.80958                        8.7999203
              1       1256.0022       1.0417913     0.022610235       0.1169629     0.065972349       3.0654223      0.96990301       1.0032719      0.29758273      0.70234041      0.80939782     0.047985638      0.24823005      0.80613035       13.759268       147.64019       68.643101   2.1443516e-09       8.7151947       10.658386       1018.8456       12.287177       1406.5539      -14.515137       -14.515137       2541.0347                                 92.689619          12.287177             1406.5539          10.658386                       22.76073                      399.58249                                587.84716                        8.6552533
              3       1255.7031       1.0417913     0.022610235       0.1169629     0.065972349       3.0654223      0.96990301       1.0026374      0.29758273      0.70234041      0.80939782     0.047985638      0.24823005      0.80613035       13.759268       147.64019       68.643101   2.1443516e-09       8.7151947       10.658386       1018.8472       12.287177       1406.5539      -14.815087       -14.815087       2541.0363                                 92.689619          12.287177             1406.5539          10.658386                       22.84953                      399.62768                                587.83689                        8.5331379
              1       1255.5552       1.0417636     0.022553806      0.11698611     0.066502078       3.0661484      0.97005033       1.0026502      0.29810565      0.70181735      0.81003437     0.047961355      0.24877452      0.80747283       13.766231       147.69679       68.574745   2.1459091e-09       8.7797699       10.764837       1018.5395       12.658572       1406.4398      -14.905287       -14.905287       2540.9211                                 92.518314          12.658572             1406.4398          10.764837                       22.78907                      399.90511                                587.32068                        8.5246262
              1        1254.937       1.0420085     0.022616921      0.11691679     0.065064054       3.0635545      0.97064476       1.0026166      0.29666915      0.70325421      0.80886926     0.047865928      0.24743999      0.80436636       13.751862       147.64504       68.739045     2.14035e-09       8.6274567       10.409396       1017.8795        11.77522       1406.7577      -14.810961       -14.810961        2539.496                                 92.674213           11.77522             1406.7577          10.409396                      22.689026                      399.09714                                587.38833                        8.7049576
              1       1254.7418       1.0420051      0.02259995      0.11672711     0.066185899       3.0611078      0.97290641       1.0009041       0.2957774      0.70414607      0.80797375     0.047756644      0.24665962      0.80226736       13.752852       147.71497       68.791827   2.1351198e-09       8.7341461       10.332824       1018.9589       11.498218       1406.9623      -15.325327       -15.325327       2540.1343                                 92.382088          11.498218             1406.9623          10.332824                      22.230844                      399.56312                                 588.1004                        9.0644846
              2       1255.9109       1.0420662     0.022603812      0.11663972     0.071918611       3.0700919      0.97097181      0.99973069      0.29512041      0.70480319      0.81072867     0.047687165      0.24607431      0.80410827       13.750194       147.73474       68.847803   2.1543882e-09       9.2647858       10.340058       1021.4618       11.208058       1407.1166      -15.377808       -15.377808       2542.5775                                 92.450927          11.208058             1407.1166          10.340058                      22.826657                      402.67532                                587.32949                        8.6303801
              1       1255.8367       1.0420852     0.022595233      0.11664747     0.072043124       3.0705874      0.97106022      0.99986129      0.29515405      0.70476954      0.81103801     0.047674781      0.24612018      0.80446093       13.750581       147.74222       68.843678    2.155456e-09       9.2788239       10.338236        1021.387       11.229317       1407.1086      -15.397706       -15.397706       2542.4689                                 92.405718          11.229317             1407.1086          10.338236                       22.80943                       402.7399                                587.22133                        8.6162929
             11       1255.8878       1.0420852     0.022595233      0.11664747     0.072043124       3.0705874      0.97106022      0.99962941      0.29515405      0.70476954      0.81103801     0.047674781      0.24612018      0.80446093       13.750581       147.74222       68.843678    2.155456e-09       9.2788239       10.338236       1021.4703       11.229317       1407.1086      -15.388258       -15.388258       2542.5522                                 92.405718          11.229317             1407.1086          10.338236                      22.842197                       402.7408                                587.31597                        8.5712935
              5       1255.4982       1.0422412     0.022550109      0.11675545     0.070785502       3.0674141      0.97250603      0.99939205      0.29552144       0.7044021      0.81091682     0.047617402      0.24654386      0.80484116       13.751276       147.76331       68.816325   2.1486269e-09       9.1770477        10.32002       1020.9051       11.370774       1407.0221      -15.443072       -15.443072       2541.8826                                 92.264637          11.370774             1407.0221           10.32002                        22.4745                      401.99811                                587.64941                        8.7830637
              3       1255.8872       1.0422066     0.022537959      0.11677382     0.072064779       3.0682022      0.97202153      0.99858519      0.29578609      0.70413738      0.81117211     0.047632248      0.24679251      0.80545496       13.753692       147.77204       68.787062    2.150321e-09       9.2984772       10.309993       1021.3395       11.523092       1406.9603      -15.329728       -15.329728       2542.4339                                 92.300992          11.523092             1406.9603          10.309993                      22.597554                      402.73195                                587.27348                        8.7365562
              1        1256.648       1.0421271     0.022510516      0.11664485     0.070663659        3.062151      0.97546486      0.99759281      0.29549261      0.70443085      0.80937889     0.047580221      0.24655088      0.80327557       13.758359        147.8372       68.782744   2.1373481e-09       9.1735382       10.321202       1022.3675       11.545652       1407.0288      -15.061224       -15.061224       2543.4184                                 92.155194          11.545652             1407.0288          10.321202                      21.841359                      401.75933                                589.48816                         9.278677
              1         1258.31       1.0420653     0.022342749      0.11668412     0.061568482       3.0439919      0.97397162      0.99788859      0.29681798      0.70310506       0.8024034     0.047481079      0.24796804      0.79813662         13.7783       148.01337       68.597457   2.0988861e-09        8.353714       10.307692       1024.2285       12.534557        1406.724      -15.262057       -15.262057       2547.1441                                 93.349259          12.534557              1406.724          10.307692                       21.74169                      397.69067                                594.03598                        10.760165
              3       1259.0478       1.0420906     0.022373011      0.11646246     0.061989831       3.0437255      0.97428999      0.99751142      0.29540597      0.70451734       0.8015055      0.04738414       0.2466576      0.79534492       13.773223       148.03935       68.714077    2.098327e-09       8.3838959        10.34053       1025.0693       11.907399       1407.0491      -15.121515       -15.121515       2548.3387                                 93.972342          11.907399             1407.0491           10.34053                       21.71868                      397.83813                                594.44705                        11.065457
              3       1257.1285       1.0419498     0.022437859      0.11648304     0.060508463       3.0456932      0.97448028      0.99960728      0.29556001       0.7043633      0.80203097     0.047517158      0.24667875      0.79607383       13.770597       147.96103       68.717204   2.1024601e-09       8.2245636       10.317936       1022.5348       11.890807        1407.013      -15.578362       -15.578362       2545.4137                                  93.65722          11.890807              1407.013          10.317936                      21.692771                      397.27245                                592.97976                        10.589802
              3         1256.06       1.0421645     0.022643345      0.11674195     0.066429228       3.0557242      0.97523648      0.99786091      0.29515125      0.70477242      0.80653037     0.047727193      0.24606636      0.79998604       13.743554       147.66272       68.879081    2.123656e-09       8.7467804       10.338331       1021.3598       11.047537       1407.1093      -14.938549       -14.938549       2541.9971                                 92.142091          11.047537             1407.1093          10.338331                      21.863357                      399.55502                                590.42361                        9.5178356
              1       1256.0609       1.0421645     0.022643345      0.11674195     0.066429228       3.0557242      0.97523648      0.99785975      0.29515125      0.70477242      0.80653037     0.047727193      0.24606636      0.79998604       13.743554       147.66272       68.879081    2.123656e-09       8.7467804       10.338331       1021.3609       11.047537       1407.1093      -14.938154       -14.938154       2541.9982                                 92.142091          11.047537             1407.1093          10.338331                      21.863493                      399.55502                                590.42493                        9.5174165
              1       1256.7489       1.0422123     0.022661485      0.11649908     0.065515082       3.0537995      0.97587684       0.9980658       0.2936435      0.70628044      0.80505181      0.04759781      0.24469276       0.7964773       13.739014       147.70772       69.000255   2.1195724e-09       8.6520233       10.554077       1022.5359       10.436601       1407.4747      -14.965246       -14.965246       2543.4283                                 92.427111          10.436601             1407.4747          10.554077                      21.735741                      399.06813                                591.81467                        9.9173295
              1       1257.1985       1.0424213     0.022626691      0.11661039     0.066487735       3.0547522      0.97660223      0.99771667      0.29381653      0.70610741       0.8063862     0.047526723      0.24493681      0.79803249       13.737049       147.71661       68.998807   2.1215927e-09       8.7545013       10.581551       1023.8043       10.443798       1407.4319      -14.922193       -14.922193       2544.2415                                  91.97983          10.443798             1407.4319          10.581551                      21.620657                       399.5037                                592.70704                        9.9729541
              1       1257.0812       1.0424194     0.022600258      0.11661092     0.065862948       3.0538516      0.97665217      0.99798417      0.29397174      0.70595215      0.80615146     0.047505074      0.24511271      0.79801087       13.739926       147.74584       68.974205    2.119683e-09       8.7018585        10.55752        1023.791       10.566474       1407.3938      -15.065066       -15.065066       2544.2925                                 91.983695          10.566474             1407.3938           10.55752                       21.57774                      399.22984                                592.91232                        10.071118
              2       1256.9944       1.0423679      0.02261434      0.11651442     0.066589433       3.0561053      0.97739357      0.99851814      0.29353804      0.70638591      0.80684069     0.047492537      0.24469275      0.79810377       13.739484       147.75619       69.004796   2.1244655e-09       8.7650299       10.648186       1023.9239       10.414045       1407.5008      -15.188012       -15.188012       2544.3648                                 91.877786          10.414045             1407.5008          10.648186                      21.479878                      399.54423                                592.94346                        9.9563595
              1       1259.1599       1.0423105     0.022585988      0.11604014     0.070499761        3.060077      0.97881353      0.99749305      0.29139002      0.70853422      0.80724753     0.047255827      0.24278649      0.79557923       13.741863       147.91601       69.134028     2.13292e-09       9.1272125       11.526094       1026.9842       9.7823268       1408.0507      -14.912713       -14.912713       2548.1453                                 91.801858          9.7823268             1408.0507          11.526094                      21.326333                      401.36955                                594.12758                        10.160785
              3       1261.2269       1.0423405     0.022562713      0.11581645     0.074042418       3.0716988      0.98104939       1.0002752      0.29027118      0.70965321      0.81196215      0.04710941      0.24181686      0.79868792       13.742326       148.00281       69.205694   2.1578528e-09        9.453598       12.265271       1029.8072       9.4405194       1408.3503      -15.447578       -15.447578        2553.349                                  93.48573          9.4405194             1408.3503          12.265271                      21.077975                      403.18165                                596.01077                        9.5368371
              1       1262.2274       1.0423405     0.022562713      0.11581645     0.074042418       3.0716988      0.98104939       1.0013183      0.29027118      0.70965321      0.81196215      0.04710941      0.24181686      0.79868792       13.742326       148.00281       69.205694   2.1578528e-09        9.453598       12.265271       1031.5421       9.4405194       1408.3503      -15.314603       -15.314603       2555.0839                                  93.48573          9.4405194             1408.3503          12.265271                       20.98029                      403.14699                                597.47382                        9.9410372
              1       1260.9491       1.0423332      0.02251325      0.11642693      0.06610519        3.059403      0.98102467       1.0025716      0.29374097      0.70618283      0.80939104     0.047376841      0.24500861       0.8009032       13.750858       147.89241       68.934407   2.1314829e-09       8.7432709        10.64749       1029.8946        10.76644       1407.4505      -14.992525       -14.992525       2551.8832                                 93.124123           10.76644             1407.4505           10.64749                      20.780698                      399.15147                                599.46257                        10.499856
              4       1266.1741       1.0423045     0.022300807      0.11603856     0.065836468       3.0565082      0.98191912       1.0027563      0.29296258      0.70696109      0.80798738     0.047007752      0.24459706      0.79845423       13.772434       148.23544        68.87721   2.1253216e-09       8.7636261       11.113951       1039.8113       11.057108       1407.6448      -15.002291       -15.002291       2562.3527                                 92.725589          11.057108             1407.6448          11.113951                      20.573586                      399.06605                                608.61054                        11.561103
              2       1266.1423       1.0423045     0.022300807      0.11603856     0.065836468       3.0565082      0.98191912       1.0027442      0.29296258      0.70696109      0.80798738     0.047007752      0.24459706      0.79845423       13.772434       148.23544        68.87721   2.1253216e-09       8.7636261       11.113951       1039.7585       11.057108       1407.6448       -15.00762        -15.00762       2562.2999                                 92.725589          11.057108             1407.6448          11.113951                        20.5745                      399.06605                                 608.5639                        11.554042
              1       1264.0775       1.0422868     0.022311346      0.11628498      0.06780434       3.0620981       0.9802046       1.0030047      0.29424821      0.70567526      0.81053716     0.047149181      0.24573782       0.8027295       13.773071       148.15704       68.790079   2.1372352e-09       8.9517365       10.633244       1034.7421       11.507337       1407.3261      -14.891172       -14.891172       2557.9374                                 93.728678          11.507337             1407.3261          10.633244                      20.829262                      400.05483                                603.36162                        10.496382
              3       1263.9354       1.0422562     0.022321829      0.11626189     0.068258875       3.0625984      0.98036359       1.0028228      0.29415691      0.70576658      0.81063467     0.047160967      0.24563503       0.8027015       13.772748       148.15157        68.79764   2.1383048e-09       8.9910431       10.641211       1034.5501       11.467913       1407.3483      -14.978518       -14.978518       2557.8279                                 93.820289          11.467913             1407.3483          10.641211                      20.820761                      400.26343                                603.01092                        10.455023
              3       1263.4851       1.0422586     0.022315277      0.11626657     0.068828295        3.063873      0.97965124       1.0028033      0.29421089      0.70571259      0.81097575     0.047156407       0.2456933      0.80311291         13.7734       148.15772       68.790867   2.1410319e-09       9.0464935        10.63168       1033.7663       11.503226       1407.3352      -14.985827       -14.985827       2556.9419                                 93.705498          11.503226             1407.3352           10.63168                      20.927262                      400.60504                                601.94967                        10.284327
              2       1263.2395       1.0422791       0.0223141      0.11635217      0.06838139       3.0624501       0.9795136       1.0024528       0.2946083      0.70531512      0.81068619     0.047189003       0.2460571       0.8033682       13.773342       148.13583        68.76529   2.1379876e-09        9.006485       10.535183       1033.7324        11.63707       1407.2389      -15.132896       -15.132896       2556.7449                                 93.601269           11.63707             1407.2389          10.535183                      20.932827                       400.3895                                602.06303                        10.347066
