#        weight    minuslogpost     theta_s_100         omega_b       omega_cdm        tau_reio            logA             n_s        A_planck         Omega_m    Omega_Lambda          sigma8         Omega_b       Omega_cdm              S8             age         rs_drag              H0             A_s          z_reio       chi2__BAO       chi2__CMB        chi2__H0        chi2__SN   minuslogprior minuslogprior__0            chi2 chi2__jwst_likelihood_uvlf.UVLFLikelihood chi2__H0.riess2020 chi2__sn.pantheonplus chi2__bao.desi_dr2 chi2__planck_2018_lowl.TT_clik chi2__planck_2018_lowl.EE_clik chi2__planck_2018_highl_plik.TTTEEE_lite chi2__planck_2018_lensing.native
              1       1301.0186       1.0419879      0.02241117      0.12044584     0.058157782       3.0545626       0.9747598      0.99806679      0.31695913      0.68296089      0.81945006     0.049500824      0.26603557      0.84229359       13.790547       146.93431       67.286208   2.1211905e-09       8.0666351       33.445092       1056.2822       20.694043        1403.567      -15.306242       -15.306242       2632.6497                                  118.6613          20.694043              1403.567          33.445092                      22.061272                      396.83473                                626.60679                        10.779448
              1       1300.1938       1.0418612     0.022521063      0.11937525     0.071275868       3.0867349      0.97323497       1.0016189      0.31081705      0.68910399       0.8280303     0.049108377       0.2603041      0.84282618       13.777898       147.09677       67.719953   2.1905438e-09       9.2816315       22.878989       1056.8165       17.769769       1404.2432      -15.302351       -15.302351       2630.9922                                 129.28374          17.769769             1404.2432          22.878989                      22.876463                      402.74949                                618.29481                        12.895758
              1       1300.1326       1.0418616     0.022521297      0.11937521      0.07127092       3.0867267        0.973231       1.0016185      0.31081422      0.68910681      0.82802493     0.049108374      0.26030129      0.84281689       13.777861       147.09652       67.720307   2.1905258e-09       9.2809296       22.874704       1056.7348       17.767475       1404.2436      -15.302152       -15.302152       2630.8696                                  129.2491          17.767475             1404.2436          22.874704                      22.877402                      402.74705                                618.21293                        12.897375
              2       1293.0328       1.0417798     0.022527306      0.11822461     0.068019398       3.0783924      0.97887154       1.0024013      0.30481107      0.69511087      0.82227063     0.048562686       0.2548598      0.82883774       13.774444       147.39509       68.108808   2.1723452e-09       8.9531403       15.163796       1062.5969       15.337419       1405.1448      -15.042792       -15.042792       2616.1513                                 117.90837          15.337419             1405.1448          15.163796                      21.696466                      400.47876                                630.22162                         10.20008
              2       1287.7671       1.0418706     0.022458362      0.11771311     0.067011736       3.0740441      0.98015796       1.0021314      0.30220178       0.6977205      0.81946794     0.048197476      0.25262194      0.82246959       13.776716       147.60821       68.261668   2.1629196e-09       8.8661041       12.621041       1062.3622       14.430253       1405.6121      -15.212573       -15.212573       2605.9594                                 110.93379          14.430253             1405.6121          12.621041                      21.407662                      399.89204                                631.70997                        9.3525717
              1       1287.7956       1.0411354     0.022290574      0.11823906     0.068517737       3.0584802      0.97644828      0.99356775      0.30823558      0.69168535      0.81380453     0.048668731      0.25816046      0.82489916       13.819115       147.65471       67.676146   2.1295169e-09       9.0605316       19.486727       1057.3283       18.055008       1404.6011      -12.296083       -12.296083       2600.1833                                 100.71223          18.055008             1404.6011          19.486727                      21.805655                      400.97218                                625.57175                        8.9786914
              1        1283.846        1.041062     0.022359191      0.11826619     0.062768676       3.0499469      0.97551328      0.99460111      0.30819999      0.69172101      0.80980026     0.048779825      0.25801489       0.8207929       13.814085       147.57039       67.703002   2.1114223e-09        8.492691       19.886882       1056.5485       17.879876       1404.6064      -13.286745       -13.286745       2594.2656                                 95.343939          17.879876             1404.6064          19.886882                      21.860952                      398.27218                                627.64911                         8.766278
              2       1282.0581       1.0413036     0.022433846      0.11840616     0.062354731       3.0458966      0.97605856      0.99271884      0.30778196      0.69213926      0.80872372     0.048802172      0.25757855      0.81914566       13.799504       147.44991       67.800406   2.1028876e-09       8.4379425       19.156307       1051.0505        17.25184       1404.6686      -11.351989       -11.351989       2586.8202                                 94.692896           17.25184             1404.6686          19.156307                      21.817225                      398.10333                                 622.3651                        8.7648335
              1       1281.6782       1.0411278     0.022639142      0.11711595     0.076859448       3.0720096      0.97534528      0.99227841      0.30017678       0.6997458      0.81358573     0.048403005       0.2503966       0.8138254       13.776702       147.56812       68.390191   2.1585238e-09       9.7126007       12.355208       1057.7869       13.688912       1406.0068       -10.54371        -10.54371       2584.4437                                 94.605944          13.688912             1406.0068          12.355208                      22.503269                      405.56386                                621.13588                        8.5838778
              1       1284.3958       1.0410393     0.022695523      0.11814425     0.075432127        3.072138      0.96848565      0.99189668      0.30561846      0.69430331      0.81480767     0.049024451      0.25520262      0.82240222       13.778173       147.23096       68.039909   2.1588008e-09       9.5897675       17.861602       1056.2586       15.755348       1405.0095      -9.9297585       -9.9297585       2588.6511                                   93.7661          15.755348             1405.0095          17.861602                      24.084032                      405.25647                                617.64758                        9.2704771
              2       1283.6923       1.0411883     0.022575229      0.11860409     0.070749137       3.0579242      0.96818374      0.98943699      0.30836503      0.69155624      0.81115929     0.049085047      0.25787944      0.82239049       13.788718       147.24129       67.817454   2.1283331e-09       9.2016144       20.821375       1044.8971        17.14308       1404.5822      -6.5074428       -6.5074428       2580.3995                                 92.955724           17.14308             1404.5822          20.821375                      23.832921                      402.54737                                609.70145                        8.8153894
              1       1284.1112       1.0411883     0.022575229      0.11860409     0.070749137       3.0579242      0.96818374      0.98938128      0.30836503      0.69155624      0.81115929     0.049085047      0.25787944      0.82239049       13.788718       147.24129       67.817454   2.1283331e-09       9.2016144       20.821375       1045.5461        17.14308       1404.5822      -6.4130361       -6.4130361       2581.0484                                 92.955724           17.14308             1404.5822          20.821375                      23.841968                      402.54737                                610.33029                        8.8264699
              1       1284.0403       1.0411336     0.022561105      0.11865618     0.068991346       3.0554422      0.96833877      0.98985605      0.30889883      0.69102232      0.81038831     0.049126105      0.25837013      0.82231965       13.792101       147.24291       67.767899   2.1230571e-09        9.042984       21.678593       1046.0307       17.460189        1404.505      -7.2241458       -7.2241458       2582.5289                                 92.854434          17.460189              1404.505          21.678593                      23.714872                      401.55607                                611.97384                        8.7859486
              2       1284.1537       1.0411433     0.022566695      0.11867839      0.06881859       3.0551778      0.96844789      0.98985697      0.30895638      0.69096477      0.81037655     0.049137801        0.258416      0.82238431       13.791314       147.23081       67.768226   2.1224958e-09       9.0254364       21.772555       1046.1412        17.45809       1404.4968      -7.2169115       -7.2169115       2582.7413                                 92.872714           17.45809             1404.4968          21.772555                      23.686819                      401.46173                                612.20377                        8.7888853
              8       1281.7134       1.0412634      0.02271643      0.11808257     0.067599865       3.0531201      0.96955496      0.99025222      0.30449018      0.69543186      0.80733172     0.048902549      0.25420097      0.81335105       13.768966       147.22349       68.156031    2.118133e-09       8.8618927       16.226173       1049.4719       15.054216       1405.1998      -7.5269521       -7.5269521       2578.4806                                 92.528596          15.054216             1405.1998          16.226173                      23.510495                      400.62438                                616.91314                        8.4238582
             11       1277.3486       1.0414585     0.022579611      0.11869172     0.064209329       3.0514283      0.96883114      0.99218604      0.30799044      0.69193097      0.80925858     0.049003147      0.25758937      0.81996498       13.780578       147.21253       67.880688   2.1145524e-09       8.5867462       19.758449        1042.038       16.742648       1404.6375      -10.541703       -10.541703       2575.7806                                 92.604042          16.742648             1404.6375          19.758449                      23.489759                       399.1303                                610.73954                        8.6783632
              1       1276.3619        1.041476     0.022588497      0.11863988     0.061504089       3.0477323      0.96961895      0.99302917      0.30760403      0.69231746      0.80781088     0.048975749      0.25723168      0.81798451       13.778869       147.21621       67.913033   2.1067516e-09       8.3221283       19.230869       1042.8664       16.539654       1404.6955      -11.523752       -11.523752       2575.7713                                 92.438811          16.539654             1404.6955          19.230869                       23.22849                      397.91968                                613.11791                         8.600348
              1       1272.8658       1.0417019     0.022625278      0.11830819     0.065625041       3.0595528      0.96905974      0.99481869      0.30491797      0.69500404      0.81133352     0.048728428      0.25480226      0.81795668       13.766676       147.26406        68.14057   2.1318021e-09       8.7032623       15.704254       1043.4216       15.146645       1405.1266      -13.194449       -13.194449       2572.1205                                  92.72146          15.146645             1405.1266          15.704254                      23.595852                      399.68772                                611.41809                        8.7198952
              1       1272.8633       1.0417016     0.022625322      0.11830986     0.065677259        3.059619      0.96905542      0.99479954      0.30492754      0.69499447      0.81136439     0.048729461      0.25481077      0.81800064       13.766688       147.26357       68.139914   2.1319433e-09       8.7088776       15.715004       1043.3644       15.150576        1405.125      -13.178459       -13.178459       2572.0834                                  92.72845          15.150576              1405.125          15.715004                      23.597982                      399.74382                                 611.3007                         8.721913
              2       1269.4602       1.0417016     0.022625322      0.11830986     0.065677259        3.059619      0.96905542      0.99527872      0.30492754      0.69499447      0.81136439     0.048729461      0.25481077      0.81800064       13.766688       147.26357       68.139914   2.1319433e-09       8.7088776       15.715004        1037.319       15.150576        1405.125      -13.558801       -13.558801        2566.038                                  92.72845          15.150576              1405.125          15.715004                      23.523276                      399.73418                                605.41619                        8.6453554
              4        1270.031       1.0416433     0.022625255      0.11835561     0.065422468       3.0594309      0.96884831      0.99538009      0.30534877      0.69457315      0.81133026     0.048780894       0.2551791      0.81853101       13.768643       147.25145       68.103882   2.1315423e-09       8.6850128       16.267274       1037.9044        15.36711       1405.0542      -13.634686       -13.634686       2567.3314                                 92.738385           15.36711             1405.0542          16.267274                      23.556131                      399.59338                                606.08729                         8.667609
              5       1270.2204       1.0416259     0.022633525      0.11833482     0.065641486       3.0599924      0.96891705      0.99544726      0.30524108      0.69468087      0.81145746     0.048785823      0.25506684      0.81851495       13.768184       147.24785       68.112886   2.1327396e-09       8.7032623       16.202588        1038.429       15.312856       1405.0722      -13.667103       -13.667103       2567.7751                                 92.758461          15.312856             1405.0722          16.202588                      23.553789                      399.68772                                606.51056                        8.6768875
              1       1270.0762       1.0418353      0.02271208      0.11829444     0.067191466       3.0666305      0.96661887      0.99664363      0.30393458      0.69598772      0.81316378     0.048732473      0.25382001      0.81847884       13.753362       147.17193       68.268322   2.1469439e-09       8.8296051       14.775532       1041.4287       14.391386       1405.2966      -14.238848       -14.238848         2568.63                                 92.737778          14.391386             1405.2966          14.775532                      24.303027                      400.59176                                607.68485                        8.8490459
              1        1260.849       1.0418353      0.02271208      0.11829444     0.067191466       3.0666305      0.96661887      0.99855488      0.30393458      0.69598772      0.81316378     0.048732473      0.25382001      0.81847884       13.753362       147.17193       68.268322   2.1469439e-09       8.8296051       14.775532       1024.4426       14.391386       1405.2966      -14.972999       -14.972999        2551.644                                 92.737778          14.391386             1405.2966          14.775532                      23.984553                      400.51835                                591.43587                        8.5038537
              2       1260.6323       1.0418243     0.022696445       0.1182858     0.067130401       3.0666988      0.96644824      0.99868692       0.3040131      0.69590917      0.81316388     0.048719854      0.25391055      0.81858466       13.755321       147.19148       68.253658   2.1470906e-09       8.8282013       14.820992       1024.0284         14.4771       1405.2828      -15.042594       -15.042594       2551.3498                                 92.740489            14.4771             1405.2828          14.820992                      24.012537                      400.51233                                591.00098                        8.5025188
              7       1259.9829       1.0417465     0.022647558      0.11845883      0.05962165       3.0496723      0.96825823      0.99783204      0.30546063      0.69446133      0.80755956     0.048803611      0.25526896      0.81487606       13.763657        147.1988        68.12158   2.1108426e-09       8.1227875       16.311838       1020.5858       15.260564       1405.0356      -14.919512       -14.919512       2549.8047                                 92.610887          15.260564             1405.0356          16.311838                      23.220542                      397.20734                                591.67341                        8.4845282
              2       1257.7561       1.0417979      0.02258318      0.11777982     0.064144456       3.0557845      0.96978717      0.99752787      0.30205141      0.69787102      0.80845903     0.048375436      0.25229617      0.81121845       13.765856        147.4514       68.325073   2.1237841e-09       8.5635834       12.866561       1020.3381       14.062077       1405.6405       -14.93139        -14.93139       2545.3749                                 92.467742          14.062077             1405.6405          12.866561                      22.987835                       398.9012                                589.96003                        8.4890003
              1        1258.712       1.0417017     0.022597065      0.11768779     0.064038274       3.0530251      0.97152051      0.99658395      0.30176642      0.69815604      0.80741467     0.048386322      0.25200083      0.80978823       13.766808       147.46056       68.338385   2.1179317e-09       8.5481415       12.789792       1021.5615       13.985385       1405.6946      -14.462399       -14.462399       2546.3488                                 92.317539          13.985385             1405.6946          12.789792                      22.598629                      398.77311                                591.57171                         8.618046
              1        1258.138       1.0418819     0.022599429       0.1177239     0.060870365       3.0492256      0.97385528      0.99778613      0.30141043      0.69851215      0.80687968     0.048321104      0.25171206      0.80877419       13.761354       147.44799       68.388064   2.1098999e-09       8.2428131       12.368247       1022.3131       13.701022        1405.763      -14.999566       -14.999566       2546.2751                                 92.129675          13.701022              1405.763          12.368247                      22.080712                       397.4579                                593.93369                        8.8408218
              2        1258.019       1.0418936     0.022583752      0.11776134     0.059959057       3.0470428      0.97376237      0.99760941      0.30166566      0.69825686      0.80617688     0.048321015      0.25196642       0.8084118       13.762857       147.45531       68.364403   2.1052994e-09       8.1585846       12.497567       1021.8012       13.836093       1405.7139      -14.962137       -14.962137       2545.9623                                 92.113527          13.836093             1405.7139          12.497567                      22.062929                      397.16007                                593.64716                         8.931067
              4       1257.4543       1.0419023     0.022570501      0.11779933     0.060314895       3.0489657      0.97268788      0.99808014      0.30191889      0.69800357      0.80681557     0.048324721      0.25221504      0.80939178       13.764193        147.4599       68.341723   2.1093517e-09       8.1971893       12.637114       1020.7381       13.966189       1405.6656      -15.146446       -15.146446       2545.2014                                 92.194506          13.966189             1405.6656          12.637114                      22.273421                      397.35463                                 592.3099                        8.8001299
              1       1260.9009       1.0422949     0.022746123      0.11776164     0.070404775       3.0633445      0.97065388      0.99475123      0.29954666      0.70037649       0.8114797     0.048270873      0.24990883      0.81086634       13.733586        147.2764       68.645349   2.1399006e-09       9.1110687       11.244135       1025.4177       12.275058       1406.1356       -12.84183        -12.84183       2547.4855                                 92.413065          12.275058             1406.1356          11.244135                       23.18573                      401.91388                                591.89092                         8.427143
              1       1258.4003       1.0422949     0.022746123      0.11776164     0.070404775       3.0633445      0.97065388       0.9963609      0.29954666      0.70037649       0.8114797     0.048270873      0.24990883      0.81086634       13.733586        147.2764       68.645349   2.1399006e-09       9.1110687       11.244135       1022.7056       12.275058       1406.1356      -13.986353       -13.986353       2544.7734                                 92.413065          12.275058             1406.1356          11.244135                      22.950248                      401.86277                                589.30228                        8.5902922
              2       1257.8352       1.0423484     0.022709592      0.11785196     0.067044904        3.056336      0.97083591      0.99620831      0.30007557      0.69984747      0.80921629     0.048260049      0.25044667      0.80931821       13.736312       147.29238       68.597894   2.1249555e-09       8.8092499       11.404051       1021.3826        12.53218       1406.0274      -13.996473       -13.996473       2543.6633                                 92.317033           12.53218             1406.0274          11.404051                      22.763684                      400.13078                                  589.623                        8.8651643
              1       1257.4963        1.042398     0.022696019       0.1178377     0.067376209       3.0579787      0.97030604      0.99665614      0.29993231      0.69999075      0.80976705     0.048217685      0.25034616       0.8096757        13.73622       147.31122       68.607512   2.1284491e-09       8.8436432       11.281935       1021.3911       12.479852       1406.0565      -14.287093       -14.287093       2543.5669                                 92.357441          12.479852             1406.0565          11.281935                       22.89121                      400.30667                                589.40207                        8.7911749
              1       1256.0692       1.0422552     0.022629983      0.11692999     0.069480691       3.0608423      0.97418472      0.99754739      0.29594877      0.70397479      0.80907408     0.047768326      0.24682078      0.80359261       13.743191        147.6274       68.829102   2.1345529e-09       9.0394745       10.318342       1021.1812       11.304587       1406.9226      -14.851364       -14.851364       2541.8412                                 92.114383          11.304587             1406.9226          10.318342                      22.103187                      401.16792                                588.70756                        9.2025775
              2       1254.9912       1.0421536     0.022625214      0.11735873      0.06405791       3.0580246      0.97512752       1.0008401      0.29852707      0.70139606      0.80968104     0.048029088       0.2491306      0.80769091        13.74878       147.51729       68.634768   2.1285468e-09       8.5376129       10.784904       1018.6388       12.332153       1406.3494      -15.285797       -15.285797       2540.5541                                  92.44886          12.332153             1406.3494          10.784904                      21.804602                      398.57011                                589.22776                        9.0363058
              3       1254.4788        1.042002     0.022581491      0.11742867     0.064006891       3.0579355      0.97374631       1.0008474      0.29959138      0.70033149       0.8095118     0.048098212      0.25012117      0.80896031       13.758294       147.54714        68.51913   2.1283572e-09        8.544632       11.225864       1017.0163       12.964819       1406.1262      -15.365723       -15.365723        2539.689                                 92.355835          12.964819             1406.1262          11.225864                      22.005116                      398.62507                                 587.4543                        8.9317663
              1       1254.9399       1.0420835     0.022587887      0.11701664     0.062411188        3.051295      0.97568737      0.99979155      0.29714019      0.70278309      0.80602491     0.047856207      0.24791927      0.80217391        13.75321       147.65029       68.701887   2.1142706e-09       8.3824921       10.443557       1019.6194       11.972204       1406.6519      -15.408733       -15.408733       2540.6972                                 92.010132          11.972204             1406.6519          10.443557                      21.609842                      397.90155                                590.37689                        9.7311245
              2       1255.6079       1.0421735     0.022433645      0.11742743     0.060018968       3.0445696      0.97483973      0.99880815      0.29992547      0.69999723       0.8052225     0.047887346      0.25066314      0.80512247       13.768968       147.71163       68.444655   2.1000991e-09       8.1943817       11.067325       1019.6176       13.380654       1406.0578      -15.479699       -15.479699       2542.1753                                 92.051919          13.380654             1406.0578          11.067325                      21.601793                      397.16587                                590.76955                        10.080365
              3       1255.2325       1.0422718      0.02245081      0.11769872     0.055950894       3.0394334      0.97184309      0.99954963      0.30097878      0.69894381      0.80319656     0.047993759      0.25160803      0.80450575       13.765494       147.61944       68.394885   2.0893402e-09       7.7921906       11.520039       1017.5115       13.662205       1405.8471      -15.565549       -15.565549       2541.5962                                 93.055327          13.662205             1405.8471          11.520039                      22.061168                      396.19962                                589.11861                         10.13208
              5       1255.4315       1.0424413     0.022541138      0.11777246      0.05921048       3.0444774      0.97269481      0.99856768      0.30035001      0.69957283      0.80551554     0.048030219      0.25094727       0.8059853        13.75115       147.49957        68.50632   2.0999055e-09        8.096817       11.231391       1018.9512        13.03588        1405.972      -15.321338       -15.321338       2541.5056                                 92.315063           13.03588              1405.972          11.231391                      22.066199                      396.92817                                 590.1874                        9.7694636
              1       1255.1892       1.0423585     0.022533859      0.11784291     0.061088798       3.0476164        0.971873      0.99821456      0.30100996      0.69891275      0.80672796     0.048098654      0.25153639      0.80808475        13.75472         147.489       68.446513   2.1065074e-09       8.2828217       11.602853       1017.7565       13.370201       1405.8411      -15.240406       -15.240406       2540.8591                                 92.288472          13.370201             1405.8411          11.602853                      22.259578                       397.6222                                588.43303                        9.4417252
              3       1256.9588       1.0424275     0.022520125      0.11839434     0.058326564       3.0411161      0.96980572      0.99702673      0.30382037      0.69610191      0.80549633     0.048333852      0.25410404      0.81060893       13.756693       147.35693       68.258964   2.0928589e-09       8.0245209        13.41801       1017.7068       14.446057       1405.3168      -14.805957       -14.805957       2543.5295                                 92.641804          14.446057             1405.3168           13.41801                      22.572379                      396.79205                                588.84656                        9.4958467
              1        1257.654       1.0424275     0.022520125      0.11839434     0.058326564       3.0411161      0.96980572      0.99787599      0.30382037      0.69610191      0.80549633     0.048333852      0.25410404      0.81060893       13.756693       147.35693       68.258964   2.0928589e-09       8.0245209        13.41801       1019.7899       14.446057       1405.3168      -15.152274       -15.152274       2545.6126                                 92.641804          14.446057             1405.3168           13.41801                       22.45933                      396.79247                                590.74378                        9.7943279
              1       1259.6741       1.0425388     0.022545377      0.11852841     0.055026375       3.0335972      0.97297774      0.99741636      0.30405496      0.69586735      0.80390361     0.048370972        0.254302      0.80931837       13.751297       147.29298       68.271012   2.0771819e-09       7.6918182       13.550892       1023.8664       14.375692       1405.2755      -14.945463       -14.945463       2549.2391                                 92.170682          14.375692             1405.2755          13.550892                      21.796647                      396.04544                                595.50457                        10.519701
              5       1259.8329       1.0422101     0.022592416      0.11874651     0.054512317       3.0336281      0.97293359      0.99763989      0.30593257       0.6939894      0.80415944     0.048680145       0.2558645      0.81207174       13.757052       147.18295       68.124825   2.0772461e-09       7.6328583       15.934927        1021.331       15.241063       1404.9581      -14.958653       -14.958653       2549.5831                                 92.118038          15.241063             1404.9581          15.934927                      21.788402                      395.96372                                593.48355                        10.095311
              1       1259.7224       1.0422101     0.022592416      0.11874651     0.054512317       3.0336281      0.97293359      0.99756046      0.30593257       0.6939894      0.80415944     0.048680145       0.2558645      0.81207174       13.757052       147.18295       68.124825   2.0772461e-09       7.6328583       15.934927        1021.049       15.241063       1404.9581      -14.928154       -14.928154       2549.3011                                 92.118038          15.241063             1404.9581          15.934927                      21.797496                      395.95922                                593.22865                         10.06362
              1       1259.8339       1.0422129      0.02258744      0.11875082     0.054538914       3.0332983      0.97292421      0.99739398      0.30597655      0.69394542      0.80406139     0.048676645      0.25591177      0.81203108       13.757518       147.18731       68.119772   2.0765611e-09       7.6363678       15.962267       1021.1023       15.271428        1404.951      -14.869676       -14.869676       2549.4071                                 92.120099          15.271428              1404.951          15.962267                      21.795794                      395.95922                                593.25088                        10.096444
              1       1259.2819       1.0422809     0.022604713      0.11850789      0.05624872       3.0360707      0.97378938      0.99735915      0.30437005       0.6955522      0.80460337     0.048535242      0.25445176      0.81044244       13.752545       147.23286        68.24501    2.082326e-09       7.8006134       14.295737       1022.1066       14.527767       1405.2206       -14.82401        -14.82401       2548.2118                                 92.061159          14.527767             1405.2206          14.295737                      21.707094                      396.22527                                594.03494                        10.139268
              1       1258.4789       1.0422332     0.022588582      0.11839177     0.056584444       3.0368081      0.97364325      0.99756648      0.30398731      0.69593497      0.80448029     0.048484851      0.25411986      0.80980882       13.755156       147.28162       68.256097   2.0838623e-09       7.8357086       13.964802       1021.0359       14.462826       1405.2874      -14.937237       -14.937237       2546.8323                                 92.081434          14.462826             1405.2874          13.964802                      21.730936                      396.27794                                592.87773                        10.149317
              5       1258.7101        1.042216     0.022603277      0.11834447     0.057081421         3.03746      0.97415991      0.99746614      0.30370009      0.69622224      0.80466348     0.048481713      0.25383677      0.80961048        13.75388       147.27797       68.280505   2.0852212e-09       7.8813324       13.772735       1021.6878       14.320371       1405.3381      -14.870964       -14.870964       2547.1622                                 92.043168          14.320371             1405.3381          13.772735                      21.661597                      396.39187                                593.48912                        10.145183
              1       1258.3653        1.042216     0.022603277      0.11834447     0.057081421         3.03746      0.97415991      0.99643182      0.30370009      0.69622224      0.80466348     0.048481713      0.25383677      0.80961048        13.75388       147.27797       68.280505   2.0852212e-09       7.8813324       13.772735       1019.9882       14.320371       1405.3381      -14.366045       -14.366045       2545.4626                                 92.043168          14.320371             1405.3381          13.772735                      21.778244                      396.38099                                592.08243                         9.746537
              4       1259.1252       1.0418907     0.022559917      0.11788033     0.057557906       3.0336441      0.97416519      0.99498383      0.30244637        0.697476      0.80142479     0.048362299      0.25270322      0.80468579       13.766047       147.44977       68.299146   2.0772793e-09       7.9297638       13.015611       1019.7203       14.212052       1405.5663      -13.444999       -13.444999       2545.1403                                 92.626053          14.212052             1405.5663          13.015611                      21.715461                      396.47169                                591.16968                        10.363454
              1       1256.0036       1.0421605     0.022464205      0.11753793     0.067942174       3.0611532      0.97386601      0.99867109      0.30037578      0.69954688      0.81186698     0.047976412       0.2510237       0.8123753       13.766617       147.64871       68.427654   2.1352165e-09       8.9496307       11.312758       1018.7312       13.476502       1405.9668      -15.429975       -15.429975       2542.8672                                 93.379927          13.476502             1405.9668          11.312758                      22.048815                      400.54479                                587.27784                        8.8597686
              4       1255.0525       1.0422574     0.022533308      0.11806951     0.063986365       3.0606251      0.97043599        1.000959      0.30251829      0.69740415       0.8122474     0.048261132      0.25287757       0.8156494       13.758848        147.4294       68.330362   2.1340894e-09        8.566391       12.626824       1015.7857       14.031581        1405.553      -15.422598       -15.422598       2540.9501                                 92.953024          14.031581              1405.553          12.626824                      22.705476                      398.80703                                585.67164                        8.6015692
              1       1254.8962       1.0421198     0.022501707      0.11803235     0.062733777        3.056244      0.97173671       1.0003687      0.30291376      0.69700854      0.81075267     0.048279955      0.25325174      0.81468039       13.766152       147.47429        68.26912   2.1247601e-09       8.4526825       12.989033       1015.1593       14.386733         1405.48      -15.523958       -15.523958       2540.8403                                 92.825246          14.386733               1405.48          12.989033                      22.353117                      398.26483                                 585.7792                        8.7621794
              3       1254.7351        1.042138     0.022566131      0.11765716     0.063410108       3.0576467      0.97359933        1.000738      0.30049001      0.69943275      0.81033671     0.048136727      0.25097925      0.81099823       13.756966       147.50302       68.468415   2.1277425e-09       8.4954987       11.542785       1016.8782       13.247278        1405.944       -15.40471        -15.40471       2540.2796                                 92.667344          13.247278              1405.944          11.542785                      22.061251                      398.41869                                587.55403                        8.8442154
              3       1254.8142       1.0418986     0.022583641      0.11716169     0.068440902       3.0648632      0.97142599      0.99986739      0.29846989      0.70145312       0.8105527     0.048013125      0.24908733        0.808483        13.75987       147.61669       68.583081   2.1431531e-09       8.9580536       10.846967       1018.3033       12.612984       1406.3616      -15.418114       -15.418114       2540.4647                                 92.339851          12.612984             1406.3616          10.846967                      22.609193                      400.80872                                586.29314                        8.5922778
              1       1255.3267       1.0418983     0.022612877      0.11740158     0.069652858       3.0668696      0.97081967      0.99930362      0.29957354      0.70034934      0.81190228     0.048160724      0.25004094        0.811325       13.757903       147.52008       68.522217   2.1474573e-09       9.0682526       11.330323       1018.3857       12.947724       1406.1299      -15.327706       -15.327706       2541.3088                                 92.515135          12.947724             1406.1299          11.330323                      22.806165                       401.5178                                585.59422                        8.4675423
              1        1256.568       1.0417609     0.022475897       0.1177238     0.068332319       3.0643434      0.97202456      0.99954459      0.30248376      0.69743847        0.812836     0.048270441      0.25282994      0.81619388       13.778164       147.58596        68.23668   2.1420393e-09       8.9861298       12.979574       1017.4873       14.576654       1405.5593      -15.544411       -15.544411       2544.2249                                 93.622044          14.576654             1405.5593          12.979574                      22.394236                      400.86586                                585.65578                        8.5713717
              1       1258.1759       1.0415297      0.02242398      0.11814678     0.065685497       3.0630329      0.96729268       1.0007715      0.30575189      0.69416971      0.81232296     0.048551355      0.25580588      0.82007331       13.792603       147.53041       67.960361   2.1392341e-09       8.7559052       16.207035       1017.1355       16.244864       1404.9875      -15.551292       -15.551292       2547.4544                                 92.879553          16.244864             1404.9875          16.207035                       23.27676                      399.85457                                585.56192                        8.4422136
              1       1258.1327       1.0415773      0.02240424      0.11818513     0.066026802       3.0631551      0.96686095       1.0004864      0.30593157      0.69398998       0.8124969     0.048530724      0.25600556      0.82048989       13.793473       147.54218       67.944877   2.1394953e-09       8.7945099       16.265518       1016.9842       16.341014       1404.9582      -15.589224       -15.589224       2547.4439                                 92.894944          16.341014             1404.9582          16.265518                      23.376516                      400.04266                                585.12008                        8.4449852
              2       1258.1532       1.0415773      0.02240424      0.11818513     0.066026802       3.0631551      0.96686095       1.0004275      0.30593157      0.69398998       0.8124969     0.048530724      0.25600556      0.82048989       13.793473       147.54218       67.944877   2.1394953e-09       8.7945099       16.265518       1017.0338       16.341014       1404.9582      -15.593528       -15.593528       2547.4935                                 92.894944          16.341014             1404.9582          16.265518                      23.385455                      400.04067                                  585.163                        8.4446873
              1       1259.2994       1.0416664      0.02238315      0.11843368     0.063273846       3.0517906      0.97139581      0.99784118      0.30713039      0.69279099      0.81030718     0.048596765      0.25713512      0.81988031       13.794221       147.49906       67.866729   2.1153188e-09       8.5404205       17.454948       1016.6318       16.830637        1404.768      -15.242037       -15.242037       2549.0829                                 93.397481          16.830637              1404.768          17.454948                      22.283451                      398.59856                                586.94439                        8.8054032
              1       1259.3017       1.0416664      0.02238315      0.11843368     0.063273846       3.0517906      0.97139581      0.99783663      0.30713039      0.69279099      0.81030718     0.048596765      0.25713512      0.81988031       13.794221       147.49906       67.866729   2.1153188e-09       8.5404205       17.454948       1016.6333       16.830637        1404.768      -15.240464       -15.240464       2549.0844                                 93.397481          16.830637              1404.768          17.454948                      22.284036                      398.59856                                586.94592                        8.8047943
              2       1257.9182        1.041806      0.02240317      0.11851781     0.059946885       3.0454814      0.97105827      0.99774638      0.30704369      0.69287777      0.80798526     0.048590727      0.25705588      0.81741555       13.788295       147.45404       67.901292   2.1020149e-09       8.2126312        17.19199       1015.0967         16.6132       1404.7814      -15.202262       -15.202262       2546.2409                                 92.557631            16.6132             1404.7814           17.19199                      22.280752                      397.35227                                586.46007                        9.0035787
              1       1257.7974       1.0418066     0.022396134      0.11848735     0.059922123       3.0453262      0.97113922      0.99775628      0.30691873      0.69300274      0.80787292     0.048568561      0.25695328      0.81713557       13.788889       147.46999       67.906118   2.1016886e-09       8.2112274       17.015777       1015.0782        16.58295       1404.8009      -15.208378       -15.208378       2546.0115                                 92.533672           16.58295             1404.8009          17.015777                      22.259884                      397.32838                                 586.4619                        9.0280254
              9       1258.2594       1.0419682     0.022386728      0.11862125     0.056573306       3.0462712      0.97262988       1.0011638      0.30720858      0.69271288      0.80935777     0.048551306       0.2572603      0.81902392       13.785687       147.44447       67.903921   2.1036757e-09       7.8834381       17.064599       1015.6558       16.596716       1404.7559      -15.505604       -15.505604       2547.5301                                 93.457042          16.596716             1404.7559          17.064599                       21.94309                      396.37224                                588.33809                        9.0023842
              3       1258.3866       1.0419682     0.022386728      0.11862125     0.056573306       3.0462712      0.97262988       1.0009945      0.30720858      0.69271288      0.80935777     0.048551306       0.2572603      0.81902392       13.785687       147.44447       67.903921   2.1036757e-09       7.8834381       17.064599       1015.9686       16.596716       1404.7559       -15.53484        -15.53484       2547.8429                                 93.457042          16.596716             1404.7559          17.064599                       21.96319                      396.36762                                588.66372                        8.9740932
              2       1259.5639       1.0419611     0.022416704      0.11902227     0.050988382       3.0403342      0.97078929       1.0026938      0.30922292      0.69069827      0.80762786     0.048786648      0.25903441      0.81994837       13.784511       147.30399       67.785279   2.0912232e-09       7.3134918       19.819146        1014.852       17.348641        1404.459      -15.022101       -15.022101       2549.1721                                 92.693269          17.348641              1404.459          19.819146                       22.19854                      395.73496                                587.95991                        8.9585962
              5        1259.375       1.0419668     0.022421812      0.11899987     0.050902477       3.0400839       0.9708931       1.0026718      0.30905337      0.69086785      0.80746745     0.048776943      0.25887516      0.81956073       13.783693       147.30427       67.799745   2.0906997e-09       7.3036652       19.592919       1014.8308        17.25607        1404.483      -15.028984       -15.028984       2548.8079                                 92.645187           17.25607              1404.483          19.592919                      22.179854                      395.74458                                587.93029                        8.9760553
              1       1259.0089       1.0417555      0.02240894       0.1185803     0.048318359       3.0346153      0.97021307       1.0030131      0.30750048       0.6924209      0.80349971     0.048652089       0.2574499      0.81348209        13.78947       147.42996       67.867197   2.0792977e-09       7.0292206       17.874778       1015.7622       16.827688       1404.7112      -14.879897       -14.879897       2547.7775                                 92.601602          16.827688             1404.7112          17.874778                      22.216606                      395.77729                                588.51097                        9.2573562
              1       1258.2367       1.0421824     0.022604397      0.11862118      0.05069318       3.0332826      0.96738831      0.99928045      0.30527347      0.69464861      0.80182513     0.048639859      0.25524757      0.80884177       13.756026       147.20265       68.171101   2.0765284e-09       7.2383881       15.317037       1016.9407       14.964393       1405.0668      -15.341103       -15.341103       2547.1557                                  94.86671          14.964393             1405.0668          15.317037                      22.978251                      395.70926                                588.90995                        9.3432656
              3       1256.6094       1.0421644     0.022618964      0.11813196     0.058606029       3.0505063      0.96586164       1.0003462      0.30262965      0.69729285      0.80652206     0.048411655      0.25283934      0.81004913       13.752759        147.3173       68.353599   2.1126038e-09       8.0245209       12.998435        1017.399       13.897989       1405.5323      -15.345091       -15.345091       2543.9089                                 94.081185          13.897989             1405.5323          12.998435                      23.625826                      396.93643                                588.21592                        8.6207996
              1       1256.5516       1.0421644     0.022618964      0.11813196     0.058606029       3.0505063      0.96586164       1.0004158      0.30262965      0.69729285      0.80652206     0.048411655      0.25283934      0.81004913       13.752759        147.3173       68.353599   2.1126038e-09       8.0245209       12.998435        1017.275       13.897989       1405.5323      -15.340851       -15.340851        2543.785                                 94.081185          13.897989             1405.5323          12.998435                      23.614977                      396.93643                                588.09059                        8.6330149
              2       1254.9251       1.0423505      0.02254435      0.11779654     0.063887533       3.0598604       0.9688841       1.0006409      0.30072702      0.69919574      0.81053976     0.048088051        0.251265      0.81152129        13.75362          147.49       68.469991   2.1324579e-09       8.5495453       11.476282       1017.6565       13.238454       1405.8968      -15.448074       -15.448074       2540.7464                                 92.478272          13.238454             1405.8968          11.476282                      23.075787                      398.82771                                587.16358                        8.5894463
              1       1256.1463       1.0422895     0.022476323      0.11689009     0.062664419       3.0580289      0.96979365        1.002152      0.29650311       0.7034202        0.807121     0.047598555      0.24754045      0.80240319       13.758368        147.8086       68.717247    2.128556e-09       8.4323273       10.301062       1020.2977       11.890578       1406.7954      -15.190108       -15.190108       2542.6728                                 93.388094          11.890578             1406.7954          10.301062                      22.765363                       398.2223                                 590.2726                        9.0374275
              5       1256.2569       1.0422864     0.022487836      0.11684848     0.063406352       3.0596699      0.96966006        1.002231      0.29622844      0.70369492      0.80754243     0.047589049      0.24727627      0.80245022       13.757029       147.80701       68.741709   2.1320519e-09       8.4997101        10.29871       1020.5458       11.761162       1406.8581      -15.151303       -15.151303       2542.8163                                 93.352562          11.761162             1406.8581           10.29871                      22.829351                      398.53186                                590.23239                        8.9521892
              4       1257.0726       1.0422864     0.022487836      0.11684848     0.063406352       3.0596699      0.96966006       1.0016037      0.29622844      0.70369492      0.80754243     0.047589049      0.24727627      0.80245022       13.757029       147.80701       68.741709   2.1320519e-09       8.4997101        10.29871       1022.5621       11.761162       1406.8581      -15.343749       -15.343749       2544.8326                                 93.352562          11.761162             1406.8581           10.29871                      22.917897                      398.53982                                592.31266                        8.7916852
             10       1257.1249       1.0423141     0.022461448      0.11702168     0.062211759       3.0584915      0.96913747       1.0019929      0.29720852      0.70271467      0.80765603     0.047640505      0.24820181      0.80388966        13.75986       147.78977       68.664252   2.1295408e-09       8.3944244       10.339307       1022.3017       12.173377       1406.6367      -15.255795       -15.255795       2544.7614                                 93.310346          12.173377             1406.6367          10.339307                      22.981178                      398.08323                                592.47424                        8.7630316
              1       1256.9425       1.0423594     0.022418617      0.11726809     0.061293522       3.0549236      0.96889184       1.0010262      0.29862004       0.7013029      0.80723016     0.047706179      0.24954316      0.80537145       13.764268       147.77129        68.55152   2.1219563e-09       8.3200226       10.542416       1022.0087       12.786016       1406.3295      -15.517452       -15.517452         2544.92                                 93.253348          12.786016             1406.3295          10.542416                      22.966202                      397.79789                                592.37105                         8.873529
              1        1257.043       1.0423644      0.02241858      0.11726899       0.0612199        3.054784      0.96875185       1.0010159      0.29861035      0.70131259      0.80713847      0.04770426      0.24953544       0.8052669       13.764128       147.77108       68.552843   2.1216602e-09       8.3130035       10.538434       1022.1375       12.778738       1406.3316      -15.519143       -15.519143       2545.1242                                 93.337922          12.778738             1406.3316          10.538434                      22.994897                      397.76851                                592.49729                        8.8768404
              4       1256.3725       1.0423644      0.02241858      0.11726899       0.0612199        3.054784      0.96875185        1.001507      0.29861035      0.70131259      0.80713847      0.04770426      0.24953544       0.8052669       13.764128       147.77108       68.552843   2.1216602e-09       8.3130035       10.538434       1020.5983       12.778738       1406.3316      -15.420023       -15.420023        2543.585                                 93.337922          12.778738             1406.3316          10.538434                      22.924803                      397.77045                                590.90017                        9.0028626
              3       1256.4192       1.0423438     0.022421356      0.11724737     0.061658336       3.0556971      0.96847976       1.0015284       0.2985406      0.70138236      0.80731711     0.047705428      0.24946465      0.80535105       13.764342       147.77383       68.556247   2.1235985e-09       8.3544159        10.53094       1020.6252       12.760023       1406.3464      -15.413426       -15.413426       2543.6653                                 93.402636          12.760023             1406.3464           10.53094                      22.999437                      397.90168                                590.77957                        8.9445521
              1       1256.4656       1.0423438     0.022421356      0.11724737     0.061658336       3.0556971      0.96847976        1.001479       0.2985406      0.70138236      0.80731711     0.047705428      0.24946465      0.80535105       13.764342       147.77383       68.556247   2.1235985e-09       8.3544159        10.53094       1020.7418       12.760023       1406.3464      -15.425304       -15.425304       2543.7819                                 93.402636          12.760023             1406.3464           10.53094                      23.006535                      397.90052                                590.90302                        8.9317538
              1       1256.2618       1.0424253     0.022600791       0.1171336     0.062952166       3.0620631       0.9695821       1.0028674      0.29668791      0.70323556      0.80913929     0.047766433      0.24756011      0.80466033       13.742228       147.60463       68.786056   2.1371604e-09        8.434433       10.324717       1020.5457       11.528343       1406.7535      -14.731414       -14.731414       2541.9865                                 92.834192          11.528343             1406.7535          10.324717                      22.985729                      398.29834                                590.62745                        8.6341455
              1       1255.8767       1.0421534     0.022578044      0.11704965     0.064006696       3.0638569       0.9691353       1.0029466       0.2971661      0.70275718      0.80928796     0.047831623      0.24796988      0.80545649        13.75234       147.65253       68.704565   2.1409974e-09       8.5390167       10.422662       1019.2855        11.95795       1406.6462      -14.734368       -14.734368       2541.2221                                  92.90983           11.95795             1406.6462          10.422662                      23.064849                      398.80714                                588.89389                        8.5196229
              5       1255.8554       1.0421366     0.022602931      0.11712148      0.06203862       3.0611985      0.96935241       1.0033884      0.29745259      0.70247067      0.80841618     0.047897485      0.24819013      0.80497659       13.750529       147.60541       68.695143   2.1353134e-09       8.3452911       10.494114       1018.5237        12.00813       1406.5826      -14.466755       -14.466755       2540.6442                                 93.035658           12.00813             1406.5826          10.494114                      22.973226                      397.96466                                589.00817                        8.5776643
              2       1255.7477       1.0421517       0.0225553      0.11769054     0.060250352       3.0580807      0.96734081        1.002967      0.30068904      0.69923367      0.80875277     0.048137787      0.25117653      0.80968101       13.757873       147.50583       68.451228   2.1286662e-09       8.1929779       11.621643       1017.0678       13.343688       1405.9044      -14.760725       -14.760725       2541.0169                                 93.079396          13.343688             1405.9044          11.621643                      23.337054                      397.45555                                 587.7757                        8.4995183
              1       1255.6447       1.0422742     0.022535906      0.11741847      0.06191041       3.0625555      0.96997207       1.0040071      0.29899794      0.70092505      0.81061049     0.047925041      0.24970307      0.80925555       13.755006       147.60033       68.573492   2.1382129e-09       8.3544159       10.787736       1017.5885       12.665429       1406.2497      -14.208139       -14.208139       2539.7057                                 92.414355          12.665429             1406.2497          10.787736                      22.816132                      397.95493                                588.28388                        8.5335548
              3       1255.3113       1.0422742     0.022535906      0.11741847      0.06191041       3.0625555      0.96997207       1.0044324      0.29899794      0.70092505      0.81061049     0.047925041      0.24970307      0.80925555       13.755006       147.60033       68.573492   2.1382129e-09       8.3544159       10.787736       1016.3474       12.665429       1406.2497      -13.920965       -13.920965       2538.4646                                 92.414355          12.665429             1406.2497          10.787736                       22.75713                      397.90845                                587.08781                        8.5940068
              1       1256.7109       1.0422089     0.022454526      0.11690195     0.073114114       3.0744291      0.96964733         1.00049      0.29692253      0.70300067      0.81377846      0.04762304      0.24793336      0.80959373       13.763153       147.83079        68.66626   2.1637525e-09       9.4199066       10.326589       1022.7641       12.162605       1406.7006      -15.559778       -15.559778       2544.5413                                 92.587413          12.162605             1406.7006          10.326589                      23.106376                      403.58629                                587.64447                        8.4269658
              1        1256.354       1.0423029     0.022461207      0.11706368     0.071992504       3.0707603      0.97008342      0.99964076      0.29746408      0.70245907       0.8130533     0.047666753      0.24843035      0.80960961       13.760423       147.77972       68.644977   2.1558288e-09       9.3181305       10.369261       1022.0654        12.27706         1406.58        -15.5634         -15.5634       2543.8348                                 92.543026           12.27706               1406.58          10.369261                       22.97101                      402.91492                                587.64051                        8.5389922
              1       1256.2726       1.0422938     0.022464618      0.11706205     0.071938444       3.0707011      0.97010887      0.99965949      0.29746277      0.70246038      0.81300875     0.047673178      0.24842265      0.80956347       13.760322       147.77635       68.645563   2.1557011e-09       9.3125153       10.372533       1021.9047       12.273903       1406.5803      -15.561635       -15.561635       2543.6685                                 92.537041          12.273903             1406.5803          10.372533                      22.964651                      402.88177                                587.51965                        8.5386528
              3        1256.191       1.0422938     0.022464131      0.11706404     0.071898098       3.0706171      0.97012497      0.99965822      0.29747606      0.70244709      0.81298887      0.04767376       0.2484353      0.80956175       13.760384       147.77635       68.644399   2.1555201e-09       9.3090057        10.37407       1021.7382       12.280179       1406.5774      -15.561973       -15.561973       2543.5059                                 92.536079          12.280179             1406.5774           10.37407                      22.959091                      402.85438                                587.38143                        8.5432725
              1       1256.9055       1.0423232     0.022492332       0.1174266     0.074283726       3.0759835      0.96997733      0.99946529      0.29914592      0.70077701      0.81632072     0.047868118      0.24990696      0.81515789        13.75824       147.64787       68.547886   2.1671185e-09       9.5279999       10.764668       1021.2717       12.806014       1406.2187       -15.52203        -15.52203        2544.855                                 93.793926          12.806014             1406.2187          10.764668                      23.125691                      404.29643                                585.43228                        8.4172918
              1       1257.6522       1.0421837     0.022428651      0.11739928     0.075041465        3.079663      0.96940361       1.0006792      0.29977444      0.70014828      0.81769434     0.047863868      0.25053595      0.81738688       13.769062       147.72625       68.453819   2.1751071e-09       9.6136322       10.988785        1021.509       13.329133       1406.0886      -15.559398       -15.559398       2546.4233                                 94.507739          13.329133             1406.0886          10.988785                      23.230078                      404.86421                                585.00717                        8.4075213
              1       1257.8215       1.0421837     0.022428651      0.11739928     0.075041465        3.079663      0.96940361       1.0003223      0.29977444      0.70014828      0.81769434     0.047863868      0.25053595      0.81738688       13.769062       147.72625       68.453819   2.1751071e-09       9.6136322       10.988785       1021.9048       13.329133       1406.0886      -15.587989       -15.587989       2546.8191                                 94.507739          13.329133             1406.0886          10.988785                      23.283815                      404.87903                                585.32241                        8.4195196
              1       1257.7522       1.0420585     0.022603805      0.11734366     0.075166152       3.0842032      0.96971795       1.0018984      0.29884822      0.70107481       0.8185947     0.048047727      0.24943129      0.81702178       13.753824       147.54622       68.588981   2.1850049e-09       9.5757294       10.915664        1021.194       12.580768       1406.2812      -15.095321       -15.095321       2545.6951                                 94.723498          12.580768             1406.2812          10.915664                      23.372865                      404.82331                                 584.5438                        8.4540011
              1       1257.2684       1.0419274     0.022607125       0.1167758     0.075712719       3.0833904      0.97116192       1.0017735      0.29621824      0.70370515      0.81654895      0.04782392       0.2470317      0.81138598       13.754636       147.69487       68.754335   2.1832298e-09       9.6122284       10.371124       1022.4151       11.694637       1406.8605      -15.125808       -15.125808       2544.7885                                 93.447159          11.694637             1406.8605          10.371124                      23.031415                       404.9624                                586.13908                        8.2821875
              3       1256.8819       1.0420791     0.022660213      0.11677579     0.075222385       3.0803178      0.97069015       1.0005711      0.29548103      0.70444258      0.81505335     0.047798805      0.24632351       0.8088914       13.744461       147.63576       68.853096   2.1765318e-09       9.5539703       10.333694        1022.992       11.180811       1407.0316      -15.241335       -15.241335       2544.2464                                 92.708307          11.180811             1407.0316          10.333694                      23.166146                      404.67353                                586.89123                        8.2610903
              1       1254.9707       1.0419497     0.022604886      0.11733587     0.064794585       3.0619507      0.96926142       1.0011318      0.29912027      0.70080268      0.80927659     0.048096062      0.24965369      0.80808914       13.756912       147.54606       68.556147   2.1369201e-09       8.6120148       11.088778       1017.7488       12.760574        1406.224      -15.279129       -15.279129       2540.4997                                 92.677601          12.760574              1406.224          11.088778                      23.033937                      399.12496                                587.08873                        8.5011297
             10       1254.8262       1.0418936     0.022615782      0.11744227     0.064379512       3.0580343      0.97109806      0.99973331      0.29978633      0.70013651      0.80854017     0.048186189      0.25022772      0.80825219       13.757926       147.50545       68.508509   2.1285675e-09       8.5720062       11.443103       1017.4368       13.023723       1406.0862      -15.355204       -15.355204       2540.3629                                 92.373004          13.023723             1406.0862          11.443103                      22.610132                      398.87569                                587.27665                        8.6743284
              1       1255.3526       1.0419436     0.022512907      0.11791687     0.065600264       3.0606848      0.96794578      0.99938447      0.30275704      0.69716525      0.81077342     0.048314679      0.25305999      0.81449046       13.769667       147.49295       68.261564   2.1342167e-09       8.7222137       13.081268       1016.1079       14.430857       1405.5088      -15.491656       -15.491656       2541.6884                                 92.559646          14.430857             1405.5088          13.081268                      23.277422                      399.68532                                584.67572                        8.4694337
              5       1256.4599       1.0419258      0.02256853      0.11775542     0.068993947       3.0672308      0.96686531       0.9990725      0.30162663      0.69829589      0.81228008     0.048289439      0.25195894      0.81447923       13.763497       147.47464         68.3637   2.1482332e-09       9.0247345       12.402152       1019.0569       13.840119       1405.7214      -15.375655       -15.375655       2543.6712                                 92.650654          13.840119             1405.7214          12.402152                      23.738628                      401.42984                                585.55544                        8.3330051
              1       1256.3158       1.0419258      0.02256853      0.11775542     0.068993947       3.0672308      0.96686531      0.99920828      0.30162663      0.69829589      0.81228008     0.048289439      0.25195894      0.81447923       13.763497       147.47464         68.3637   2.1482332e-09       9.0247345       12.402152        1018.806       13.840119       1405.7214      -15.394329       -15.394329       2543.4203                                 92.650654          13.840119             1405.7214          12.402152                        23.7171                       401.4317                                585.32135                        8.3358341
              4       1256.4342       1.0419196     0.022635875       0.1168903     0.070407938       3.0698875      0.96896916         1.00002      0.29668149      0.70324187      0.81065795     0.047910611      0.24740751      0.80616185       13.752358       147.63159       68.735768    2.153948e-09       9.1222992       10.444258       1021.7467       11.792524       1406.7549      -15.320377       -15.320377       2543.5092                                 92.770755          11.792524             1406.7549          10.444258                      23.315958                      401.96125                                 588.1108                        8.3587225
              6       1255.9005       1.0419642     0.022604407      0.11681092     0.071779263        3.071102      0.97033173      0.99969693      0.29631145      0.70361194      0.81146159     0.047822151      0.24712656      0.80645764       13.754002       147.68805       68.751473   2.1565656e-09       9.2549591       10.371845       1021.1914       11.709698       1406.8391      -15.375156       -15.375156       2542.5513                                 92.439175          11.709698             1406.8391          10.371845                      23.017926                      402.67814                                587.07499                        8.4203601
              4       1256.0502       1.0419873     0.022628635      0.11677239     0.071660976       3.0711357      0.97024239      0.99975521      0.29590588       0.7040176      0.81122645     0.047812764       0.2467321        0.805672       13.750542       147.67143       68.795059   2.1566381e-09       9.2374115       10.347461       1021.5153       11.481362       1406.9325      -15.330544       -15.330544       2542.7614                                 92.484787          11.481362             1406.9325          10.347461                      23.059229                      402.57342                                587.46609                        8.4165898
              2       1255.7684        1.042268     0.022672468      0.11676306     0.069436782       3.0671333      0.97171832      0.99999886      0.29480018      0.70512361      0.81008786     0.047714618      0.24572997      0.80303666       13.737476       147.62497       68.932443   2.1480237e-09        9.021225       10.367091       1021.2889       10.776355        1407.193      -15.239106       -15.239106        2542.015                                 92.389669          10.776355              1407.193          10.367091                      22.702234                      401.21632                                 588.6828                         8.687538
              5       1257.3009         1.04224     0.022682898       0.1170939     0.074587504       3.0719928      0.97335407      0.99734526        0.296555      0.70336852      0.81368163     0.047904017      0.24729063      0.80899625       13.738794        147.5252       68.811861   2.1584873e-09       9.4971161       10.374324       1022.3479       11.393944       1406.7837      -14.650328       -14.650328       2543.9025                                 93.002667          11.393944             1406.7837          10.374324                      22.528653                      404.10599                                587.18862                        8.5246825
              4        1258.456       1.0424412     0.022552939      0.11666247     0.073138849       3.0764329       0.9765376       1.0021501      0.29444147       0.7054823      0.81567148     0.047479922      0.24560547      0.80807959       13.744572       147.78541       68.920207   2.1680926e-09       9.3911285       10.482972       1023.4211       10.838242       1407.2793      -15.098652       -15.098652       2547.1093                                 95.087675          10.838242             1407.2793          10.482972                      21.779972                      403.03622                                589.90465                         8.700281
              2        1258.535       1.0425652     0.022625958      0.11700111     0.069906049       3.0704207      0.97710953       1.0018306       0.2954463      0.70447743      0.81441771     0.047655936      0.24643365      0.80821305       13.734747       147.61284       68.904087   2.1550966e-09       9.0815887       10.331376       1024.0611       10.920041       1407.0398      -15.072686       -15.072686       2547.2154                                 94.863111          10.920041             1407.0398          10.331376                      21.643979                      401.23455                                 592.3191                        8.8634464
              1        1256.838       1.0426584     0.022624199      0.11713023     0.067446494       3.0650725      0.97456028       1.0011162      0.29586176      0.70406193      0.81199754     0.047675952      0.24682842      0.80637769       13.732785       147.57994       68.886944   2.1436015e-09       8.8555756        10.30717       1023.2459       11.007366       1406.9428      -15.244616       -15.244616       2544.1652                                 92.661893          11.007366             1406.9428           10.30717                      22.047054                      400.10947                                 592.1303                        8.9591104
              1        1256.791       1.0426553     0.022628648      0.11713438     0.067345278       3.0649173      0.97457675       1.0011202      0.29586746      0.70405623      0.81193299     0.047683327      0.24682681      0.80632136       13.732423       147.57387       68.888388   2.1432689e-09        8.845047        10.30657       1023.1606       10.999997       1406.9415      -15.234917       -15.234917       2544.0518                                 92.643159          10.999997             1406.9415           10.30657                      22.044047                      400.04565                                592.11004                        8.9608474
              1       1256.8231       1.0426583     0.022630606      0.11713057      0.06739859       3.0651168      0.97453958       1.0011548       0.2958279       0.7040958      0.81198302     0.047681706      0.24678903      0.80631714       13.732108       147.57272        68.89254   2.1436966e-09       8.8492584       10.308573       1023.2135       10.978821       1406.9507      -15.224619       -15.224619       2544.0954                                 92.643807          10.978821             1406.9507          10.308573                      22.055201                       400.0683                                592.14018                        8.9498467
