#        weight    minuslogpost          a_samp               s       shmr_beta           a_exo           b_exo             A_s   minuslogprior minuslogprior__0 minuslogprior__h2_positivity            chi2 chi2__jwst_likelihood_uvlf.UVLFLikelihood
              2       81.249672      -44.892049      -198.88232            1.35      -44.892049      -153.99027   2.0989032e-09       12.337553        12.337553                           -0       137.82424                                 137.82424
              4       78.333127      -49.107206      -187.87859            1.35      -49.107206      -138.77138   2.0989032e-09       12.337553        12.337553                           -0       131.99115                                 131.99115
              1       78.093438      -48.767871      -186.98729            1.35      -48.767871      -138.21942   2.0989032e-09       12.337553        12.337553                           -0       131.51177                                 131.51177
              1       61.985055      -64.694697        -89.9684            1.35      -64.694697      -25.273703   2.0989032e-09       12.337553        12.337553                           -0       99.295003                                 99.295003
              1       61.554367      -64.694697        -89.9684       1.3571782      -64.694697      -25.273703   2.0989032e-09       12.337934        12.337934                           -0       98.432865                                 98.432865
              1       59.564963      -71.243089      -59.466924       1.3571782      -71.243089       11.776165   2.0989032e-09       12.337934        12.337934                           -0       94.454057                                 94.454057
              1       59.268679      -71.243089      -59.466924       1.3737889      -71.243089       11.776165   2.0989032e-09       12.341739        12.341739                           -0        93.85388                                  93.85388
              2       60.138441      -76.753812      -78.396564       1.3737889      -76.753812      -1.6427523   2.0989032e-09       12.341739        12.341739                           -0       95.593404                                 95.593404
              1       60.079942      -76.545213      -77.336325       1.3737889      -76.545213     -0.79111238   2.0989032e-09       12.341739        12.341739                           -0       95.476407                                 95.476407
              1       58.604822      -98.514817      -8.1769178       1.3737889      -98.514817       90.337899   2.0989032e-09       12.341739        12.341739                           -0       92.526165                                 92.526165
              1       59.221989      -98.514817      -8.1769178       1.3931025      -98.514817       90.337899   2.0989032e-09       12.351295        12.351295                           -0        93.74139                                  93.74139
              1       59.218571      -99.901795      -8.3124743       1.3931025      -99.901795       91.589321   2.0989032e-09       12.351295        12.351295                           -0       93.734552                                 93.734552
              1       59.211863      -99.613941      -55.436316       1.3931025      -99.613941       44.177625   2.0989032e-09       12.351295        12.351295                           -0       93.721136                                 93.721136
              2       59.249006      -98.662675      -57.499558       1.3931025      -98.662675       41.163118   2.0989032e-09       12.351295        12.351295                           -0       93.795423                                 93.795423
              3       59.102747      -93.144217      -16.790636       1.3931025      -93.144217       76.353581   2.0989032e-09       12.351295        12.351295                           -0       93.502905                                 93.502905
              3       59.020009      -94.254852      -27.086246       1.3931025      -94.254852       67.168606   2.0989032e-09       12.351295        12.351295                           -0       93.337428                                 93.337428
              1        59.25499      -105.79749      -5.9090006       1.3931025      -105.79749       99.888488   2.0989032e-09       12.351295        12.351295                           -0        93.80739                                  93.80739
              2       59.619622      -112.40654      -70.265717       1.3931025      -112.40654       42.140823   2.0989032e-09       12.351295        12.351295                           -0       94.536654                                 94.536654
              1       59.908679      -107.25721        -78.7266       1.3931025      -107.25721       28.530613   2.0989032e-09       12.351295        12.351295                           -0       95.114768                                 95.114768
              4       59.264663      -125.80028      -55.246891       1.3931025      -125.80028       70.553389   2.0989032e-09       12.351295        12.351295                           -0       93.826737                                 93.826737
              1       59.063737      -123.51761      -40.971939       1.3931025      -123.51761       82.545671   2.0989032e-09       12.351295        12.351295                           -0       93.424885                                 93.424885
              1       59.219415      -137.00298      -6.4693603       1.3931025      -137.00298       130.53362   2.0989032e-09       12.351295        12.351295                           -0       93.736241                                 93.736241
              2       58.247702      -137.00298      -6.4693603       1.3531898      -137.00298       130.53362   2.0989032e-09       12.337629        12.337629                           -0       91.820147                                 91.820147
              5       58.437761      -119.69855      -20.965661       1.3531898      -119.69855        98.73289   2.0989032e-09       12.337629        12.337629                           -0       92.200265                                 92.200265
              2       58.836782      -123.97751      -35.181963       1.3531898      -123.97751       88.795551   2.0989032e-09       12.337629        12.337629                           -0       92.998306                                 92.998306
              1       60.014099      -118.37371      -61.091753       1.3531898      -118.37371       57.281956   2.0989032e-09       12.337629        12.337629                           -0       95.352941                                 95.352941
              1       59.660396      -118.37371      -61.091753       1.4198672      -118.37371       57.281956   2.0989032e-09       12.373659        12.373659                           -0       94.573475                                 94.573475
              4       59.642514      -116.84911      -55.815882       1.4198672      -116.84911        61.03323   2.0989032e-09       12.373659        12.373659                           -0        94.53771                                  94.53771
              6       59.648324      -128.29537      -53.643549       1.4198672      -128.29537       74.651823   2.0989032e-09       12.373659        12.373659                           -0       94.549332                                 94.549332
              1       59.758263      -149.42838      -67.563299       1.4198672      -149.42838       81.865083   2.0989032e-09       12.373659        12.373659                           -0       94.769208                                 94.769208
              4       59.657311      -149.42838      -67.563299       1.3924765      -149.42838       81.865083   2.0989032e-09       12.350898        12.350898                           -0       94.612826                                 94.612826
              1       59.481115      -180.27381      -42.590921       1.4116062      -180.27381       137.68289   2.0989032e-09       12.365625        12.365625                           -0       94.230979                                 94.230979
              1       59.385481      -144.35768      -57.375053       1.3805378      -144.35768       86.982623   2.0989032e-09       12.344451        12.344451                           -0       94.082061                                 94.082061
              1       60.001699      -144.35768      -57.375053       1.4334158      -144.35768       86.982623   2.0989032e-09       12.389019        12.389019                           -0        95.22536                                  95.22536
              2       58.936151      -128.35309      -8.5356561       1.3854699      -128.35309       119.81744   2.0989032e-09       12.346859        12.346859                           -0       93.178583                                 93.178583
              2       58.761305      -128.35309      -8.5356561       1.3796334      -128.35309       119.81744   2.0989032e-09       12.344048        12.344048                           -0       92.834513                                 92.834513
              6       58.408917      -128.35309      -8.5356561       1.3641108      -128.35309       119.81744   2.0989032e-09       12.339026        12.339026                           -0       92.139782                                 92.139782
              2       58.395753       -127.8133      -8.3922484       1.3634189       -127.8133       119.42105   2.0989032e-09       12.338885        12.338885                           -0       92.113735                                 92.113735
              4       58.355042       -127.8133      -8.3922484       1.3609683       -127.8133       119.42105   2.0989032e-09       12.338443        12.338443                           -0       92.033197                                 92.033197
              2       58.535487      -128.00568      -19.597016       1.3680772      -128.00568       108.40866   2.0989032e-09        12.33997         12.33997                           -0       92.391033                                 92.391033
              1       59.626411      -128.00568      -19.597016       1.4095991      -128.00568       108.40866   2.0989032e-09       12.363826        12.363826                           -0        94.52517                                  94.52517
              2        62.02163      -139.45006      -144.28203       1.4991093      -139.45006      -4.8319607   2.0989032e-09       12.502003        12.502003                           -0       99.039255                                 99.039255
              1       61.071955      -103.06321      -120.63794       1.4438716      -103.06321      -17.574726   2.0989032e-09        12.40273         12.40273                           -0       97.338451                                 97.338451
              1       62.840146      -72.727713      -145.10074       1.4249987      -72.727713      -72.373023   2.0989032e-09       12.379157        12.379157                           -0       100.92198                                 100.92198
              3       59.257122      -19.575487       -8.377209       1.2814407      -19.575487       11.198278   2.0989032e-09       12.372319        12.372319                           -0       93.769605                                 93.769605
              1       59.059004      -19.575487       -8.377209       1.3937445      -19.575487       11.198278   2.0989032e-09       12.351707        12.351707                           -0       93.414595                                 93.414595
              4       58.953146      -11.966691     -0.58864021       1.3804438      -11.966691        11.37805   2.0989032e-09       12.344409        12.344409                           -0       93.217475                                 93.217475
              7       59.193885      -11.966691     -0.58864021       1.4000469      -11.966691        11.37805   2.0989032e-09       12.356079        12.356079                           -0       93.675612                                 93.675612
              5       58.716278      -11.966691     -0.58864021       1.3695867      -11.966691        11.37805   2.0989032e-09       12.340391        12.340391                           -0       92.751773                                 92.751773
              3       58.716948      -11.966691     -0.58864021       1.3643869      -11.966691        11.37805   2.0989032e-09       12.339084        12.339084                           -0       92.755728                                 92.755728
             27       59.074008      -11.966691     -0.58864021       1.3978239      -11.966691        11.37805   2.0989032e-09        12.35447         12.35447                           -0       93.439076                                 93.439076
              1       62.368227      -31.066431      -161.81946       1.5183797      -31.066431      -130.75303   2.0989032e-09       12.547256        12.547256                           -0       99.641944                                 99.641944
              3       62.652699      -31.066431      -161.81946       1.5337883      -31.066431      -130.75303   2.0989032e-09       12.587392        12.587392                           -0       100.13062                                 100.13062
              1       62.463628      -31.066431      -161.81946       1.5243867      -31.066431      -130.75303   2.0989032e-09       12.562485        12.562485                           -0       99.802287                                 99.802287
              1       60.953232      -55.017804      -80.797817       1.4685801      -55.017804      -25.780012   2.0989032e-09       12.441557        12.441557                           -0        97.02335                                  97.02335
              1       61.686602      -95.090579      -113.01721       1.4988953      -95.090579      -17.926632   2.0989032e-09       12.501531        12.501531                           -0       98.370141                                 98.370141
              1       61.723557      -86.627734       -117.4357       1.5007666      -86.627734       -30.80797   2.0989032e-09       12.505679        12.505679                           -0       98.435755                                 98.435755
              6       61.522041      -86.627734       -117.4357       1.4937836      -86.627734       -30.80797   2.0989032e-09       12.490465        12.490465                           -0       98.063152                                 98.063152
              1       62.431969      -106.00181      -152.33536       1.5226847      -106.00181      -46.333551   2.0989032e-09       12.558115        12.558115                           -0       99.747706                                 99.747706
              1       62.122293      -106.00181      -152.33536        1.484241      -106.00181      -46.333551   2.0989032e-09       12.470842        12.470842                           -0       99.302901                                 99.302901
              3       62.642371      -118.35506      -164.62781       1.4953262      -118.35506      -46.272743   2.0989032e-09       12.493764        12.493764                           -0       100.29721                                 100.29721
              3       62.655785      -128.70043      -164.11876       1.4966453      -128.70043      -35.418332   2.0989032e-09       12.496613        12.496613                           -0       100.31834                                 100.31834
              1       61.060832       -23.99053      -129.39857       1.4539003       -23.99053      -105.40804   2.0989032e-09         12.4174          12.4174                           -0       97.286864                                 97.286864
              1       58.434491      -23.027785      -13.666138       1.3684246      -23.027785       9.3616479   2.0989032e-09       12.340064        12.340064                           -0       92.188854                                 92.188854
             20       58.133093      -23.027785      -13.666138       1.3507235      -23.027785       9.3616479   2.0989032e-09       12.337557        12.337557                           -0       91.591072                                 91.591072
              6       59.467837      -81.728243      -68.252513       1.4005784      -81.728243        13.47573   2.0989032e-09       12.356475        12.356475                           -0       94.222725                                 94.222725
              1       59.125143      -50.536886      -57.923705       1.3878556      -50.536886      -7.3868193   2.0989032e-09       12.348153        12.348153                           -0       93.553979                                 93.553979
              3       60.060762      -50.536886      -57.923705       1.4352624      -50.536886      -7.3868193   2.0989032e-09       12.391323        12.391323                           -0       95.338878                                 95.338878
              2       59.579311      -35.577434      -31.220906       1.4114573      -35.577434       4.3565279   2.0989032e-09        12.36549         12.36549                           -0       94.427643                                 94.427643
              5       58.931226      -35.577434      -31.220906       1.3877677      -35.577434       4.3565279   2.0989032e-09       12.348104        12.348104                           -0       93.166245                                 93.166245
              1       58.714578      -16.917574       -31.38579       1.3819336      -16.917574      -14.468216   2.0989032e-09       12.345096        12.345096                           -0       92.738965                                 92.738965
              5       58.488887      -16.917574       -31.38579       1.3672575      -16.917574      -14.468216   2.0989032e-09       12.339756        12.339756                           -0       92.298261                                 92.298261
              5       60.527269      -16.917574       -31.38579       1.4432615      -16.917574      -14.468216   2.0989032e-09       12.401886        12.401886                           -0       96.250767                                 96.250767
              1       61.131303      -20.202796      -40.310071       1.4506706      -20.202796      -20.107276   2.0989032e-09       12.412513        12.412513                           -0       97.437581                                 97.437581
              1       58.636646      -20.202796      -40.310071       1.3685118      -20.202796      -20.107276   2.0989032e-09       12.340088        12.340088                           -0       92.593117                                 92.593117
              1       58.628374      -17.975392      -40.265116       1.3677693      -17.975392      -22.289724   2.0989032e-09       12.339889        12.339889                           -0        92.57697                                  92.57697
              1        59.24972       -76.77886      -57.494069       1.3988057       -76.77886       19.284792   2.0989032e-09       12.355172        12.355172                           -0       93.789097                                 93.789097
             10       59.883642      -71.374901      -84.872636       1.4165974      -71.374901      -13.497735   2.0989032e-09       12.370358        12.370358                           -0       95.026568                                 95.026568
              3       59.642946      -160.69822      -49.519643       1.4188687      -160.69822       111.17858   2.0989032e-09       12.372634        12.372634                           -0       94.540625                                 94.540625
              1       61.977022      -313.11105      -115.51387       1.5040785      -313.11105       197.59718   2.0989032e-09       12.513146        12.513146                           -0       98.927752                                 98.927752
              4       60.436769      -286.42169      -7.9989583       1.4273706      -286.42169       278.42273   2.0989032e-09        12.38183         12.38183                           -0       96.109878                                 96.109878
              2       59.860354      -286.42169      -7.9989583       1.4139799      -286.42169       278.42273   2.0989032e-09        12.36783         12.36783                           -0       94.985048                                 94.985048
              1       59.881819      -288.61395      -7.8774275       1.4145161      -288.61395       280.73652   2.0989032e-09        12.36834         12.36834                           -0       95.026958                                 95.026958
              9       58.835736      -288.61395      -7.8774275       1.3803285      -288.61395       280.73652   2.0989032e-09       12.344357        12.344357                           -0       92.982758                                 92.982758
              3       58.470892      -62.628475       -18.84383       1.3240525      -62.628475       43.784645   2.0989032e-09       12.342533        12.342533                           -0       92.256717                                 92.256717
             11       59.481833      -62.628475       -18.84383       1.2954166      -62.628475       43.784645   2.0989032e-09        12.35959         12.35959                           -0       94.244487                                 94.244487
              8        59.24704      -62.628475       -18.84383       1.3490397      -62.628475       43.784645   2.0989032e-09        12.33756         12.33756                           -0       93.818959                                 93.818959
              8       58.311252      -67.317983      -20.541342        1.351447      -67.317983       46.776641   2.0989032e-09       12.337569        12.337569                           -0       91.947367                                 91.947367
              1        60.46248      -123.12175      -97.607381       1.4167092      -123.12175       25.514372   2.0989032e-09       12.370468        12.370468                           -0       96.184024                                 96.184024
              1       60.535503      -123.12175      -97.607381       1.4108764      -123.12175       25.514372   2.0989032e-09       12.364964        12.364964                           -0       96.341078                                 96.341078
              1       60.614458      -125.91741      -99.776737       1.4130568      -125.91741       26.140669   2.0989032e-09       12.366963        12.366963                           -0       96.494991                                 96.494991
              1       60.695627      -125.91741      -99.776737       1.4592835      -125.91741       26.140669   2.0989032e-09       12.425888        12.425888                           -0       96.539477                                 96.539477
              6       61.278197       -69.53017      -131.74686        1.464065       -69.53017      -62.216688   2.0989032e-09       12.433787        12.433787                           -0        97.68882                                  97.68882
              4       60.158353      -178.10127        -30.2223       1.4291238      -178.10127       147.87897   2.0989032e-09       12.383859        12.383859                           -0       95.548988                                 95.548988
              6       58.481794      -13.144782       -9.760981       1.3697165      -13.144782       3.3838014   2.0989032e-09       12.340429        12.340429                           -0        92.28273                                  92.28273
             18       58.059893      -13.144782       -9.760981       1.3484569      -13.144782       3.3838014   2.0989032e-09       12.337571        12.337571                           -0       91.444644                                 91.444644
              8       58.097953      -6.3041863      -13.994185       1.3492654      -6.3041863      -7.6899982   2.0989032e-09       12.337557        12.337557                           -0       91.520792                                 91.520792
              3       59.137315       -119.2265      -40.259994       1.3978265       -119.2265        78.96651   2.0989032e-09       12.354472        12.354472                           -0       93.565687                                 93.565687
             13       58.884218      -90.639143      -35.456951       1.3867216      -90.639143       55.182192   2.0989032e-09       12.347527        12.347527                           -0       93.073381                                 93.073381
              8        61.90181      -26.556783      -142.21682       1.4375027      -26.556783      -115.66003   2.0989032e-09       12.394186        12.394186                           -0       99.015247                                 99.015247
              1       59.411883      -34.186949      -67.207133       1.3744357      -34.186949      -33.020184   2.0989032e-09        12.34197         12.34197                           -0       94.139826                                 94.139826
              1       59.416733      -34.186949      -67.207133       1.4084169      -34.186949      -33.020184   2.0989032e-09       12.362794        12.362794                           -0       94.107879                                 94.107879
             11       58.769431      -146.83816      -14.387008       1.3808889      -146.83816       132.45116   2.0989032e-09        12.34461         12.34461                           -0       92.849642                                 92.849642
              3       58.776129       -175.8179       -7.914668       1.3799039       -175.8179       167.90324   2.0989032e-09       12.344168        12.344168                           -0       92.863923                                 92.863923
             34       59.233633       -175.8179       -7.914668        1.400261       -175.8179       167.90324   2.0989032e-09       12.356238        12.356238                           -0       93.754789                                 93.754789
              2       59.430648      -175.86583      -7.9012047        1.400257      -175.86583       167.96463   2.0989032e-09       12.356235        12.356235                           -0       94.148825                                 94.148825
              4       59.456959      -175.34809      -9.7842815       1.4017889      -175.34809        165.5638   2.0989032e-09       12.357391        12.357391                           -0       94.199136                                 94.199136
              6       59.477601      -173.13717      -11.840489       1.4032027      -173.13717       161.29669   2.0989032e-09       12.358489        12.358489                           -0       94.238223                                 94.238223
              4       59.255962      -153.51925      -3.8969602       1.3933095      -153.51925       149.62229   2.0989032e-09       12.351427        12.351427                           -0       93.809069                                 93.809069
              4       58.233942      -153.51925      -3.8969602       1.3521535      -153.51925       149.62229   2.0989032e-09       12.337588        12.337588                           -0       91.792709                                 91.792709
              5       58.222818      -162.19328      -1.8922012       1.3518009      -162.19328       160.30108   2.0989032e-09       12.337577        12.337577                           -0       91.770481                                 91.770481
              1       58.795317      -162.19328      -1.8922012       1.3553095      -162.19328       160.30108   2.0989032e-09       12.337762        12.337762                           -0       92.915111                                 92.915111
              3        58.72976       -12.24846      -45.760753        1.369299       -12.24846      -33.512293   2.0989032e-09       12.340308        12.340308                           -0       92.778905                                 92.778905
              5       58.560198      -95.975619      -28.130835       1.3646953      -95.975619       67.844784   2.0989032e-09       12.339151        12.339151                           -0       92.442095                                 92.442095
              1       58.304182      -96.667752      -15.669804       1.3542759      -96.667752       80.997947   2.0989032e-09       12.337689        12.337689                           -0       91.932987                                 91.932987
              1       58.284377      -96.667752      -15.669804       1.3510026      -96.667752       80.997947   2.0989032e-09       12.337561        12.337561                           -0       91.893632                                 91.893632
              3       58.331856      -38.251402      -24.909862       1.3516349      -38.251402        13.34154   2.0989032e-09       12.337573        12.337573                           -0       91.988565                                 91.988565
              1       58.363705      -38.251402      -24.909862       1.3585055      -38.251402        13.34154   2.0989032e-09       12.338088        12.338088                           -0       92.051233                                 92.051233
              1       58.515087      -128.73035      -20.208121       1.3656271      -128.73035       108.52223   2.0989032e-09        12.33936         12.33936                           -0       92.351455                                 92.351455
              2       58.828209      -128.73035      -20.208121       1.3230421      -128.73035       108.52223   2.0989032e-09       12.342929        12.342929                           -0       92.970561                                 92.970561
              4       58.868511      -129.83914      -21.832271       1.3245471      -129.83914       108.00686   2.0989032e-09       12.342345        12.342345                           -0       93.052333                                 93.052333
              4        59.21584      -129.83914      -21.832271       1.3140819      -129.83914       108.00686   2.0989032e-09       12.347096        12.347096                           -0       93.737489                                 93.737489
              3       59.054316      -201.96408      -13.252423       1.3156857      -201.96408       188.71166   2.0989032e-09       12.346262        12.346262                           -0       93.416108                                 93.416108
              3       58.549137      -201.96408      -13.252423       1.3657677      -201.96408       188.71166   2.0989032e-09       12.339392        12.339392                           -0        92.41949                                  92.41949
              7       58.488291     -0.94017263      -36.084761       1.3603864     -0.94017263      -35.144589   2.0989032e-09       12.338351        12.338351                           -0       92.299879                                 92.299879
             25       59.542511      -284.78556      -47.727692       1.4049761      -284.78556       237.05787   2.0989032e-09       12.359908        12.359908                           -0       94.365205                                 94.365205
              2       59.544418      -148.16595      -64.208776       1.4021312      -148.16595       83.957172   2.0989032e-09       12.357654        12.357654                           -0       94.373527                                 94.373527
              3       60.268515      -148.16595      -64.208776       1.3561341      -148.16595       83.957172   2.0989032e-09       12.337832        12.337832                           -0       95.861367                                 95.861367
              3       58.569684       -38.40875      -8.5723126       1.2994497       -38.40875       29.836438   2.0989032e-09       12.356454        12.356454                           -0        92.42646                                  92.42646
             30       58.877918      -103.71099      -19.085384       1.3156606      -103.71099       84.625607   2.0989032e-09       12.346275        12.346275                           -0       93.063285                                 93.063285
              1       58.822562      -45.179833      -18.532475       1.3080081      -45.179833       26.647357   2.0989032e-09       12.350596        12.350596                           -0       92.943933                                 92.943933
             21       60.180558      -45.179833      -18.532475       1.4194218      -45.179833       26.647357   2.0989032e-09         12.3732          12.3732                           -0       95.614716                                 95.614716
              1       63.743541      -45.179833      -18.532475       1.4794007      -45.179833       26.647357   2.0989032e-09       12.461403        12.461403                           -0       102.56428                                 102.56428
              4       63.813386      -58.011369       -30.97323       1.4906305      -58.011369       27.038139   2.0989032e-09       12.483832        12.483832                           -0       102.65911                                 102.65911
              2       64.357039      -96.894617      -118.36515       1.5631899      -96.894617      -21.470533   2.0989032e-09       12.673722        12.673722                           -0       103.36664                                 103.36664
              1       64.722046      -220.74646      -90.808104       1.5571086      -220.74646       129.93836   2.0989032e-09       12.654816        12.654816                           -0       104.13446                                 104.13446
              2       60.958143      -220.74646      -90.808104       1.4698598      -220.74646       129.93836   2.0989032e-09       12.443813        12.443813                           -0       97.028658                                 97.028658
              3       61.117313      -196.17866      -101.78987       1.4755265      -196.17866       94.388789   2.0989032e-09       12.454098        12.454098                           -0       97.326429                                 97.326429
              1       60.883069      -157.72691      -98.185973       1.4677528      -157.72691       59.540933   2.0989032e-09        12.44011         12.44011                           -0       96.885917                                 96.885917
              1       60.831841      -160.84265       -95.44567       1.4659554      -160.84265        65.39698   2.0989032e-09       12.437003        12.437003                           -0       96.789676                                 96.789676
              4       61.012958      -135.58681      -107.10988       1.4720809      -135.58681       28.476931   2.0989032e-09       12.447788        12.447788                           -0       97.130339                                 97.130339
              6       61.018516      -273.38003      -84.123341        1.471201      -273.38003       189.25669   2.0989032e-09       12.446205        12.446205                           -0       97.144623                                 97.144623
              1       60.303081      -23.010454      -94.451698       1.4476351      -23.010454      -71.441244   2.0989032e-09       12.408061        12.408061                           -0        95.79004                                  95.79004
              6       60.227369      -21.959313       -91.22993       1.4449226      -21.959313      -69.270617   2.0989032e-09       12.404198        12.404198                           -0       95.646344                                 95.646344
              1       59.930649      -38.229736      -74.395219       1.4335159      -38.229736      -36.165483   2.0989032e-09       12.389143        12.389143                           -0       95.083013                                 95.083013
              7        59.95666      -183.07752      -46.453349       1.4295664      -183.07752       136.62417   2.0989032e-09       12.384379        12.384379                           -0       95.144563                                 95.144563
              1       60.631319      -236.79357      -72.024316       1.4568645      -236.79357       164.76925   2.0989032e-09       12.422021        12.422021                           -0       96.418596                                 96.418596
              1        60.70792      -83.322309      -102.55795       1.4617921      -83.322309      -19.235636   2.0989032e-09        12.42999         12.42999                           -0       96.555859                                 96.555859
              1       60.420911      -83.322309      -102.55795       1.4305871      -83.322309      -19.235636   2.0989032e-09       12.385588        12.385588                           -0       96.070646                                 96.070646
             12       61.364491      -39.772265      -135.33495       1.4512864      -39.772265       -95.56268   2.0989032e-09       12.413433        12.413433                           -0       97.902116                                 97.902116
              4       59.752259      -208.54283      -63.549318       1.4152837      -208.54283       144.99351   2.0989032e-09       12.369077        12.369077                           -0       94.766365                                 94.766365
              2       59.333368      -345.04796      -23.768547       1.4007971      -345.04796       321.27942   2.0989032e-09       12.356639        12.356639                           -0       93.953459                                 93.953459
              2       59.205832      -345.04796      -23.768547       1.3934099      -345.04796       321.27942   2.0989032e-09       12.351491        12.351491                           -0       93.708682                                 93.708682
              1       58.482801      -158.40152      -14.766934       1.3640305      -158.40152       143.63459   2.0989032e-09       12.339009        12.339009                           -0       92.287583                                 92.287583
              4       58.716192      -158.40152      -14.766934       1.3783553      -158.40152       143.63459   2.0989032e-09         12.3435          12.3435                           -0       92.745384                                 92.745384
              1       58.212459      -51.405643      -4.5234307       1.3570551      -51.405643       46.882212   2.0989032e-09       12.337921        12.337921                           -0       91.749075                                 91.749075
              6       59.186859      -160.76588      -37.915234       1.3989296      -160.76588       122.85065   2.0989032e-09       12.355261        12.355261                           -0       93.663195                                 93.663195
              1       59.367846      -160.76588      -37.915234       1.4072465      -160.76588       122.85065   2.0989032e-09       12.361793        12.361793                           -0       94.012108                                 94.012108
              3       59.234493      -122.93426      -37.349615       1.4023957      -122.93426       85.584649   2.0989032e-09       12.357859        12.357859                           -0       93.753268                                 93.753268
              2       60.888098      -122.93426      -37.349615       1.4478489      -122.93426       85.584649   2.0989032e-09        12.40837         12.40837                           -0       96.959456                                 96.959456
              6       59.568296      -122.93426      -37.349615       1.4144697      -122.93426       85.584649   2.0989032e-09       12.368296        12.368296                           -0       94.400002                                 94.400002
              1       60.649182      -122.93426      -37.349615       1.3064361      -122.93426       85.584649   2.0989032e-09        12.35159         12.35159                           -0       96.595183                                 96.595183
              1        60.83096       -79.60887      -44.170113       1.3074309       -79.60887       35.438758   2.0989032e-09       12.350957        12.350957                           -0       96.960007                                 96.960007
              1       60.010967      -24.595846      -7.3977408       1.2688474      -24.595846       17.198105   2.0989032e-09       12.386264        12.386264                           -0       95.249405                                 95.249405
              1       60.792418      -24.595846      -7.3977408       1.2588883      -24.595846       17.198105   2.0989032e-09       12.398954        12.398954                           -0       96.786929                                 96.786929
              5       60.683285       -288.5553      -13.783062       1.2948725       -288.5553       274.77224   2.0989032e-09       12.360031        12.360031                           -0       96.646506                                 96.646506
              4       60.488648      -293.85111      -5.4963984       1.2882143      -293.85111       288.35471   2.0989032e-09       12.365789        12.365789                           -0       96.245717                                 96.245717
              7       58.664834      -293.85111      -5.4963984       1.3329965      -293.85111       288.35471   2.0989032e-09       12.339692        12.339692                           -0       92.650285                                 92.650285
              5       58.795649      -280.84928        -12.2466       1.3374202      -280.84928       268.60268   2.0989032e-09       12.338724        12.338724                           -0       92.913851                                 92.913851
              1       59.551092      -46.271599      -62.561014       1.3592021      -46.271599      -16.289415   2.0989032e-09        12.33818         12.33818                           -0       94.425824                                 94.425824
              1       59.353609      -33.812446      -56.416189       1.3526584      -33.812446      -22.603743   2.0989032e-09       12.337606        12.337606                           -0       94.032006                                 94.032006
              1       58.948655      -42.929851      -39.767683       1.3389796      -42.929851        3.162168   2.0989032e-09       12.338452        12.338452                           -0       93.220408                                 93.220408
              1       59.057324      -89.999728      -40.122088       1.3437359      -89.999728        49.87764   2.0989032e-09       12.337844        12.337844                           -0       93.438961                                 93.438961
              5        58.81538      -89.999728      -40.122088       1.3612738      -89.999728        49.87764   2.0989032e-09       12.338493        12.338493                           -0       92.953773                                 92.953773
              1       58.767659      -208.96851      -25.802543       1.3600067      -208.96851       183.16596   2.0989032e-09       12.338294        12.338294                           -0       92.858731                                 92.858731
              3        58.76286      -208.96851      -25.802543       1.3665256      -208.96851       183.16596   2.0989032e-09       12.339573        12.339573                           -0       92.846573                                 92.846573
             25       58.843871      -343.09961      -14.485678       1.3693133      -343.09961       328.61393   2.0989032e-09       12.340312        12.340312                           -0       93.007117                                 93.007117
              6       58.969264      -283.13932      -26.813636       1.3744155      -283.13932       256.32568   2.0989032e-09       12.341962        12.341962                           -0       93.254603                                 93.254603
             13       59.715374      -302.74177      -54.778586       1.4006908      -302.74177       247.96319   2.0989032e-09       12.356559        12.356559                           -0        94.71763                                  94.71763
              1       59.832644      -289.17157      -60.602448       1.4044951      -289.17157       228.56912   2.0989032e-09       12.359519        12.359519                           -0       94.946251                                 94.946251
              1       59.241773      -212.82671      -45.796343       1.3843518      -212.82671       167.03036   2.0989032e-09       12.346281        12.346281                           -0       93.790984                                 93.790984
              3       59.261998      -212.82671      -45.796343       1.3767722      -212.82671       167.03036   2.0989032e-09       12.342855        12.342855                           -0       93.838287                                 93.838287
              5       58.758769      -171.60457      -29.112398       1.3583069      -171.60457       142.49217   2.0989032e-09       12.338064        12.338064                           -0        92.84141                                  92.84141
              3       58.634638      -222.60023      -18.274158       1.3529167      -222.60023       204.32607   2.0989032e-09       12.337616        12.337616                           -0       92.594043                                 92.594043
              2       58.903197      -241.80722      -27.864765       1.3630722      -241.80722       213.94245   2.0989032e-09       12.338817        12.338817                           -0       93.128759                                 93.128759
              8       58.506071      -128.53486       -22.55277        1.348855      -128.53486       105.98209   2.0989032e-09       12.337563        12.337563                           -0       92.337017                                 92.337017
              1        61.13988      -255.35443      -104.92796       1.4328882      -255.35443       150.42647   2.0989032e-09        12.38837         12.38837                           -0        97.50302                                  97.50302
              1       61.698983      -6.1293303      -144.21749       1.4470399      -6.1293303      -138.08816   2.0989032e-09       12.407204        12.407204                           -0       98.583559                                 98.583559
              4       61.711073      -6.1293303      -144.21749       1.4976672      -6.1293303      -138.08816   2.0989032e-09       12.498837        12.498837                           -0       98.424471                                 98.424471
              5       60.746613      -212.25702      -84.773334       1.4619449      -212.25702       127.48368   2.0989032e-09       12.430243        12.430243                           -0        96.63274                                  96.63274
              2       59.629123      -143.09464       -41.44349       1.4175374      -143.09464       101.65115   2.0989032e-09       12.371291        12.371291                           -0       94.515665                                 94.515665
              2       58.932576      -73.695121      -12.871323       1.3862627      -73.695121       60.823798   2.0989032e-09        12.34728         12.34728                           -0       93.170592                                 93.170592
             21       59.002532      -73.695121      -12.871323       1.3883947      -73.695121       60.823798   2.0989032e-09       12.348457        12.348457                           -0        93.30815                                  93.30815
             13       59.050747      -110.30017      -10.725663       1.3895469      -110.30017       99.574503   2.0989032e-09       12.349121        12.349121                           -0       93.403251                                 93.403251
              9       60.400218      -110.30017      -10.725663       1.4494355      -110.30017       99.574503   2.0989032e-09       12.410685        12.410685                           -0       95.979065                                 95.979065
