#        weight    minuslogpost          a_samp               s       shmr_beta           a_exo           b_exo             A_s   minuslogprior minuslogprior__0 minuslogprior__h2_positivity            chi2 chi2__jwst_likelihood_uvlf.UVLFLikelihood
              4       85.526348      -24.961657      -214.64438            1.35      -24.961657      -189.68272   2.0989032e-09       12.337553        12.337553                           -0       146.37759                                 146.37759
              1       67.129469      -2.7666506      -137.40964            1.35      -2.7666506      -134.64299   2.0989032e-09       12.337553        12.337553                           -0       109.58383                                 109.58383
              1       64.061567       -7.725133      -114.61087            1.35       -7.725133      -106.88574   2.0989032e-09       12.337553        12.337553                           -0       103.44803                                 103.44803
              1       61.305689       -7.725133      -114.61087        1.487371       -7.725133      -106.88574   2.0989032e-09        12.47713         12.47713                           -0       97.657118                                 97.657118
              1       61.550646      -10.188245      -91.968859        1.487371      -10.188245      -81.780614   2.0989032e-09        12.47713         12.47713                           -0       98.147032                                 98.147032
              2       61.359144      -18.037065      -105.63021        1.487371      -18.037065      -87.593144   2.0989032e-09        12.47713         12.47713                           -0       97.764027                                 97.764027
              2       61.325379      -14.411832      -110.32299        1.487371      -14.411832      -95.911161   2.0989032e-09        12.47713         12.47713                           -0       97.696498                                 97.696498
              1       61.576268     -0.59596925        -91.1275        1.487371     -0.59596925      -90.531531   2.0989032e-09        12.47713         12.47713                           -0       98.198276                                 98.198276
              3       63.730959      -5.7248627      -32.063561        1.487371      -5.7248627      -26.338698   2.0989032e-09        12.47713         12.47713                           -0       102.50766                                 102.50766
              2       58.427428      -5.7248627      -32.063561       1.3607418      -5.7248627      -26.338698   2.0989032e-09       12.338407        12.338407                           -0       92.178043                                 92.178043
              2       58.310092      -8.2051436      -22.231641       1.3607418      -8.2051436      -14.026497   2.0989032e-09       12.338407        12.338407                           -0       91.943371                                 91.943371
              8       58.848839      -14.781878      -48.777256       1.3607418      -14.781878      -33.995378   2.0989032e-09       12.338407        12.338407                           -0       93.020865                                 93.020865
              4       60.137281      -5.1505684      -77.947162       1.3607418      -5.1505684      -72.796593   2.0989032e-09       12.338407        12.338407                           -0       95.597748                                 95.597748
              1       59.885473       -3.280828      -73.782277       1.3607418       -3.280828      -70.501449   2.0989032e-09       12.338407        12.338407                           -0       95.094133                                 95.094133
              3       60.087417     -0.58742652      -77.535013       1.3607418     -0.58742652      -76.947586   2.0989032e-09       12.338407        12.338407                           -0        95.49802                                  95.49802
              1       59.489608     -0.58742652      -77.535013       1.3935584     -0.58742652      -76.947586   2.0989032e-09       12.351587        12.351587                           -0       94.276043                                 94.276043
              7       59.039963      -6.2790329      -54.707841       1.3935584      -6.2790329      -48.428808   2.0989032e-09       12.351587        12.351587                           -0       93.376752                                 93.376752
              1       58.976309      -17.209865      -43.108288       1.3935584      -17.209865      -25.898423   2.0989032e-09       12.351587        12.351587                           -0       93.249445                                 93.249445
              7       58.894989      -17.209865      -43.108288        1.343223      -17.209865      -25.898423   2.0989032e-09       12.337893        12.337893                           -0       93.114193                                 93.114193
              2       58.498832      -18.198933       -32.16243        1.343223      -18.198933      -13.963496   2.0989032e-09       12.337893        12.337893                           -0       92.321879                                 92.321879
              5        58.03335      -26.570846      -10.108444        1.343223      -26.570846       16.462402   2.0989032e-09       12.337893        12.337893                           -0       91.390914                                 91.390914
              3       59.249723      -10.928432      -51.481571        1.343223      -10.928432      -40.553139   2.0989032e-09       12.337893        12.337893                           -0       93.823659                                 93.823659
              2       58.216298      -17.990044      -21.591958        1.343223      -17.990044       -3.601914   2.0989032e-09       12.337893        12.337893                           -0       91.756811                                 91.756811
              3       59.355976      -17.990044      -21.591958        1.408109      -17.990044       -3.601914   2.0989032e-09       12.362529        12.362529                           -0       93.986894                                 93.986894
              2       59.630412      -16.277625       -22.18939        1.408109      -16.277625      -5.9117647   2.0989032e-09       12.362529        12.362529                           -0       94.535767                                 94.535767
              5       60.012154      -16.277625       -22.18939       1.2853366      -16.277625      -5.9117647   2.0989032e-09       12.368481        12.368481                           -0       95.287347                                 95.287347
              2       58.505778      -16.277625       -22.18939       1.3202609      -16.277625      -5.9117647   2.0989032e-09       12.344095        12.344095                           -0       92.323367                                 92.323367
              3       58.664568      -16.277625       -22.18939       1.3761986      -16.277625      -5.9117647   2.0989032e-09        12.34263         12.34263                           -0       92.643876                                 92.643876
              2       59.676362      -16.277625       -22.18939       1.4024405      -16.277625      -5.9117647   2.0989032e-09       12.357894        12.357894                           -0       94.636936                                 94.636936
             14       57.957465      -16.277625       -22.18939       1.3321793      -16.277625      -5.9117647   2.0989032e-09       12.339902        12.339902                           -0       91.235126                                 91.235126
              5       58.254354      -37.683871      -19.326364        1.354356      -37.683871       18.357508   2.0989032e-09       12.337694        12.337694                           -0       91.833321                                 91.833321
              8        58.10342      -22.026352      -15.140843       1.3342713      -22.026352       6.8855093   2.0989032e-09       12.339383        12.339383                           -0       91.528074                                 91.528074
              4        58.47252      -56.278834      -9.3966342       1.3690411      -56.278834         46.8822   2.0989032e-09       12.340235        12.340235                           -0       92.264569                                 92.264569
              1        58.61624      -38.913249      -37.397871       1.3668492      -38.913249       1.5153779   2.0989032e-09       12.339653        12.339653                           -0       92.553174                                 92.553174
              3       58.658819      -38.913249      -37.397871       1.3736062      -38.913249       1.5153779   2.0989032e-09       12.341675        12.341675                           -0       92.634287                                 92.634287
              3       58.589271      -1.2321102      -28.808929       1.3261837      -1.2321102      -27.576818   2.0989032e-09       12.341749        12.341749                           -0       92.495044                                 92.495044
              1        58.98987      -1.2321102      -28.808929       1.3126011      -1.2321102      -27.576818   2.0989032e-09       12.347899        12.347899                           -0       93.283943                                 93.283943
              1       59.065928      -1.6594656      -31.605747       1.3147997      -1.6594656      -29.946281   2.0989032e-09       12.346718        12.346718                           -0        93.43842                                  93.43842
              2       58.444168      -1.6594656      -31.605747       1.3417545      -1.6594656      -29.946281   2.0989032e-09       12.338056        12.338056                           -0       92.212224                                 92.212224
              1         58.4931      -32.634317      -22.612657       1.3708601      -32.634317        10.02166   2.0989032e-09       12.340772        12.340772                           -0       92.304656                                 92.304656
              4       59.248756      -32.634317      -22.612657        1.301606      -32.634317        10.02166   2.0989032e-09       12.354876        12.354876                           -0        93.78776                                  93.78776
              2       59.718574       -49.01071      -54.261305       1.3393912       -49.01071       -5.250595   2.0989032e-09       12.338386        12.338386                           -0       94.760376                                 94.760376
             21       58.100741      -72.667959      -9.8429611       1.3385184      -72.667959       62.824997   2.0989032e-09       12.338528        12.338528                           -0       91.524425                                 91.524425
              2       58.246657      -59.346853      -18.405212       1.3426488      -59.346853       40.941641   2.0989032e-09       12.337953        12.337953                           -0       91.817408                                 91.817408
              6       58.158201      -85.787556      -11.222583       1.3416841      -85.787556       74.564973   2.0989032e-09       12.338065        12.338065                           -0       91.640272                                 91.640272
              1       58.415456      -85.867413      -23.645967       1.3508557      -85.867413       62.221446   2.0989032e-09       12.337559        12.337559                           -0       92.155794                                 92.155794
              3       59.563057      -85.867413      -23.645967        1.408813      -85.867413       62.221446   2.0989032e-09       12.363137        12.363137                           -0       94.399839                                 94.399839
              2       59.436855      -85.867413      -23.645967        1.405381      -85.867413       62.221446   2.0989032e-09       12.360239        12.360239                           -0       94.153232                                 94.153232
              1       59.926351      -101.65049      -53.891092       1.4302626      -101.65049       47.759394   2.0989032e-09       12.385202        12.385202                           -0       95.082299                                 95.082299
              1       59.719383      -68.192564      -51.190655       1.4227922      -68.192564       17.001908   2.0989032e-09       12.376745        12.376745                           -0       94.685276                                 94.685276
              1       59.092356      -68.192564      -51.190655       1.3626766      -68.192564       17.001908   2.0989032e-09       12.338742        12.338742                           -0       93.507229                                 93.507229
              1       58.610216      -46.824497      -33.808802       1.3463631      -46.824497       13.015695   2.0989032e-09       12.337651        12.337651                           -0        92.54513                                  92.54513
             11       58.579899      -46.824497      -33.808802       1.3683262      -46.824497       13.015695   2.0989032e-09       12.340037        12.340037                           -0       92.479724                                 92.479724
              6       58.610488      -44.367012      -35.685774       1.3693074      -44.367012       8.6812382   2.0989032e-09       12.340311        12.340311                           -0       92.540356                                 92.540356
              4       59.774291      -44.367012      -35.685774       1.3939173      -44.367012       8.6812382   2.0989032e-09       12.351819        12.351819                           -0       94.844944                                 94.844944
              3       59.012157      -46.067496      -36.101529       1.3945023      -46.067496       9.9659676   2.0989032e-09       12.352202        12.352202                           -0        93.31991                                  93.31991
              4       58.512167      -36.942652      -5.3610793       1.3696803      -36.942652       31.581573   2.0989032e-09       12.340418        12.340418                           -0       92.343499                                 92.343499
              1       58.519875      -36.942652      -5.3610793       1.3699535      -36.942652       31.581573   2.0989032e-09       12.340498        12.340498                           -0       92.358754                                 92.358754
             10       59.448789      -30.642399      -66.501614       1.4115246      -30.642399      -35.859215   2.0989032e-09       12.365551        12.365551                           -0       94.166476                                 94.166476
              2         61.1749      -111.37069      -119.35059       1.4749439      -111.37069      -7.9798992   2.0989032e-09       12.453019        12.453019                           -0       97.443761                                 97.443761
              4       61.072291      -111.37069      -119.35059       1.4414218      -111.37069      -7.9798992   2.0989032e-09       12.399372        12.399372                           -0       97.345836                                 97.345836
              1       61.078749      -107.44599      -119.66108       1.4403913      -107.44599      -12.215095   2.0989032e-09       12.397987        12.397987                           -0       97.361525                                 97.361525
              1       58.695594      -63.317037      -38.525772       1.3684833      -63.317037       24.791265   2.0989032e-09        12.34008         12.34008                           -0       92.711027                                 92.711027
              5       58.590037      -136.30388      -12.170657       1.3729772      -136.30388       124.13323   2.0989032e-09       12.341458        12.341458                           -0       92.497157                                 92.497157
              5       59.138547      -136.30388      -12.170657        1.360494      -136.30388       124.13323   2.0989032e-09       12.338368        12.338368                           -0       93.600358                                 93.600358
              1       59.307772      -219.54884      -39.850347       1.4016478      -219.54884       179.69849   2.0989032e-09       12.357283        12.357283                           -0       93.900977                                 93.900977
              1       61.207564      -219.54884      -39.850347       1.3124176      -219.54884       179.69849   2.0989032e-09          12.348           12.348                           -0       97.719127                                 97.719127
              9       61.045095      -219.54884      -39.850347       1.3148329      -219.54884       179.69849   2.0989032e-09       12.346701        12.346701                           -0       97.396788                                 97.396788
             12       61.749172      -335.36319      -77.208546       1.3713468      -335.36319       258.15464   2.0989032e-09       12.340924        12.340924                           -0       98.816497                                 98.816497
              1       61.542151      -204.09534      -47.002511        1.315107      -204.09534       157.09283   2.0989032e-09       12.346559        12.346559                           -0       98.391184                                 98.391184
              3       59.730813      -204.09534      -47.002511       1.4214405      -204.09534       157.09283   2.0989032e-09       12.375303        12.375303                           -0        94.71102                                  94.71102
              1       59.311654      -204.09534      -47.002511       1.3975328      -204.09534       157.09283   2.0989032e-09       12.354265        12.354265                           -0       93.914778                                 93.914778
              1       60.468253      -337.36788      -66.449306       1.4474067      -337.36788       270.91857   2.0989032e-09       12.407731        12.407731                           -0       96.121043                                 96.121043
              1       60.803064      -337.36788      -66.449306       1.3756101      -337.36788       270.91857   2.0989032e-09       12.342404        12.342404                           -0       96.921318                                 96.921318
              5       61.284269      -186.96428      -53.110535       1.3248676      -186.96428       133.85374   2.0989032e-09       12.342225        12.342225                           -0       97.884087                                 97.884087
              5       60.899203      -192.71698      -45.727023       1.3217258      -192.71698       146.98995   2.0989032e-09       12.343466        12.343466                           -0       97.111474                                 97.111474
              3        59.90362      -207.56609      -23.996573       1.3118956      -207.56609       183.56952   2.0989032e-09       12.348293        12.348293                           -0       95.110655                                 95.110655
              9        59.45768      -207.56609      -23.996573        1.407623      -207.56609       183.56952   2.0989032e-09       12.362113        12.362113                           -0       94.191135                                 94.191135
              6       60.986074      -336.03444      -57.039888       1.4649051      -336.03444       278.99455   2.0989032e-09        12.43521         12.43521                           -0       97.101728                                 97.101728
              6       60.647747      -208.42649      -93.225318       1.4524398      -208.42649       115.20118   2.0989032e-09       12.415171        12.415171                           -0       96.465151                                 96.465151
              4       60.493309       -189.5655      -90.924434       1.4456721       -189.5655       98.641069   2.0989032e-09       12.405254        12.405254                           -0        96.17611                                  96.17611
              1       61.047982       -203.6681      -109.74549       1.4617433       -203.6681       93.922616   2.0989032e-09        12.42991         12.42991                           -0       97.236145                                 97.236145
              2       61.019853       -203.6681      -109.74549       1.4469482       -203.6681       93.922616   2.0989032e-09       12.407072        12.407072                           -0       97.225561                                 97.225561
              5       59.845072      -107.81376      -78.841156       1.4001841      -107.81376       28.972607   2.0989032e-09       12.356181        12.356181                           -0       94.977783                                 94.977783
              4        59.85918      -107.81376      -78.841156       1.4200383      -107.81376       28.972607   2.0989032e-09       12.373836        12.373836                           -0       94.970688                                 94.970688
              2       59.138444      -98.453947      -46.905991       1.3968523      -98.453947       51.547956   2.0989032e-09        12.35379         12.35379                           -0       93.569309                                 93.569309
              2       59.353646      -98.453947      -46.905991       1.4008827      -98.453947       51.547956   2.0989032e-09       12.356703        12.356703                           -0       93.993886                                 93.993886
              2       58.599242      -77.806844      -15.540927       1.3749003      -77.806844       62.265918   2.0989032e-09       12.342139        12.342139                           -0       92.514206                                 92.514206
              2       58.862986      -95.998078      -25.787439       1.3865964      -95.998078       70.210639   2.0989032e-09       12.347459        12.347459                           -0       93.031054                                 93.031054
              8       58.495116      -95.998078      -25.787439       1.3501067      -95.998078       70.210639   2.0989032e-09       12.337553        12.337553                           -0       92.315125                                 92.315125
              1       59.472356      -57.058934      -61.227129       1.3620124      -57.058934      -4.1681948   2.0989032e-09       12.338621        12.338621                           -0        94.26747                                  94.26747
              3       61.125218      -57.058934      -61.227129       1.4639221      -57.058934      -4.1681948   2.0989032e-09       12.433546        12.433546                           -0       97.383343                                 97.383343
              1       61.221314      -63.839168      -65.061632       1.4682745      -63.839168      -1.2224633   2.0989032e-09       12.441021        12.441021                           -0       97.560586                                 97.560586
              3       61.670846       -202.4431       -38.87715       1.4676518       -202.4431       163.56595   2.0989032e-09       12.439935        12.439935                           -0       98.461823                                 98.461823
              8       61.248245       -202.4431       -38.87715       1.4799784       -202.4431       163.56595   2.0989032e-09       12.462512        12.462512                           -0       97.571466                                 97.571466
              1       62.516979      -216.96102      -46.552552       1.4888393      -216.96102       170.40847   2.0989032e-09        12.48013         12.48013                           -0        100.0737                                  100.0737
              5       59.282497      -216.96102      -46.552552        1.379701      -216.96102       170.40847   2.0989032e-09       12.344078        12.344078                           -0       93.876837                                 93.876837
              6       59.669245      -278.28135       -55.48073       1.3970005      -278.28135       222.80062   2.0989032e-09       12.353892        12.353892                           -0       94.630704                                 94.630704
             17       59.809747      -280.24008       -60.52363       1.4016295      -280.24008       219.71645   2.0989032e-09       12.357269        12.357269                           -0       94.904956                                 94.904956
              2       59.052791      -219.63122      -37.020644       1.3719543      -219.63122       182.61057   2.0989032e-09       12.341118        12.341118                           -0       93.423344                                 93.423344
              3       59.475456      -94.786976      -62.930454        1.374507      -94.786976       31.856522   2.0989032e-09       12.341996        12.341996                           -0        94.26692                                  94.26692
              4       59.579201      -94.786976      -62.930454        1.416261      -94.786976       31.856522   2.0989032e-09       12.370028        12.370028                           -0       94.418346                                 94.418346
              2       59.466367      -114.77496      -54.186102       1.4119144      -114.77496       60.588858   2.0989032e-09       12.365907        12.365907                           -0        94.20092                                  94.20092
              1       60.393826      -320.62274      -55.592114       1.4455133      -320.62274       265.03063   2.0989032e-09        12.40503         12.40503                           -0       95.977593                                 95.977593
              2       60.887538      -327.77577      -76.926458        1.464918      -327.77577       250.84931   2.0989032e-09       12.435232        12.435232                           -0       96.904612                                 96.904612
              3       60.726614      -327.77577      -76.926458       1.4574955      -327.77577       250.84931   2.0989032e-09       12.423021        12.423021                           -0       96.607184                                 96.607184
              1       59.625531      -256.11909      -41.391978       1.4157733      -256.11909       214.72711   2.0989032e-09       12.369551        12.369551                           -0        94.51196                                  94.51196
              1       59.449685      -296.20209      -23.966092       1.4071507      -296.20209         272.236   2.0989032e-09       12.361712        12.361712                           -0       94.175946                                 94.175946
             21       59.845627      -296.20209      -23.966092       1.4202844      -296.20209         272.236   2.0989032e-09       12.374091        12.374091                           -0       94.943073                                 94.943073
              1       59.035862      -296.20209      -23.966092       1.3538486      -296.20209         272.236   2.0989032e-09       12.337663        12.337663                           -0       93.396397                                 93.396397
              4       58.950991      -296.20209      -23.966092       1.3632567      -296.20209         272.236   2.0989032e-09       12.338853        12.338853                           -0       93.224276                                 93.224276
              1       58.934687      -76.849018      -41.996486       1.3515818      -76.849018       34.852532   2.0989032e-09       12.337572        12.337572                           -0        93.19423                                  93.19423
              5       58.909115      -76.849018      -41.996486       1.3533818      -76.849018       34.852532   2.0989032e-09       12.337638        12.337638                           -0       93.142955                                 93.142955
             16        58.98476      -121.62511      -41.424993       1.3583858      -121.62511       80.200121   2.0989032e-09       12.338073        12.338073                           -0       93.293373                                 93.293373
              3       58.742905      -89.239299       -34.22346       1.3483474      -89.239299       55.015839   2.0989032e-09       12.337574        12.337574                           -0       92.810663                                 92.810663
              1       58.754752      -89.239299       -34.22346        1.378817      -89.239299       55.015839   2.0989032e-09       12.343695        12.343695                           -0       92.822113                                 92.822113
              2       59.747034      -51.955494      -81.494513       1.4140972      -51.955494      -29.539019   2.0989032e-09       12.367941        12.367941                           -0       94.758185                                 94.758185
             15       59.924639      -51.955494      -81.494513       1.3848642      -51.955494      -29.539019   2.0989032e-09       12.346544        12.346544                           -0       95.156191                                 95.156191
              1       59.843264      -3.1192133      -82.228267       1.3794996      -3.1192133      -79.109054   2.0989032e-09        12.34399         12.34399                           -0       94.998548                                 94.998548
              1       59.912697      -12.947744      -83.828012       1.3820523      -12.947744      -70.880268   2.0989032e-09       12.345152        12.345152                           -0        95.13509                                  95.13509
              2       59.730998      -12.947744      -83.828012       1.3948471      -12.947744      -70.880268   2.0989032e-09        12.35243         12.35243                           -0       94.757137                                 94.757137
             10       59.708015      -12.947744      -83.828012       1.3978408      -12.947744      -70.880268   2.0989032e-09       12.354482        12.354482                           -0       94.707066                                 94.707066
              5         60.0804      -62.715828      -92.183641       1.4109816      -62.715828      -29.467813   2.0989032e-09       12.365059        12.365059                           -0       95.430681                                 95.430681
              4       60.131492      -62.715828      -92.183641       1.4335974      -62.715828      -29.467813   2.0989032e-09       12.389244        12.389244                           -0       95.484497                                 95.484497
              4       59.901747      -29.008728      -87.508494       1.4255268      -29.008728      -58.499766   2.0989032e-09       12.379745        12.379745                           -0       95.044004                                 95.044004
              2       59.884861      -29.008728      -87.508494       1.4237572      -29.008728      -58.499766   2.0989032e-09       12.377791        12.377791                           -0       95.014139                                 95.014139
              4       60.245058      -12.266496      -103.23172       1.4338822      -12.266496      -90.965221   2.0989032e-09       12.389596        12.389596                           -0       95.710923                                 95.710923
              4        60.21399      -268.36793      -67.609661       1.4378693      -268.36793       200.75827   2.0989032e-09       12.394661        12.394661                           -0       95.638657                                 95.638657
              1       60.726176      -268.36793      -67.609661       1.4593448      -268.36793       200.75827   2.0989032e-09       12.425987        12.425987                           -0       96.600377                                 96.600377
              1       60.188093       -75.06657      -77.425883       1.4430993       -75.06657      -2.3593133   2.0989032e-09       12.401662        12.401662                           -0       95.572861                                 95.572861
              2       59.587016      -62.445956      -45.985647       1.4171641      -62.445956       16.460309   2.0989032e-09       12.370919        12.370919                           -0       94.432194                                 94.432194
              2       58.974488      -62.445956      -45.985647       1.3893485      -62.445956       16.460309   2.0989032e-09       12.349005        12.349005                           -0       93.250966                                 93.250966
              2        59.72059      -284.57249      -47.483626       1.4179241      -284.57249       237.08886   2.0989032e-09       12.371678        12.371678                           -0       94.697824                                 94.697824
              8       60.016654      -282.49719      -61.406962       1.4284636      -282.49719       221.09023   2.0989032e-09        12.38309         12.38309                           -0       95.267128                                 95.267128
              4       59.842374      -282.49719      -61.406962       1.4018505      -282.49719       221.09023   2.0989032e-09       12.357439        12.357439                           -0        94.96987                                  94.96987
              6       58.851921       -194.0044      -31.422373       1.3676801       -194.0044       162.58203   2.0989032e-09       12.339865        12.339865                           -0       93.024112                                 93.024112
              3        58.79742      -159.73129      -32.624738       1.3643824      -159.73129       127.10655   2.0989032e-09       12.339083        12.339083                           -0       92.916673                                 92.916673
              1       58.636065       -171.0352      -24.379623       1.3593846       -171.0352       146.65558   2.0989032e-09       12.338205        12.338205                           -0        92.59572                                  92.59572
              5       58.044753      -20.337421      -12.363444        1.331469      -20.337421       7.9739768   2.0989032e-09       12.340093        12.340093                           -0       91.409319                                 91.409319
              4       58.682902      -20.337421      -12.363444       1.3720322      -20.337421       7.9739768   2.0989032e-09       12.341144        12.341144                           -0       92.683517                                 92.683517
              2       59.134578      -20.337421      -12.363444       1.3311976      -20.337421       7.9739768   2.0989032e-09       12.340168        12.340168                           -0       93.588819                                 93.588819
              3       58.155452      -50.884157      -14.662254       1.3369216      -50.884157       36.221903   2.0989032e-09       12.338818        12.338818                           -0       91.633268                                 91.633268
              3       59.056618      -50.884157      -14.662254       1.2972655      -50.884157       36.221903   2.0989032e-09       12.358122        12.358122                           -0       93.396991                                 93.396991
              3       59.524124      -138.42222      -31.519416       1.3218889      -138.42222        106.9028   2.0989032e-09       12.343398        12.343398                           -0       94.361451                                 94.361451
              1       59.817459      -1.9238575      -42.609731        1.313411      -1.9238575      -40.685874   2.0989032e-09       12.347455        12.347455                           -0       94.940007                                 94.940007
              2       60.665377      -102.83546      -68.444778       1.3469212      -102.83546       34.390686   2.0989032e-09       12.337623        12.337623                           -0       96.655508                                 96.655508
              5       60.560814      -102.83546      -68.444778       1.3491543      -102.83546       34.390686   2.0989032e-09       12.337559        12.337559                           -0       96.446511                                 96.446511
              4       60.469119       -122.5107      -65.351822       1.3491801       -122.5107       57.158881   2.0989032e-09       12.337558        12.337558                           -0       96.263122                                 96.263122
              8       58.835937       -240.3336      -5.8682826       1.3165469       -240.3336       234.46532   2.0989032e-09       12.345831        12.345831                           -0       92.980212                                 92.980212
             24       59.352628      -289.05126      -23.869273       1.3371501      -289.05126       265.18199   2.0989032e-09       12.338775        12.338775                           -0       94.027707                                 94.027707
              3       61.309359      -187.63315      -87.005549       1.3747929      -187.63315        100.6276   2.0989032e-09         12.3421          12.3421                           -0       97.934518                                 97.934518
              2       61.120273      -151.61197      -82.877349       1.3669086      -151.61197       68.734622   2.0989032e-09       12.339668        12.339668                           -0       97.561211                                 97.561211
              2       60.107998      -151.61197      -82.877349       1.4049528      -151.61197       68.734622   2.0989032e-09       12.359889        12.359889                           -0       95.496218                                 95.496218
              1       59.497668       -252.0023      -51.465673        1.388959       -252.0023       200.53663   2.0989032e-09        12.34878         12.34878                           -0       94.297777                                 94.297777
              3       59.501452       -252.0023      -51.465673        1.398671       -252.0023       200.53663   2.0989032e-09       12.355075        12.355075                           -0       94.292756                                 94.292756
             10       59.219982      -237.49213      -41.634671       1.3883785      -237.49213       195.85746   2.0989032e-09       12.348448        12.348448                           -0       93.743069                                 93.743069
              2       58.667007      -323.67596      -6.1390306       1.3671676      -323.67596       317.53693   2.0989032e-09       12.339733        12.339733                           -0       92.654548                                 92.654548
              3       58.575082      -312.19412      -3.1579914       1.3632315      -312.19412       309.03612   2.0989032e-09       12.338848        12.338848                           -0       92.472467                                 92.472467
              5       60.072279      -312.19412      -3.1579914       1.4174268      -312.19412       309.03612   2.0989032e-09        12.37118         12.37118                           -0       95.402198                                 95.402198
              1       59.063484      -312.19412      -3.1579914       1.3889822      -312.19412       309.03612   2.0989032e-09       12.348793        12.348793                           -0       93.429381                                 93.429381
             20       59.572014      -312.19412      -3.1579914       1.4048657      -312.19412       309.03612   2.0989032e-09       12.359818        12.359818                           -0       94.424391                                 94.424391
              2       59.559492      -304.01268      -4.1173224       1.4047653      -304.01268       299.89536   2.0989032e-09       12.359737        12.359737                           -0       94.399511                                 94.399511
              1       59.473618      -176.06342      -24.724521       1.4081108      -176.06342        151.3389   2.0989032e-09        12.36253         12.36253                           -0       94.222175                                 94.222175
              4       58.810256      -176.06342      -24.724521       1.3806457      -176.06342        151.3389   2.0989032e-09         12.3445          12.3445                           -0       92.931512                                 92.931512
              1       59.394231      -219.69071      -45.596872       1.4039736      -219.69071       174.09384   2.0989032e-09         12.3591          12.3591                           -0       94.070261                                 94.070261
              3       59.662653      -219.69071      -45.596872       1.4182595      -219.69071       174.09384   2.0989032e-09       12.372016        12.372016                           -0       94.581274                                 94.581274
              6       59.659282      -314.67209       -32.49632        1.415791      -314.67209       282.17577   2.0989032e-09       12.369568        12.369568                           -0       94.579426                                 94.579426
              8        59.19446      -194.87158      -25.797464       1.3986229      -194.87158       169.07411   2.0989032e-09        12.35504         12.35504                           -0        93.67884                                  93.67884
              1       58.977429      -194.87158      -25.797464       1.3389387      -194.87158       169.07411   2.0989032e-09       12.338458        12.338458                           -0       93.277942                                 93.277942
              1       58.602276      -61.869001       -21.21243       1.3223696      -61.869001       40.656571   2.0989032e-09         12.3432          12.3432                           -0       92.518151                                 92.518151
              3        58.51586      -65.344018      -16.996453       1.3190158      -65.344018       48.347565   2.0989032e-09       12.344654        12.344654                           -0       92.342412                                 92.342412
              3       58.384669      -23.350469      -14.396179       1.3127777      -23.350469       8.9542898   2.0989032e-09       12.347801        12.347801                           -0       92.073736                                 92.073736
             17       59.770449      -23.350469      -14.396179       1.4074785      -23.350469       8.9542898   2.0989032e-09        12.36199         12.36199                           -0       94.816918                                 94.816918
              7       60.097465      -106.96021      -20.772447       1.4209458      -106.96021       86.187765   2.0989032e-09       12.374782        12.374782                           -0       95.445366                                 95.445366
              1       60.134954      -72.433995      -29.539352       1.4253408      -72.433995       42.894643   2.0989032e-09       12.379537        12.379537                           -0       95.510833                                 95.510833
              4       59.776286       -88.20919      -2.2548412       1.4030019       -88.20919       85.954349   2.0989032e-09       12.358331        12.358331                           -0       94.835909                                 94.835909
              7       59.881528       -88.20919      -2.2548412       1.4052683       -88.20919       85.954349   2.0989032e-09       12.360146        12.360146                           -0       95.042763                                 95.042763
              6       58.737232       -88.20919      -2.2548412       1.2925881       -88.20919       85.954349   2.0989032e-09       12.361933        12.361933                           -0       92.750599                                 92.750599
             10       59.246566       -88.20919      -2.2548412       1.3159386       -88.20919       85.954349   2.0989032e-09       12.346135        12.346135                           -0       93.800863                                 93.800863
             11       59.333724       -88.20919      -2.2548412         1.31373       -88.20919       85.954349   2.0989032e-09       12.347283        12.347283                           -0       93.972881                                 93.972881
              6       59.947054      -109.57062        -73.6944       1.3781403      -109.57062       35.876221   2.0989032e-09        12.34341         12.34341                           -0       95.207288                                 95.207288
              4       66.831221      -109.57062        -73.6944       1.3542721      -109.57062       35.876221   2.0989032e-09       12.337688        12.337688                           -0       108.98707                                 108.98707
              2       64.287265      -109.57062        -73.6944       1.5683863      -109.57062       35.876221   2.0989032e-09       12.690309        12.690309                           -0       103.19391                                 103.19391
              2       66.850217      -115.88536      -91.626285       1.5848966      -115.88536       24.259071   2.0989032e-09       12.745663        12.745663                           -0       108.20911                                 108.20911
              1       66.851353      -116.67676       -91.58735       1.5849281      -116.67676       25.089414   2.0989032e-09       12.745772        12.745772                           -0       108.21116                                 108.21116
              2       65.502001      -116.67676       -91.58735       1.5649276      -116.67676       25.089414   2.0989032e-09       12.679224        12.679224                           -0       105.64555                                 105.64555
              1       60.233709      -116.67676       -91.58735       1.4330391      -116.67676       25.089414   2.0989032e-09       12.388555        12.388555                           -0       95.690308                                 95.690308
              3       60.452672       -116.6273      -99.409938       1.4400068       -116.6273       17.217361   2.0989032e-09       12.397474        12.397474                           -0       96.110396                                 96.110396
              2       60.881661       -116.6273      -99.409938       1.4691878       -116.6273       17.217361   2.0989032e-09       12.442625        12.442625                           -0       96.878071                                 96.878071
              3       62.693119      -19.665541      -173.44513       1.5270535      -19.665541      -153.77959   2.0989032e-09       12.569417        12.569417                           -0       100.24741                                 100.24741
              1       62.674668      -19.628514      -172.88915       1.5265549      -19.628514      -153.26064   2.0989032e-09       12.568113        12.568113                           -0       100.21311                                 100.21311
              1       63.024854      -19.628514      -172.88915       1.4687832      -19.628514      -153.26064   2.0989032e-09       12.441913        12.441913                           -0       101.16588                                 101.16588
              1       62.989518      -332.00792      -143.84677       1.4690513      -332.00792       188.16115   2.0989032e-09       12.442385        12.442385                           -0       101.09427                                 101.09427
              5       62.643721      -332.00792      -143.84677       1.5111732      -332.00792       188.16115   2.0989032e-09       12.529689        12.529689                           -0       100.22806                                 100.22806
              4       62.211215      -313.75122      -133.02188       1.4999972      -313.75122       180.72934   2.0989032e-09       12.503967        12.503967                           -0       99.414495                                 99.414495
              4       60.277181      -145.98173      -84.018803       1.4422783      -145.98173       61.962926   2.0989032e-09       12.400536        12.400536                           -0       95.753289                                 95.753289
              5       58.944718      -29.359786       -38.53791       1.3919805      -29.359786       -9.178124   2.0989032e-09       12.350589        12.350589                           -0       93.188259                                 93.188259
              1       58.883256      -19.587741      -36.670959       1.3894985      -19.587741      -17.083218   2.0989032e-09       12.349093        12.349093                           -0       93.068327                                 93.068327
              4       58.542667      -19.587741      -36.670959       1.3586475      -19.587741      -17.083218   2.0989032e-09       12.338106        12.338106                           -0       92.409121                                 92.409121
              2       58.614603      -19.587741      -36.670959       1.3731993      -19.587741      -17.083218   2.0989032e-09       12.341534        12.341534                           -0       92.546137                                 92.546137
              1       59.070955      -235.68311      -32.849941        1.387885      -235.68311       202.83317   2.0989032e-09       12.348169        12.348169                           -0       93.445571                                 93.445571
              4       58.311151      -155.87986      -5.6842833       1.3569929      -155.87986       150.19557   2.0989032e-09       12.337915        12.337915                           -0       91.946473                                 91.946473
              2       59.036433      -247.74331      -29.943837       1.3863046      -247.74331       217.79947   2.0989032e-09       12.347302        12.347302                           -0       93.378261                                 93.378261
              1        59.31714      -140.48953      -54.182669       1.3989281      -140.48953        86.30686   2.0989032e-09        12.35526         12.35526                           -0       93.923761                                 93.923761
              1       59.568825      -140.48953      -54.182669       1.4158211      -140.48953        86.30686   2.0989032e-09       12.369598        12.369598                           -0       94.398455                                 94.398455
              7       58.644428      -60.102515      -18.681687       1.3774513      -60.102515       41.420828   2.0989032e-09       12.343127        12.343127                           -0       92.602602                                 92.602602
