#        weight    minuslogpost          a_samp               s       shmr_beta           a_exo           b_exo             A_s   minuslogprior minuslogprior__0 minuslogprior__h2_positivity            chi2 chi2__jwst_likelihood_uvlf.UVLFLikelihood
              2       63.732783      -9.7479786      -143.15882       1.5613667      -9.7479786      -133.41084   2.0989032e-09       12.667996        12.667996                           -0       102.12957                                 102.12957
              1       64.308392      -3.9951971       -123.0356       1.5613667      -3.9951971       -119.0404   2.0989032e-09       12.667996        12.667996                           -0       103.28079                                 103.28079
              1       63.763583      -18.062461      -141.28262       1.5613667      -18.062461      -123.22016   2.0989032e-09       12.667996        12.667996                           -0       102.19117                                 102.19117
              4       63.735368      -18.062461      -141.28262       1.5607523      -18.062461      -123.22016   2.0989032e-09       12.666078        12.666078                           -0       102.13858                                 102.13858
              1       63.809033      -17.869189      -138.10574       1.5607523      -17.869189      -120.23655   2.0989032e-09       12.666078        12.666078                           -0       102.28591                                 102.28591
              1       63.585797      -30.269664      -148.35902       1.5607523      -30.269664      -118.08936   2.0989032e-09       12.666078        12.666078                           -0       101.83944                                 101.83944
              1       62.364104      -30.269664      -148.35902       1.5251044      -30.269664      -118.08936   2.0989032e-09        12.56434         12.56434                           -0       99.599528                                 99.599528
              1       62.616744        -29.1514      -169.99814       1.5251044        -29.1514      -140.84674   2.0989032e-09        12.56434         12.56434                           -0       100.10481                                 100.10481
              2       62.988472        -29.1514      -169.99814       1.5456093        -29.1514      -140.84674   2.0989032e-09       12.620564        12.620564                           -0       100.73582                                 100.73582
              2       63.040861      -53.471432      -143.72238       1.5456093      -53.471432      -90.250946   2.0989032e-09       12.620564        12.620564                           -0       100.84059                                 100.84059
              2       63.009667      -37.484287      -171.13419       1.5456093      -37.484287      -133.64991   2.0989032e-09       12.620564        12.620564                           -0       100.77821                                 100.77821
              3       63.658603      -48.860211      -198.44973       1.5456093      -48.860211      -149.58951   2.0989032e-09       12.620564        12.620564                           -0       102.07608                                 102.07608
              1       63.437295      -45.575798      -192.11457       1.5456093      -45.575798      -146.53878   2.0989032e-09       12.620564        12.620564                           -0       101.63346                                 101.63346
              1       62.961215      -49.819175      -156.91541       1.5456093      -49.819175      -107.09624   2.0989032e-09       12.620564        12.620564                           -0        100.6813                                  100.6813
              1       62.095566      -49.819175      -156.91541       1.4822291      -49.819175      -107.09624   2.0989032e-09       12.466877        12.466877                           -0       99.257377                                 99.257377
              4       61.565241      -67.641788      -139.28639       1.4822291      -67.641788      -71.644602   2.0989032e-09       12.466877        12.466877                           -0       98.196728                                 98.196728
              3        61.19785       -60.00246      -114.01219       1.4822291       -60.00246       -54.00973   2.0989032e-09       12.466877        12.466877                           -0       97.461947                                 97.461947
              1       61.340663      -40.553187       -90.72211       1.4822291      -40.553187      -50.168923   2.0989032e-09       12.466877        12.466877                           -0       97.747572                                 97.747572
              1        63.08929      -44.701171      -35.299177       1.4822291      -44.701171       9.4019941   2.0989032e-09       12.466877        12.466877                           -0       101.24483                                 101.24483
              1       61.195435      -42.911538      -105.43723       1.4822291      -42.911538      -62.525689   2.0989032e-09       12.466877        12.466877                           -0       97.457117                                 97.457117
              1       61.224249      -31.886198      -100.93609       1.4822291      -31.886198       -69.04989   2.0989032e-09       12.466877        12.466877                           -0       97.514744                                 97.514744
              3       63.411964      -31.886198      -100.93609       1.3419999      -31.886198       -69.04989   2.0989032e-09       12.338027        12.338027                           -0       102.14787                                 102.14787
              2       59.350507      -20.660223      -51.864431       1.3419999      -20.660223      -31.204208   2.0989032e-09       12.338027        12.338027                           -0       94.024961                                 94.024961
              1       59.488357      -21.230383       -54.39223       1.3419999      -21.230383      -33.161847   2.0989032e-09       12.338027        12.338027                           -0        94.30066                                  94.30066
              5       60.586826       -16.36496      -71.951033       1.3419999       -16.36496      -55.586073   2.0989032e-09       12.338027        12.338027                           -0       96.497598                                 96.497598
              3       58.386134      -8.1129508      -29.080463       1.3419999      -8.1129508      -20.967512   2.0989032e-09       12.338027        12.338027                           -0       92.096214                                 92.096214
              1       58.229726       -2.867814      -23.685246       1.3419999       -2.867814      -20.817432   2.0989032e-09       12.338027        12.338027                           -0       91.783399                                 91.783399
              1       58.237769       -2.867814      -23.685246       1.3400589       -2.867814      -20.817432   2.0989032e-09       12.338284        12.338284                           -0       91.798969                                 91.798969
              2        58.20307      -18.003029      -20.659696       1.3400589      -18.003029      -2.6566671   2.0989032e-09       12.338284        12.338284                           -0       91.729572                                 91.729572
              3       58.226259      -18.014996      -21.617523       1.3400589      -18.014996       -3.602527   2.0989032e-09       12.338284        12.338284                           -0       91.775948                                 91.775948
              2       58.363815      -18.014996      -21.617523       1.3640856      -18.014996       -3.602527   2.0989032e-09       12.339021        12.339021                           -0       92.049589                                 92.049589
              1       58.354313      -18.014996      -21.617523       1.3272121      -18.014996       -3.602527   2.0989032e-09       12.341394        12.341394                           -0       92.025838                                 92.025838
              1       58.352351      -18.031702      -21.550394       1.3271895      -18.031702      -3.5186919   2.0989032e-09       12.341402        12.341402                           -0       92.021899                                 92.021899
              1       58.620802      -18.031702      -21.550394       1.3150424      -18.031702      -3.5186919   2.0989032e-09       12.346592        12.346592                           -0        92.54842                                  92.54842
              3       60.765234      -20.996117      -83.303215       1.3563507      -20.996117      -62.307097   2.0989032e-09       12.337852        12.337852                           -0       96.854764                                 96.854764
              5       59.482593      -14.739157      -44.737777       1.3256264      -14.739157      -29.998621   2.0989032e-09       12.341947        12.341947                           -0       94.281292                                 94.281292
              1       58.640839      -71.740921      -24.470834       1.3769012      -71.740921       47.270086   2.0989032e-09       12.342906        12.342906                           -0       92.595867                                 92.595867
              4       60.082414      -90.760129       -84.25654        1.434953      -90.760129        6.503589   2.0989032e-09       12.390934        12.390934                           -0        95.38296                                  95.38296
              2        60.06008      -89.560365      -84.211916       1.4335839      -89.560365       5.3484492   2.0989032e-09       12.389227        12.389227                           -0       95.341705                                 95.341705
              4       58.649461      -74.623716      -20.175942       1.3774825      -74.623716       54.447775   2.0989032e-09        12.34314         12.34314                           -0       92.612643                                 92.612643
              1       59.392068      -74.623716      -20.175942       1.3249676      -74.623716       54.447775   2.0989032e-09       12.342188        12.342188                           -0        94.09976                                  94.09976
              1        58.98751      -95.932187      -45.959969       1.3646601      -95.932187       49.972217   2.0989032e-09       12.339143        12.339143                           -0       93.296734                                 93.296734
              5       58.970235      -95.932187      -45.959969       1.3831759      -95.932187       49.972217   2.0989032e-09       12.345694        12.345694                           -0       93.249081                                 93.249081
              3       59.539052      -94.373951      -69.848426       1.3961307      -94.373951       24.525525   2.0989032e-09       12.353293        12.353293                           -0       94.371518                                 94.371518
              1       59.680853       -92.39183      -74.857281       1.3969958       -92.39183       17.534549   2.0989032e-09       12.353889        12.353889                           -0       94.653928                                 94.653928
              1       58.347729      -58.473354      -15.182318       1.3223505      -58.473354       43.291036   2.0989032e-09       12.343208        12.343208                           -0       92.009041                                 92.009041
              2       58.344473      -58.473354      -15.182318       1.3624656      -58.473354       43.291036   2.0989032e-09       12.338703        12.338703                           -0       92.011541                                 92.011541
              1       58.276242      -36.108629      -21.994063       1.3416465      -36.108629       14.114566   2.0989032e-09       12.338069        12.338069                           -0       91.876346                                 91.876346
              1       58.035264      -32.553065      -10.494907       1.3305955      -32.553065       22.058158   2.0989032e-09       12.340338        12.340338                           -0       91.389852                                 91.389852
              1       58.154299      -32.137394      -15.933681       1.3334769      -32.137394       16.203713   2.0989032e-09       12.339573        12.339573                           -0       91.629453                                 91.629453
              1       58.172572      -32.137394      -15.933681       1.3310098      -32.137394       16.203713   2.0989032e-09       12.340221        12.340221                           -0       91.664704                                 91.664704
              6       57.977939      -19.585785      -1.6318711       1.3081744      -19.585785       17.953914   2.0989032e-09       12.350493        12.350493                           -0       91.254892                                 91.254892
              2       59.515904      -19.585785      -1.6318711       1.3316874      -19.585785       17.953914   2.0989032e-09       12.340034        12.340034                           -0       94.351741                                 94.351741
              2       59.426203      -19.585785      -1.6318711       1.3341971      -19.585785       17.953914   2.0989032e-09         12.3394          12.3394                           -0       94.173606                                 94.173606
             11       59.650272      -109.95771      -72.508202       1.4012481      -109.95771       37.449509   2.0989032e-09       12.356979        12.356979                           -0       94.586586                                 94.586586
              1       58.134965        -89.0568      -6.3165135       1.3490284        -89.0568       82.740286   2.0989032e-09        12.33756         12.33756                           -0       91.594809                                 91.594809
             10       58.208049      -82.242972      -11.573267       1.3517878      -82.242972       70.669705   2.0989032e-09       12.337577        12.337577                           -0       91.740944                                 91.740944
              2       58.390874       -180.3907      -3.0722974       1.3615953       -180.3907        177.3184   2.0989032e-09       12.338548        12.338548                           -0       92.104653                                 92.104653
              1       58.369667       -175.4463      -2.8877552       1.3606494       -175.4463       172.55854   2.0989032e-09       12.338392        12.338392                           -0        92.06255                                  92.06255
              3       58.553804       -175.4463      -2.8877552       1.3700353       -175.4463       172.55854   2.0989032e-09       12.340522        12.340522                           -0       92.426563                                 92.426563
             12       59.453058       -175.4463      -2.8877552       1.3984833       -175.4463       172.55854   2.0989032e-09        12.35494         12.35494                           -0       94.196236                                 94.196236
              3       58.810267      -50.652781      -4.1790243       1.3789968      -50.652781       46.473756   2.0989032e-09       12.343772        12.343772                           -0        92.93299                                  92.93299
              7       58.101909      -50.652781      -4.1790243       1.3510149      -50.652781       46.473756   2.0989032e-09       12.337561        12.337561                           -0       91.528696                                 91.528696
              3       58.373425      -60.621373      -18.228397       1.3630048      -60.621373       42.392976   2.0989032e-09       12.338804        12.338804                           -0       92.069241                                 92.069241
              1       58.292871      -60.621373      -18.228397       1.3343916      -60.621373       42.392976   2.0989032e-09       12.339355        12.339355                           -0       91.907031                                 91.907031
              6       58.338643      -55.202033      -20.582707       1.3352396      -55.202033       34.619326   2.0989032e-09       12.339165        12.339165                           -0       91.998957                                 91.998957
              1       58.117715      -52.775473      -10.826125       1.3276496      -52.775473       41.949348   2.0989032e-09       12.341248        12.341248                           -0       91.552935                                 91.552935
              5       58.280805      -52.775473      -10.826125       1.3161551      -52.775473       41.949348   2.0989032e-09       12.346026        12.346026                           -0       91.869558                                 91.869558
              1       59.096404      -5.7136558      -33.388912        1.317227      -5.7136558      -27.675256   2.0989032e-09       12.345498        12.345498                           -0       93.501813                                 93.501813
              9       58.475848      -5.7136558      -33.388912        1.345511      -5.7136558      -27.675256   2.0989032e-09       12.337702        12.337702                           -0       92.276291                                 92.276291
              1        58.30276      -11.016614      -25.687391       1.3417128      -11.016614      -14.670777   2.0989032e-09       12.338061        12.338061                           -0       91.929397                                 91.929397
              6       59.017313      -11.016614      -25.687391       1.3925882      -11.016614      -14.670777   2.0989032e-09       12.350969        12.350969                           -0       93.332689                                 93.332689
              1       58.932267      -9.4323774      -19.944883       1.3879897      -9.4323774      -10.512505   2.0989032e-09       12.348228        12.348228                           -0       93.168078                                 93.168078
              1       59.028365      -25.130278      -14.150387       1.3888664      -25.130278       10.979891   2.0989032e-09       12.348726        12.348726                           -0       93.359277                                 93.359277
              3       58.134506      -25.130278      -14.150387       1.3500603      -25.130278       10.979891   2.0989032e-09       12.337553        12.337553                           -0       91.593906                                 91.593906
              1       58.558791      -108.97398      -6.9373067       1.3716614      -108.97398       102.03668   2.0989032e-09       12.341024        12.341024                           -0       92.435534                                 92.435534
              2       60.076403      -108.97398      -6.9373067       1.4128371      -108.97398       102.03668   2.0989032e-09       12.366758        12.366758                           -0       95.419289                                 95.419289
              4       59.447471      -108.97398      -6.9373067         1.39856      -108.97398       102.03668   2.0989032e-09       12.354995        12.354995                           -0       94.184952                                 94.184952
              2       59.426871      -95.550578      -20.597214       1.4040152      -95.550578       74.953364   2.0989032e-09       12.359134        12.359134                           -0       94.135475                                 94.135475
              2       60.192015       -164.7042      -13.296537       1.4208684       -164.7042       151.40766   2.0989032e-09       12.374701        12.374701                           -0       95.634628                                 95.634628
              2       62.509878       -143.2607      -157.13657       1.5165572       -143.2607      -13.875867   2.0989032e-09        12.54274         12.54274                           -0       99.934275                                 99.934275
              2        62.51305       -143.2607      -157.13657       1.4824976       -143.2607      -13.875867   2.0989032e-09       12.467403        12.467403                           -0       100.09129                                 100.09129
              1       61.366211      -110.72741       -129.3149       1.4554654      -110.72741      -18.587484   2.0989032e-09       12.419824        12.419824                           -0       97.892775                                 97.892775
              3       61.333837      -110.72741       -129.3149       1.4648364      -110.72741      -18.587484   2.0989032e-09       12.435093        12.435093                           -0       97.797488                                 97.797488
              1       61.054735      -5.1614735      -127.28773        1.433944      -5.1614735      -122.12625   2.0989032e-09       12.389673        12.389673                           -0       97.330124                                 97.330124
              2       60.934703      -5.1614735      -127.28773       1.4557469      -5.1614735      -122.12625   2.0989032e-09       12.420263        12.420263                           -0        97.02888                                  97.02888
              1       61.706709      -199.65703      -108.28153       1.4980204      -199.65703       91.375503   2.0989032e-09        12.49961         12.49961                           -0       98.414198                                 98.414198
              1       61.093027      -211.06223      -33.793112       1.4532547      -211.06223       177.26911   2.0989032e-09       12.416411        12.416411                           -0       97.353231                                 97.353231
              3       60.748072      -211.06223      -33.793112       1.4457616      -211.06223       177.26911   2.0989032e-09       12.405381        12.405381                           -0       96.685382                                 96.685382
              1       60.846864      -220.97012      -31.327624        1.446951      -220.97012       189.64249   2.0989032e-09       12.407076        12.407076                           -0       96.879575                                 96.879575
              2       61.560893       -255.2897      -78.252197       1.4867839       -255.2897        177.0375   2.0989032e-09        12.47594         12.47594                           -0       98.169906                                 98.169906
              1       60.670559      -182.78703      -61.163283       1.4554602      -182.78703       121.62375   2.0989032e-09       12.419816        12.419816                           -0       96.501488                                 96.501488
              3       60.505658      -199.43878      -3.4290991       1.4229528      -199.43878       196.00968   2.0989032e-09       12.376918        12.376918                           -0       96.257479                                 96.257479
              2       59.199695      -37.841707      -42.487127       1.4028109      -37.841707      -4.6454196   2.0989032e-09       12.358182        12.358182                           -0       93.683026                                 93.683026
              1       58.814589      -37.841707      -42.487127       1.3513402      -37.841707      -4.6454196   2.0989032e-09       12.337567        12.337567                           -0       92.954044                                 92.954044
              5       58.611765      -14.686699      -34.516696       1.3397185      -14.686699      -19.829997   2.0989032e-09       12.338335        12.338335                           -0       92.546859                                 92.546859
             18       58.944561      -14.686699      -34.516696       1.3795107      -14.686699      -19.829997   2.0989032e-09       12.343995        12.343995                           -0       93.201133                                 93.201133
              2       58.634587      -17.695316      -30.739522       1.3779218      -17.695316      -13.044205   2.0989032e-09        12.34332         12.34332                           -0       92.582534                                 92.582534
              9       58.500649      -17.695316      -30.739522       1.3389438      -17.695316      -13.044205   2.0989032e-09       12.338457        12.338457                           -0       92.324384                                 92.324384
              4       57.943818      -57.468648      -3.4809956       1.3325397      -57.468648       53.987653   2.0989032e-09       12.339808        12.339808                           -0       91.208019                                 91.208019
              1       58.008267      -65.954804      -5.7621511       1.3363869      -65.954804       60.192653   2.0989032e-09       12.338924        12.338924                           -0       91.338686                                 91.338686
              4       58.700837      -65.954804      -5.7621511       1.2954757      -65.954804       60.192653   2.0989032e-09       12.359542        12.359542                           -0       92.682589                                 92.682589
              1       58.441449      -65.954804      -5.7621511       1.3032033      -65.954804       60.192653   2.0989032e-09       12.353751        12.353751                           -0       92.175397                                 92.175397
             34       58.432973      -71.165653       -6.158806       1.3049191      -71.165653       65.006847   2.0989032e-09       12.352585        12.352585                           -0       92.160775                                 92.160775
              5       58.529739      -262.80328       -8.128543       1.3598978      -262.80328       254.67474   2.0989032e-09       12.338278        12.338278                           -0       92.382922                                 92.382922
              6       58.737038      -262.80328       -8.128543       1.3762574      -262.80328       254.67474   2.0989032e-09       12.342653        12.342653                           -0        92.78877                                  92.78877
             11       59.680995      -262.80328       -8.128543       1.3016102      -262.80328       254.67474   2.0989032e-09       12.354873        12.354873                           -0       94.652244                                 94.652244
              2       59.971652      -291.63122      -21.310175       1.3174408      -291.63122       270.32104   2.0989032e-09       12.345394        12.345394                           -0       95.252516                                 95.252516
              1       60.798581      -238.32211      -47.304672       1.3313234      -238.32211       191.01744   2.0989032e-09       12.340133        12.340133                           -0       96.916895                                 96.916895
              5       61.575633      -238.32211      -47.304672       1.3189656      -238.32211       191.01744   2.0989032e-09       12.344677        12.344677                           -0       98.461911                                 98.461911
              3       61.508056      -234.90981      -44.808384       1.3162899      -234.90981       190.10142   2.0989032e-09       12.345958        12.345958                           -0       98.324195                                 98.324195
              1       60.334006      -234.90981      -44.808384       1.4408719      -234.90981       190.10142   2.0989032e-09       12.398631        12.398631                           -0       95.870751                                 95.870751
              1       60.460563      -245.51646      -48.898691       1.4460456      -245.51646       196.61777   2.0989032e-09       12.405784        12.405784                           -0       96.109558                                 96.109558
              6       59.408626      -245.51646      -48.898691       1.3882741      -245.51646       196.61777   2.0989032e-09       12.348388        12.348388                           -0       94.120476                                 94.120476
              3       58.704276      -262.54534      -17.219653       1.3638115      -262.54534       245.32568   2.0989032e-09       12.338964        12.338964                           -0       92.730623                                 92.730623
              1       58.698926      -262.54534      -17.219653       1.3590699      -262.54534       245.32568   2.0989032e-09       12.338162        12.338162                           -0       92.721528                                 92.721528
             12       59.513477      -342.12594      -42.815368       1.3935237      -342.12594       299.31057   2.0989032e-09       12.351564        12.351564                           -0       94.323826                                 94.323826
              1        59.56871      -342.12594      -42.815368       1.3799385      -342.12594       299.31057   2.0989032e-09       12.344183        12.344183                           -0       94.449053                                 94.449053
              1       60.321383      -328.33849      -69.714449       1.4008157      -328.33849       258.62404   2.0989032e-09       12.356653        12.356653                           -0        95.92946                                  95.92946
              6       58.510909      -8.9425296      -10.328893       1.2996714      -8.9425296      -1.3863635   2.0989032e-09       12.356288        12.356288                           -0       92.309242                                 92.309242
              6       59.236239      -8.9425296      -10.328893       1.2830402      -8.9425296      -1.3863635   2.0989032e-09       12.370716        12.370716                           -0       93.731046                                 93.731046
              2       60.205696      -52.809813      -52.533235       1.3261039      -52.809813      0.27657801   2.0989032e-09       12.341777        12.341777                           -0       95.727838                                 95.727838
              3       60.417543      -52.809813      -52.533235       1.4428228      -52.809813      0.27657801   2.0989032e-09       12.401282        12.401282                           -0       96.032523                                 96.032523
              8       59.612665      -31.644151      -5.7865485       1.3994397      -31.644151       25.857603   2.0989032e-09       12.355632        12.355632                           -0       94.514066                                 94.514066
              3       59.981881      -70.355507      -16.985983       1.4151273      -70.355507       53.369525   2.0989032e-09       12.368926        12.368926                           -0       95.225909                                 95.225909
              3       60.192793      -146.45095      -9.4403235       1.4180893      -146.45095       137.01062   2.0989032e-09       12.371844        12.371844                           -0       95.641898                                 95.641898
              5       60.203131      -173.13849       -1.498443       1.4146642      -173.13849       171.64005   2.0989032e-09       12.368481        12.368481                           -0       95.669299                                 95.669299
             11       59.867691      -173.13849       -1.498443       1.4075187      -173.13849       171.64005   2.0989032e-09       12.362024        12.362024                           -0       95.011334                                 95.011334
              2       59.737395       -117.5953      -8.3391328       1.4064804       -117.5953       109.25617   2.0989032e-09       12.361148        12.361148                           -0       94.752494                                 94.752494
              4       60.694396       -117.5953      -8.3391328       1.4263494       -117.5953       109.25617   2.0989032e-09       12.380669        12.380669                           -0       96.627454                                 96.627454
              1       60.776429      -140.55933      -6.9442006       1.4279869      -140.55933       133.61513   2.0989032e-09       12.382538        12.382538                           -0       96.787782                                 96.787782
              6       59.239351      -140.55933      -6.9442006       1.3939317      -140.55933       133.61513   2.0989032e-09       12.351828        12.351828                           -0       93.775044                                 93.775044
              3       59.123892      -45.622675      -22.065701       1.3950476      -45.622675       23.556974   2.0989032e-09       12.352563        12.352563                           -0       93.542658                                 93.542658
              1       59.041568       -79.88262      -8.7290748       1.3880025       -79.88262       71.153545   2.0989032e-09       12.348235        12.348235                           -0       93.386666                                 93.386666
              2       60.082773       -79.88262      -8.7290748       1.4129477       -79.88262       71.153545   2.0989032e-09       12.366861        12.366861                           -0       95.431823                                 95.431823
              2       60.995926      -128.89652      -60.524335       1.4626143      -128.89652       68.372183   2.0989032e-09       12.431355        12.431355                           -0       97.129143                                 97.129143
              4       60.621092      -128.89652      -60.524335       1.4530511      -128.89652       68.372183   2.0989032e-09         12.4161          12.4161                           -0       96.409983                                 96.409983
              1       60.098431      -118.51709      -29.922103       1.4259828      -118.51709       88.594986   2.0989032e-09       12.380256        12.380256                           -0       95.436351                                 95.436351
              6       60.234121      -157.08221       -28.73031        1.429703      -157.08221        128.3519   2.0989032e-09        12.38454         12.38454                           -0       95.699162                                 95.699162
             10       58.714558      -157.08221       -28.73031       1.3692086      -157.08221        128.3519   2.0989032e-09       12.340282        12.340282                           -0       92.748551                                 92.748551
              4       58.563577      -78.089017      -31.097298       1.3615261      -78.089017       46.991718   2.0989032e-09       12.338536        12.338536                           -0       92.450081                                 92.450081
              4       58.648437      -78.089017      -31.097298       1.3443302      -78.089017       46.991718   2.0989032e-09       12.337791        12.337791                           -0       92.621291                                 92.621291
              4       59.339909      -78.089017      -31.097298        1.317529      -78.089017       46.991718   2.0989032e-09       12.345352        12.345352                           -0       93.989114                                 93.989114
              2       58.976738      -51.071713      -18.174561       1.3041748      -51.071713       32.897152   2.0989032e-09       12.353085        12.353085                           -0       93.247304                                 93.247304
              1       58.413127      -51.071713      -18.174561       1.3662182      -51.071713       32.897152   2.0989032e-09       12.339499        12.339499                           -0       92.147257                                 92.147257
             10       59.036743      -51.071713      -18.174561       1.3910662      -51.071713       32.897152   2.0989032e-09       12.350027        12.350027                           -0       93.373431                                 93.373431
              2       58.715544      -51.071713      -18.174561       1.3802878      -51.071713       32.897152   2.0989032e-09       12.344338        12.344338                           -0       92.742412                                 92.742412
              7       59.388719      -83.388858      -51.299814       1.4099604      -83.388858       32.089044   2.0989032e-09       12.364145        12.364145                           -0       94.049146                                 94.049146
              1       59.625867      -253.83268      -30.507703       1.4148746      -253.83268       223.32497   2.0989032e-09       12.368683        12.368683                           -0       94.514368                                 94.514368
              3       59.978268      -253.83268      -30.507703       1.4258959      -253.83268       223.32497   2.0989032e-09       12.380158        12.380158                           -0       95.196219                                 95.196219
              2       59.983744      -246.11274      -32.899256       1.4267974      -246.11274       213.21349   2.0989032e-09       12.381176        12.381176                           -0       95.205135                                 95.205135
              2       60.245567      -157.11414      -68.519984       1.4434326      -157.11414       88.594152   2.0989032e-09       12.402122        12.402122                           -0        95.68689                                  95.68689
              1       60.298519      -154.92485      -71.747314       1.4456647      -154.92485       83.177539   2.0989032e-09       12.405244        12.405244                           -0       95.786551                                 95.786551
              2        61.75086      -154.92485      -71.747314       1.4861564      -154.92485       83.177539   2.0989032e-09       12.474673        12.474673                           -0       98.552374                                 98.552374
              4       61.462573        -218.696      -8.6214569       1.4450812        -218.696       210.07454   2.0989032e-09       12.404421        12.404421                           -0       98.116305                                 98.116305
              1       61.244055      -100.11984      -46.040012         1.45946      -100.11984       54.079831   2.0989032e-09       12.426174        12.426174                           -0       97.635762                                 97.635762
              1       60.954287      -100.11984      -46.040012        1.453327      -100.11984       54.079831   2.0989032e-09       12.416521        12.416521                           -0       97.075531                                 97.075531
              1       60.281844      -30.517096      -3.9054215       1.4120671      -30.517096       26.611675   2.0989032e-09       12.366047        12.366047                           -0       95.831594                                 95.831594
             16       58.555219      -30.517096      -3.9054215       1.3706629      -30.517096       26.611675   2.0989032e-09       12.340711        12.340711                           -0       92.429016                                 92.429016
              3       60.426101      -168.22743      -83.380483       1.4492808      -168.22743       84.846946   2.0989032e-09       12.410458        12.410458                           -0       96.031286                                 96.031286
              1       60.611128      -63.684434       -106.6625       1.4544305      -63.684434      -42.978067   2.0989032e-09       12.418217        12.418217                           -0       96.385822                                 96.385822
             14       60.487253      -63.684434       -106.6625       1.4311412      -63.684434      -42.978067   2.0989032e-09       12.386251        12.386251                           -0       96.202003                                 96.202003
              1       59.598259      -8.4280911      -81.238319       1.4037648      -8.4280911      -72.810228   2.0989032e-09       12.358934        12.358934                           -0        94.47865                                  94.47865
              2       58.419451      -38.665417        -25.9187       1.3633285      -38.665417       12.746717   2.0989032e-09       12.338867        12.338867                           -0       92.161168                                 92.161168
             14       58.874961      -38.665417        -25.9187       1.3168574      -38.665417       12.746717   2.0989032e-09       12.345678        12.345678                           -0       93.058567                                 93.058567
              6       58.946417       -7.473578      -29.517581       1.3157722       -7.473578      -22.044003   2.0989032e-09       12.346219        12.346219                           -0       93.200398                                 93.200398
             19       58.581977      -160.47699      -9.4543546       1.3191662      -160.47699       151.02263   2.0989032e-09       12.344585        12.344585                           -0       92.474783                                 92.474783
              5       58.712728      -217.02667      -12.049935       1.3284338      -217.02667       204.97673   2.0989032e-09       12.340993        12.340993                           -0        92.74347                                  92.74347
              1       58.647639       -232.6859      -8.4775831       1.3275653       -232.6859       224.20832   2.0989032e-09       12.341276        12.341276                           -0       92.612725                                 92.612725
              3        59.00239      -263.29691      -21.038864       1.3415121      -263.29691       242.25805   2.0989032e-09       12.338086        12.338086                           -0       93.328608                                 93.328608
              2       58.942288      -317.54778      -15.318122       1.3438307      -317.54778       302.22965   2.0989032e-09       12.337835        12.337835                           -0       93.208906                                 93.208906
              4       59.007318      -306.72467      -18.600773       1.3450822      -306.72467        288.1239   2.0989032e-09       12.337732        12.337732                           -0       93.339172                                 93.339172
             12       58.644383      -201.20288      -10.072578       1.3248391      -201.20288        191.1303   2.0989032e-09       12.342236        12.342236                           -0       92.604295                                 92.604295
              7       58.566031      -267.02772      -1.8805752       1.3252314      -267.02772       265.14715   2.0989032e-09       12.342091        12.342091                           -0        92.44788                                  92.44788
              3       58.584528       -268.0707      -2.6436857       1.3260207       -268.0707       265.42702   2.0989032e-09       12.341806        12.341806                           -0       92.485444                                 92.485444
             10       59.398739       -268.0707      -2.6436857       1.3006754       -268.0707       265.42702   2.0989032e-09       12.355548        12.355548                           -0       94.086381                                 94.086381
              2       59.838417      -82.850551      -24.337423       1.2983815      -82.850551       58.513128   2.0989032e-09       12.357261        12.357261                           -0       94.962313                                 94.962313
              2       59.979508        -32.6166      -30.513976       1.2980162        -32.6166       2.1026233   2.0989032e-09       12.357541        12.357541                           -0       95.243933                                 95.243933
              1       58.439647        -32.6166      -30.513976       1.3521114        -32.6166       2.1026233   2.0989032e-09       12.337586        12.337586                           -0       92.204122                                 92.204122
              2        59.06284        -32.6166      -30.513976       1.3955803        -32.6166       2.1026233   2.0989032e-09        12.35292         12.35292                           -0        93.41984                                  93.41984
              5       59.077609       -180.7485      -2.8937815       1.3884073       -180.7485       177.85472   2.0989032e-09       12.348464        12.348464                           -0        93.45829                                  93.45829
              9        59.85067      -344.26556      -15.050617       1.4178916      -344.26556       329.21494   2.0989032e-09       12.371646        12.371646                           -0       94.958049                                 94.958049
             11       59.268543      -88.544582      -31.608608       1.4029781      -88.544582       56.935974   2.0989032e-09       12.358313        12.358313                           -0       93.820461                                 93.820461
             11       61.044098      -115.86846      -109.06471       1.4740559      -115.86846        6.803748   2.0989032e-09       12.451384        12.451384                           -0       97.185429                                 97.185429
              4       61.429345      -229.37131      -108.03485       1.4862178      -229.37131       121.33646   2.0989032e-09       12.474797        12.474797                           -0       97.909097                                 97.909097
              3       61.368143      -238.64055      -104.51737       1.4840215      -238.64055       134.12318   2.0989032e-09       12.470407        12.470407                           -0       97.795474                                 97.795474
              2       60.959367      -222.67893       -90.10518       1.4699266      -222.67893       132.57375   2.0989032e-09       12.443932        12.443932                           -0        97.03087                                  97.03087
              1       60.951995      -252.45763      -85.916468       1.4690815      -252.45763       166.54116   2.0989032e-09       12.442438        12.442438                           -0       97.019113                                 97.019113
              4       60.442952      -252.45763      -85.916468       1.4313892      -252.45763       166.54116   2.0989032e-09       12.386549        12.386549                           -0       96.112807                                 96.112807
              9       61.571392      -252.45763      -85.916468       1.4895375      -252.45763       166.54116   2.0989032e-09       12.481567        12.481567                           -0       98.179649                                 98.179649
             15       59.795935      -107.38772      -6.5383604       1.4065072      -107.38772       100.84936   2.0989032e-09       12.361171        12.361171                           -0       94.869528                                 94.869528
              1       60.167669      -249.13869      -5.1061722       1.4186477      -249.13869       244.03252   2.0989032e-09       12.372409        12.372409                           -0        95.59052                                  95.59052
              2       58.699153      -249.13869      -5.1061722       1.3751045      -249.13869       244.03252   2.0989032e-09       12.342215        12.342215                           -0       92.713877                                 92.713877
              3       61.078846         -171.99      -114.10689       1.4630129         -171.99       57.883117   2.0989032e-09        12.43202         12.43202                           -0       97.293652                                 97.293652
             11        60.75058      -173.63689      -102.51282       1.4530427      -173.63689       71.124065   2.0989032e-09       12.416087        12.416087                           -0       96.668985                                 96.668985
              4       60.783395      -189.29437       -101.9492       1.4540296      -189.29437       87.345168   2.0989032e-09       12.417599        12.417599                           -0       96.731593                                 96.731593
              5       61.446613      -221.03091      -120.81623       1.4735054      -221.03091       100.21469   2.0989032e-09       12.450376        12.450376                           -0       97.992475                                 97.992475
              6       61.375127      -261.43789      -114.26748       1.4716033      -261.43789       147.17041   2.0989032e-09       12.446927        12.446927                           -0       97.856399                                 97.856399
              1       61.315968      -194.45558      -119.50229       1.4698473      -194.45558       74.953293   2.0989032e-09       12.443791        12.443791                           -0       97.744354                                 97.744354
              1       61.290904      -194.45558      -119.50229       1.4616562      -194.45558       74.953293   2.0989032e-09       12.429766        12.429766                           -0       97.722276                                 97.722276
              5       59.329639      -169.72889      -51.462025       1.3989459      -169.72889       118.26686   2.0989032e-09       12.355273        12.355273                           -0       93.948732                                 93.948732
              4       58.473283       -201.6641      -8.4522673       1.3632874       -201.6641       193.21183   2.0989032e-09       12.338859        12.338859                           -0       92.268848                                 92.268848
              1       58.108113       -94.37534      -2.4439425       1.3489505       -94.37534       91.931397   2.0989032e-09       12.337561        12.337561                           -0       91.541103                                 91.541103
              1       58.156568      -76.466118      -7.1676925       1.3516612      -76.466118       69.298426   2.0989032e-09       12.337574        12.337574                           -0       91.637988                                 91.637988
              3       58.109558      -76.466118      -7.1676925       1.3247581      -76.466118       69.298426   2.0989032e-09       12.342266        12.342266                           -0       91.534584                                 91.534584
              6       58.140594      -76.466118      -7.1676925        1.350382      -76.466118       69.298426   2.0989032e-09       12.337554        12.337554                           -0       91.606079                                 91.606079
              1       59.130506      -114.31752      -49.644496       1.3914079      -114.31752       64.673029   2.0989032e-09       12.350235        12.350235                           -0       93.560541                                 93.560541
              9        59.09547        -17.1781      -58.942735       1.3915625        -17.1781      -41.764635   2.0989032e-09        12.35033         12.35033                           -0       93.490279                                 93.490279
              5       58.203231      -55.945387      -12.820473        1.353702      -55.945387       43.124914   2.0989032e-09       12.337655        12.337655                           -0       91.731153                                 91.731153
              2       58.140637      -55.945387      -12.820473       1.3462989      -55.945387       43.124914   2.0989032e-09       12.337655        12.337655                           -0       91.605965                                 91.605965
             13       59.693015      -55.945387      -12.820473       1.4059133      -55.945387       43.124914   2.0989032e-09       12.360677        12.360677                           -0       94.664675                                 94.664675
              1       59.833709      -134.03369      -10.386986       1.4102819      -134.03369        123.6467   2.0989032e-09       12.364431        12.364431                           -0       94.938556                                 94.938556
              3       58.415761      -134.03369      -10.386986       1.3240344      -134.03369        123.6467   2.0989032e-09        12.34254         12.34254                           -0       92.146442                                 92.146442
             12       58.728504      -134.03369      -10.386986       1.3111868      -134.03369        123.6467   2.0989032e-09       12.348696        12.348696                           -0       92.759616                                 92.759616
              1       59.186917      -203.93275      -23.981738       1.3291548      -203.93275       179.95101   2.0989032e-09       12.340767        12.340767                           -0         93.6923                                   93.6923
              3       60.044653      -203.93275      -23.981738       1.3087272      -203.93275       179.95101   2.0989032e-09       12.350153        12.350153                           -0          95.389                                    95.389
              6       60.081152      -205.72332      -25.331693       1.3100803      -205.72332       180.39163   2.0989032e-09        12.34934         12.34934                           -0       95.463625                                 95.463625
