#        weight    minuslogpost          a_samp               s       shmr_beta           a_exo           b_exo             A_s   minuslogprior minuslogprior__0 minuslogprior__h2_positivity            chi2 chi2__jwst_likelihood_uvlf.UVLFLikelihood
              1       65.556528      -35.589034       -123.8084            1.35      -35.589034      -88.219366   2.0989032e-09       12.337553        12.337553                           -0       106.43795                                 106.43795
              1       59.581055      -53.107006      -57.702502            1.35      -53.107006      -4.5954955   2.0989032e-09       12.337553        12.337553                           -0       94.487004                                 94.487004
              3       59.811862      -53.107006      -57.702502       1.4273429      -53.107006      -4.5954955   2.0989032e-09       12.381798        12.381798                           -0       94.860127                                 94.860127
              2       60.548631      -75.254594      -17.303662       1.4273429      -75.254594       57.950932   2.0989032e-09       12.381798        12.381798                           -0       96.333665                                 96.333665
              4       59.663101      -75.254594      -17.303662          1.2916      -75.254594       57.950932   2.0989032e-09       12.362779        12.362779                           -0       94.600643                                 94.600643
              1       59.330587      -75.254594      -17.303662       1.2979461      -75.254594       57.950932   2.0989032e-09       12.357595        12.357595                           -0       93.945985                                 93.945985
             13       58.681915      -73.041543      -6.4619093       1.2979461      -73.041543       66.579634   2.0989032e-09       12.357595        12.357595                           -0       92.648641                                 92.648641
              3       61.265027      -58.594794      -43.352089       1.2979461      -58.594794       15.242705   2.0989032e-09       12.357595        12.357595                           -0       97.814865                                 97.814865
             10        58.54787      -47.899126      -6.2368605       1.2979461      -47.899126       41.662265   2.0989032e-09       12.357595        12.357595                           -0        92.38055                                  92.38055
              1       58.355916      -66.576481     -0.51051948       1.2979461      -66.576481       66.065961   2.0989032e-09       12.357595        12.357595                           -0       91.996643                                 91.996643
             11        58.70694       -51.53516      -8.9474291       1.2979461       -51.53516       42.587731   2.0989032e-09       12.357595        12.357595                           -0       92.698691                                 92.698691
              6       58.849247       -71.64596       -9.660326       1.2979461       -71.64596       61.985634   2.0989032e-09       12.357595        12.357595                           -0       92.983304                                 92.983304
              2        59.31828       -71.64596       -9.660326       1.2878477       -71.64596       61.985634   2.0989032e-09       12.366125        12.366125                           -0       93.904311                                 93.904311
              1         60.8231       -70.80477      -29.050682       1.2878477       -70.80477       41.754088   2.0989032e-09       12.366125        12.366125                           -0        96.91395                                  96.91395
              5       59.990356      -58.068498      -20.210308       1.2878477      -58.068498        37.85819   2.0989032e-09       12.366125        12.366125                           -0       95.248462                                 95.248462
              1       59.524994      -77.015708      -12.187917       1.2878477      -77.015708       64.827791   2.0989032e-09       12.366125        12.366125                           -0       94.317739                                 94.317739
              3       59.243464      -77.015708      -12.187917        1.293164      -77.015708       64.827791   2.0989032e-09       12.361446        12.361446                           -0       93.764035                                 93.764035
              2       60.673735      -77.015708      -12.187917       1.4287486      -77.015708       64.827791   2.0989032e-09       12.383421        12.383421                           -0       96.580627                                 96.580627
              5       61.028594      -77.015708      -12.187917       1.4749873      -77.015708       64.827791   2.0989032e-09       12.453099        12.453099                           -0        97.15099                                  97.15099
              1       64.232582       -84.57013      -180.91568       1.5872447       -84.57013      -96.345546   2.0989032e-09       12.753863        12.753863                           -0       102.95744                                 102.95744
              1         62.2306      -42.543195      -147.17429       1.5194875      -42.543195      -104.63109   2.0989032e-09       12.550024        12.550024                           -0       99.361153                                 99.361153
              1        62.41763      -42.543195      -147.17429       1.5268585      -42.543195      -104.63109   2.0989032e-09       12.568906        12.568906                           -0       99.697447                                 99.697447
              2       59.571158      -3.9534905      -17.585947       1.4039754      -3.9534905      -13.632457   2.0989032e-09       12.359102        12.359102                           -0       94.424113                                 94.424113
              5       57.998096      -3.9534905      -17.585947       1.3315969      -3.9534905      -13.632457   2.0989032e-09       12.340058        12.340058                           -0       91.316076                                 91.316076
              2       58.037905      -3.9534905      -17.585947       1.3239684      -3.9534905      -13.632457   2.0989032e-09       12.342565        12.342565                           -0       91.390679                                 91.390679
              8       58.336843      -3.9534905      -17.585947       1.3067487      -3.9534905      -13.632457   2.0989032e-09        12.35139         12.35139                           -0       91.970907                                 91.970907
              4       58.523911      -1.2202548      -11.504513       1.2999506      -1.2202548      -10.284258   2.0989032e-09       12.356081        12.356081                           -0       92.335661                                 92.335661
              1       58.218603       -22.11601      -16.976952       1.3266848       -22.11601       5.1390578   2.0989032e-09       12.341574        12.341574                           -0       91.754058                                 91.754058
              2       60.164833      -35.979711       -88.58264       1.3862436      -35.979711      -52.602929   2.0989032e-09       12.347269        12.347269                           -0       95.635127                                 95.635127
             10       58.824353      -21.471923      -39.301703       1.3396998      -21.471923       -17.82978   2.0989032e-09       12.338338        12.338338                           -0       92.972029                                 92.972029
              1       59.061345      -28.289569      -51.234228       1.3546653      -28.289569      -22.944659   2.0989032e-09       12.337714        12.337714                           -0       93.447261                                 93.447261
              6       59.203825      -28.289569      -51.234228       1.4032406      -28.289569      -22.944659   2.0989032e-09       12.358519        12.358519                           -0       93.690613                                 93.690613
              1       58.689197      -59.865062      -8.4555777       1.3768755      -59.865062       51.409484   2.0989032e-09       12.342896        12.342896                           -0       92.692603                                 92.692603
              4       60.941777      -59.865062      -8.4555777       1.4284982      -59.865062       51.409484   2.0989032e-09        12.38313         12.38313                           -0       97.117294                                 97.117294
              4        61.34726      -101.62252      -34.670474       1.4546628      -101.62252       66.952049   2.0989032e-09       12.418576        12.418576                           -0       97.857367                                 97.857367
              1       61.076588      -67.413205      -25.746733       1.4424814      -67.413205       41.666472   2.0989032e-09       12.400814        12.400814                           -0       97.351549                                 97.351549
              1       62.351205      -192.51184       -87.37296       1.5084008      -192.51184       105.13888   2.0989032e-09       12.523136        12.523136                           -0       99.656138                                 99.656138
              1       60.628481      -192.51184       -87.37296        1.456761      -192.51184       105.13888   2.0989032e-09       12.421857        12.421857                           -0       96.413247                                 96.413247
              1         61.3394      -178.25527      -118.94617       1.4777019      -178.25527         59.3091   2.0989032e-09       12.458173        12.458173                           -0       97.762454                                 97.762454
              1       59.341766      -152.49215      -24.105831        1.403566      -152.49215       128.38632   2.0989032e-09       12.358776        12.358776                           -0        93.96598                                  93.96598
              2       60.188159      -256.84203      -46.520012         1.43718      -256.84203       210.32201   2.0989032e-09       12.393769        12.393769                           -0       95.588781                                 95.588781
              1       60.940089      -246.19571      -90.748236       1.4680415      -246.19571       155.44747   2.0989032e-09       12.440614        12.440614                           -0       96.998951                                 96.998951
              1       60.591598      -246.19571      -90.748236       1.4254648      -246.19571       155.44747   2.0989032e-09       12.379676        12.379676                           -0       96.423844                                 96.423844
              2       59.368308      -163.80677      -55.774878       1.3861889      -163.80677       108.03189   2.0989032e-09        12.34724         12.34724                           -0       94.042136                                 94.042136
              1        62.83252      -163.80677      -55.774878       1.4981107      -163.80677       108.03189   2.0989032e-09       12.499808        12.499808                           -0       100.66542                                 100.66542
              5       63.027349      -205.48505      -7.8197556       1.4695841      -205.48505        197.6653   2.0989032e-09       12.443325        12.443325                           -0       101.16805                                 101.16805
              1       62.366393      -159.21653      -61.307155        1.492952      -159.21653       97.909377   2.0989032e-09       12.488702        12.488702                           -0       99.755383                                 99.755383
              1       62.256133      -152.91518      -57.867017         1.48849      -152.91518       95.048162   2.0989032e-09       12.479413        12.479413                           -0       99.553439                                 99.553439
              3       61.638268      -152.91518      -57.867017       1.4762407      -152.91518       95.048162   2.0989032e-09       12.455428        12.455428                           -0       98.365679                                 98.365679
              3        62.09571      -195.66995      -15.267296       1.4595128      -195.66995       180.40265   2.0989032e-09       12.426259        12.426259                           -0       99.338901                                 99.338901
              1       63.947568      -301.97706      -86.685757       1.5443269      -301.97706        215.2913   2.0989032e-09       12.616865        12.616865                           -0       102.66141                                 102.66141
              2       63.644761      -301.97706      -86.685757       1.5385788      -301.97706        215.2913   2.0989032e-09       12.600586        12.600586                           -0       102.08835                                 102.08835
              2       64.361205      -333.66731      -121.73417       1.5736689      -333.66731       211.93313   2.0989032e-09       12.707581        12.707581                           -0       103.30725                                 103.30725
              1       63.487291      -164.44978      -174.20738       1.5570984      -164.44978      -9.7576001   2.0989032e-09       12.654785        12.654785                           -0       101.66501                                 101.66501
              2       61.752145      -1.2980607      -151.59938       1.4889451      -1.2980607      -150.30132   2.0989032e-09       12.480347        12.480347                           -0       98.543594                                 98.543594
              2       61.853781      -1.2980607      -151.59938       1.4993826      -1.2980607      -150.30132   2.0989032e-09       12.502606        12.502606                           -0        98.70235                                  98.70235
              1       64.334519      -1.2980607      -151.59938       1.3991802      -1.2980607      -150.30132   2.0989032e-09       12.355443        12.355443                           -0       103.95815                                 103.95815
              1       61.308798      -118.34249      -111.04325       1.4076041      -118.34249       7.2992341   2.0989032e-09       12.362096        12.362096                           -0       97.893403                                 97.893403
              1       60.183664      -117.46179      -81.164982       1.3860262      -117.46179       36.296807   2.0989032e-09       12.347153        12.347153                           -0       95.673022                                 95.673022
              1       61.055306       -248.2672      -106.17426        1.445574       -248.2672       142.09295   2.0989032e-09       12.405115        12.405115                           -0       97.300382                                 97.300382
              1        61.51257       -248.2672      -106.17426       1.4159564       -248.2672       142.09295   2.0989032e-09        12.36973         12.36973                           -0       98.285681                                 98.285681
              4       61.144895       -248.2672      -106.17426       1.4690561       -248.2672       142.09295   2.0989032e-09       12.442393        12.442393                           -0       97.405004                                 97.405004
             20       59.410357      -92.398911      -64.766571       1.3987088      -92.398911       27.632341   2.0989032e-09       12.355102        12.355102                           -0       94.110511                                 94.110511
             13       59.185795      -179.02255      -26.918479       1.3986169      -179.02255       152.10407   2.0989032e-09       12.355036        12.355036                           -0       93.661519                                 93.661519
              4       58.712884      -66.364934      -37.624233       1.3739356      -66.364934       28.740701   2.0989032e-09       12.341791        12.341791                           -0       92.742187                                 92.742187
             13       58.678794      -66.364934      -37.624233       1.3651303      -66.364934       28.740701   2.0989032e-09       12.339247        12.339247                           -0       92.679096                                 92.679096
              3       57.886373      -2.4371007      -6.6487983       1.3272685      -2.4371007      -4.2116976   2.0989032e-09       12.341375        12.341375                           -0       91.089995                                 91.089995
             13       58.222537      -2.4371007      -6.6487983       1.3027354      -2.4371007      -4.2116976   2.0989032e-09       12.354077        12.354077                           -0       91.736921                                 91.736921
             10       59.130377      -116.79657      -46.667511       1.3605547      -116.79657       70.129057   2.0989032e-09       12.338377        12.338377                           -0          93.584                                    93.584
              3       60.398914      -295.77587      -79.630877       1.4319421      -295.77587       216.14499   2.0989032e-09       12.387217        12.387217                           -0       96.023394                                 96.023394
              1        60.06528      -115.38377      -75.905899        1.378985      -115.38377       39.477876   2.0989032e-09       12.343767        12.343767                           -0       95.443026                                 95.443026
              6        61.22893      -129.01936      -106.21198       1.4023204      -129.01936        22.80738   2.0989032e-09       12.357801        12.357801                           -0       97.742259                                 97.742259
              4       60.665371      -152.89828      -93.617647       1.4009036      -152.89828       59.280632   2.0989032e-09       12.356719        12.356719                           -0       96.617305                                 96.617305
              1        59.02572      -293.99081      -13.449595       1.3888284      -293.99081       280.54122   2.0989032e-09       12.348705        12.348705                           -0       93.354031                                 93.354031
              2       59.478646      -293.99081      -13.449595       1.4057001      -293.99081       280.54122   2.0989032e-09       12.360501        12.360501                           -0       94.236291                                 94.236291
              1       59.452804      -286.18938      -17.161453       1.4059036      -286.18938       269.02793   2.0989032e-09       12.360669        12.360669                           -0        94.18427                                  94.18427
              1       60.741282      -286.18938      -17.161453       1.4390276      -286.18938       269.02793   2.0989032e-09       12.396177        12.396177                           -0       96.690211                                 96.690211
              4       60.130843      -149.97764      -27.440115       1.4263988      -149.97764       122.53753   2.0989032e-09       12.380725        12.380725                           -0       95.500237                                 95.500237
              2       59.954078      -1.8414047      -62.340628       1.4329891      -1.8414047      -60.499223   2.0989032e-09       12.388494        12.388494                           -0       95.131169                                 95.131169
              2       59.637937      -1.8414047      -62.340628       1.4222414      -1.8414047      -60.499223   2.0989032e-09       12.376154        12.376154                           -0       94.523566                                 94.523566
              1       58.787644      -42.666982      -2.7662831       1.3776232      -42.666982       39.900699   2.0989032e-09       12.343197        12.343197                           -0       92.888893                                 92.888893
              1       59.101935      -101.94055      -4.1817942       1.3881639      -101.94055       97.758752   2.0989032e-09       12.348326        12.348326                           -0       93.507218                                 93.507218
              9       58.393565      -101.94055      -4.1817942       1.3643385      -101.94055       97.758752   2.0989032e-09       12.339074        12.339074                           -0       92.108982                                 92.108982
              9       58.444765      -127.98149      -1.1175609       1.3658112      -127.98149       126.86393   2.0989032e-09       12.339402        12.339402                           -0       92.210725                                 92.210725
             11       59.130733      -46.100191      -52.959591       1.3973434      -46.100191         -6.8594   2.0989032e-09       12.354132        12.354132                           -0       93.553202                                 93.553202
              5       60.866712      -237.80618      -94.454393       1.4630645      -237.80618       143.35178   2.0989032e-09       12.432107        12.432107                           -0       96.869211                                 96.869211
              3       61.535002      -147.88696      -130.33479       1.4796561      -147.88696       17.552166   2.0989032e-09       12.461893        12.461893                           -0       98.146218                                 98.146218
              4       59.563269      -150.37969      -54.420478       1.4150055      -150.37969       95.959216   2.0989032e-09       12.368809        12.368809                           -0       94.388921                                 94.388921
             12       58.930018      -199.21612      -11.962046       1.3863128      -199.21612       187.25407   2.0989032e-09       12.347306        12.347306                           -0       93.165424                                 93.165424
              2       58.434985      -28.980131      -21.698919       1.3678653      -28.980131        7.281213   2.0989032e-09       12.339914        12.339914                           -0       92.190142                                 92.190142
              1       58.289866      -28.980131      -21.698919       1.3354409      -28.980131        7.281213   2.0989032e-09       12.339121        12.339121                           -0        91.90149                                  91.90149
              4       58.386899      -117.74927      -18.013409       1.3432096      -117.74927        99.73586   2.0989032e-09       12.337894        12.337894                           -0        92.09801                                  92.09801
              2       58.266766      -100.58957      -14.043973       1.3377612      -100.58957       86.545594   2.0989032e-09       12.338661        12.338661                           -0        91.85621                                  91.85621
              4       60.447495      -100.58957      -14.043973       1.4243364      -100.58957       86.545594   2.0989032e-09       12.378425        12.378425                           -0        96.13814                                  96.13814
              3       60.974323      -134.70371      -44.083383       1.4538381      -134.70371       90.620328   2.0989032e-09       12.417304        12.417304                           -0       97.114038                                 97.114038
              1       60.562572      -87.748997      -27.567811       1.4341634      -87.748997       60.181186   2.0989032e-09       12.389946        12.389946                           -0       96.345253                                 96.345253
              3       58.757033      -87.748997      -27.567811       1.3818082      -87.748997       60.181186   2.0989032e-09       12.345037        12.345037                           -0       92.823992                                 92.823992
              4       59.915249      -169.71594      -69.364812       1.4270839      -169.71594       100.35113   2.0989032e-09       12.381502        12.381502                           -0       95.067494                                 95.067494
              1       59.142262      -173.31025      -33.081842       1.3969389      -173.31025        140.2284   2.0989032e-09        12.35385         12.35385                           -0       93.576825                                 93.576825
              2       59.263775      -173.31025      -33.081842        1.402408      -173.31025        140.2284   2.0989032e-09       12.357868        12.357868                           -0       93.811814                                 93.811814
              4       59.545445      -36.621554      -68.783783       1.4157573      -36.621554       -32.16223   2.0989032e-09       12.369536        12.369536                           -0       94.351818                                 94.351818
              1        59.55365      -51.868162      -66.895728       1.4160336      -51.868162      -15.027566   2.0989032e-09       12.369805        12.369805                           -0       94.367689                                 94.367689
              4       60.421425      -51.868162      -66.895728       1.3426829      -51.868162      -15.027566   2.0989032e-09       12.337949        12.337949                           -0       96.166951                                 96.166951
              7       60.478927      -288.44549      -60.509102       1.3662833      -288.44549       227.93639   2.0989032e-09       12.339514        12.339514                           -0       96.278826                                 96.278826
              8       60.057936      -288.44549      -60.509102       1.3928239      -288.44549       227.93639   2.0989032e-09       12.351118        12.351118                           -0       95.413637                                 95.413637
              3       58.868655      -155.83115      -33.000916       1.3533883      -155.83115       122.83023   2.0989032e-09       12.337638        12.337638                           -0       93.062034                                 93.062034
              2       58.823706      -155.83115      -33.000916       1.3762161      -155.83115       122.83023   2.0989032e-09       12.342637        12.342637                           -0       92.962138                                 92.962138
              3       58.471947      -145.59377      -16.962065       1.3625167      -145.59377       128.63171   2.0989032e-09       12.338712        12.338712                           -0       92.266469                                 92.266469
              4       58.500823      -148.34237      -18.046303       1.3636966      -148.34237       130.29607   2.0989032e-09       12.338941        12.338941                           -0       92.323764                                 92.323764
              5       58.381328      -123.43056      -15.427131       1.3585912      -123.43056       108.00343   2.0989032e-09       12.338099        12.338099                           -0       92.086458                                 92.086458
              1       58.725643      -187.06753      -24.027411       1.3731135      -187.06753       163.04012   2.0989032e-09       12.341505        12.341505                           -0       92.768277                                 92.768277
              1       59.125423       -57.17716      -57.665634       1.3831647       -57.17716     -0.48847353   2.0989032e-09       12.345689        12.345689                           -0       93.559468                                 93.559468
              2       59.322517       -57.17716      -57.665634       1.3616204       -57.17716     -0.48847353   2.0989032e-09       12.338552        12.338552                           -0        93.96793                                  93.96793
              1       58.934829      -40.172512      -44.718902       1.3494833      -40.172512      -4.5463897   2.0989032e-09       12.337555        12.337555                           -0       93.194548                                 93.194548
              9       58.715148      -166.07585      -26.479775       1.3508799      -166.07585       139.59608   2.0989032e-09       12.337559        12.337559                           -0       92.755177                                 92.755177
              3       58.678644      -166.07585      -26.479775       1.3656631      -166.07585       139.59608   2.0989032e-09       12.339368        12.339368                           -0       92.678552                                 92.678552
              1       59.301218      -166.07585      -26.479775       1.3239683      -166.07585       139.59608   2.0989032e-09       12.342566        12.342566                           -0       93.917305                                 93.917305
              1       60.747884      -294.90405      -67.077533        1.371346      -294.90405       227.82651   2.0989032e-09       12.340924        12.340924                           -0       96.813922                                 96.813922
              2       60.681333      -294.96821      -65.206733       1.3699033      -294.96821       229.76148   2.0989032e-09       12.340483        12.340483                           -0         96.6817                                   96.6817
              3        60.04056      -294.96821      -65.206733        1.398117      -294.96821       229.76148   2.0989032e-09       12.354678        12.354678                           -0       95.371764                                 95.371764
              2       58.785022      -226.94544      -24.252843       1.3579676      -226.94544        202.6926   2.0989032e-09       12.338023        12.338023                           -0       92.893998                                 92.893998
              1       59.436988      -312.25256      -42.393911       1.3825619      -312.25256       269.85865   2.0989032e-09       12.345396        12.345396                           -0       94.183185                                 94.183185
             13       59.590517      -312.25256      -42.393911       1.4106295      -312.25256       269.85865   2.0989032e-09       12.364742        12.364742                           -0       94.451549                                 94.451549
             13        59.76311      -341.56827      -45.885714        1.416955      -341.56827       295.68256   2.0989032e-09       12.370711        12.370711                           -0       94.784797                                 94.784797
              1       60.259363      -201.56233      -84.318061       1.4299172      -201.56233       117.24427   2.0989032e-09       12.384793        12.384793                           -0       95.749141                                 95.749141
              1       60.542866      -201.56233      -84.318061       1.4529338      -201.56233       117.24427   2.0989032e-09       12.415921        12.415921                           -0        96.25389                                  96.25389
              2       60.457727      -285.53071      -66.052411       1.4489891      -285.53071        219.4783   2.0989032e-09        12.41003         12.41003                           -0       96.095394                                 96.095394
              5        61.80385      -285.53071      -66.052411       1.4882256      -285.53071        219.4783   2.0989032e-09       12.478872        12.478872                           -0       98.649956                                 98.649956
              1       61.291924      -180.60129      -62.071628       1.4716979      -180.60129       118.52966   2.0989032e-09       12.447098        12.447098                           -0       97.689654                                 97.689654
              1       59.939846      -180.60129      -62.071628       1.4303515      -180.60129       118.52966   2.0989032e-09       12.385307        12.385307                           -0       95.109077                                 95.109077
              1       60.695933      -337.27622      -70.561175       1.4570674      -337.27622       266.71504   2.0989032e-09       12.422342        12.422342                           -0       96.547181                                 96.547181
              2       61.047282      -337.27622      -70.561175       1.3762918      -337.27622       266.71504   2.0989032e-09       12.342666        12.342666                           -0       97.409232                                 97.409232
              2       59.023567      -186.35664      -8.8123878       1.3076761      -186.35664       177.54425   2.0989032e-09       12.350803        12.350803                           -0       93.345529                                 93.345529
              6        59.95375      -186.35664      -8.8123878       1.4138121      -186.35664       177.54425   2.0989032e-09       12.367672        12.367672                           -0       95.172156                                 95.172156
              1       60.677086      -186.35664      -8.8123878       1.4530697      -186.35664       177.54425   2.0989032e-09       12.416128        12.416128                           -0       96.521915                                 96.521915
              2       60.848712      -186.35664      -8.8123878       1.4639038      -186.35664       177.54425   2.0989032e-09       12.433515        12.433515                           -0       96.830393                                 96.830393
              1       62.747573      -118.04235      -67.493752       1.5021896      -118.04235       50.548601   2.0989032e-09       12.508868        12.508868                           -0       100.47741                                 100.47741
              1       61.384523      -118.04235      -67.493752       1.4747388      -118.04235       50.548601   2.0989032e-09        12.45264         12.45264                           -0       97.863766                                 97.863766
              1       61.509954      -103.00614      -81.060373       1.4836864      -103.00614        21.94577   2.0989032e-09       12.469743        12.469743                           -0       98.080422                                 98.080422
              1       61.432732      -89.305946      -79.813177       1.4809462      -89.305946       9.4927684   2.0989032e-09        12.46438         12.46438                           -0       97.936705                                 97.936705
              1       62.229266      -89.305946      -79.813177       1.3354327      -89.305946       9.4927684   2.0989032e-09       12.339123        12.339123                           -0       99.780286                                 99.780286
              1       62.183491      -85.666876      -78.617074       1.3340126      -85.666876       7.0498014   2.0989032e-09       12.339444        12.339444                           -0       99.688095                                 99.688095
              2       60.559335      -241.35096      -35.007343       1.3188995      -241.35096       206.34362   2.0989032e-09       12.344707        12.344707                           -0       96.429255                                 96.429255
              5       60.837972      -93.563558      -41.066696       1.3049593      -93.563558       52.496862   2.0989032e-09       12.352558        12.352558                           -0       96.970827                                 96.970827
              1       59.915187      -280.20426      -13.891536       1.3069373      -280.20426       266.31273   2.0989032e-09       12.351269        12.351269                           -0       95.127836                                 95.127836
              1       59.185174      -280.20426      -13.891536       1.3957088      -280.20426       266.31273   2.0989032e-09       12.353007        12.353007                           -0       93.664335                                 93.664335
              2       59.648549      -310.03479      -33.881037       1.4155023      -310.03479       276.15375   2.0989032e-09       12.369288        12.369288                           -0       94.558521                                 94.558521
             11        58.40093      -117.20422     -0.12758882       1.3639667      -117.20422       117.07663   2.0989032e-09       12.338996        12.338996                           -0       92.123868                                 92.123868
             10       58.423543      -115.88516      -1.6376552       1.3651393      -115.88516        114.2475   2.0989032e-09       12.339249        12.339249                           -0       92.168588                                 92.168588
              9       58.421785      -115.62882      -1.5820952        1.365061      -115.62882       114.04672   2.0989032e-09       12.339231        12.339231                           -0       92.165108                                 92.165108
              1         59.0791      -145.95123      -31.724107       1.3949873      -145.95123       114.22712   2.0989032e-09       12.352523        12.352523                           -0       93.453154                                 93.453154
              2       59.000325      -48.538708      -42.790152       1.3934798      -48.538708       5.7485563   2.0989032e-09       12.351536        12.351536                           -0       93.297577                                 93.297577
              2       59.490168      -48.538708      -42.790152       1.4131216      -48.538708       5.7485563   2.0989032e-09       12.367023        12.367023                           -0        94.24629                                  94.24629
              2       59.206121      -48.538708      -42.790152       1.4029377      -48.538708       5.7485563   2.0989032e-09       12.358281        12.358281                           -0       93.695681                                 93.695681
              3       59.777178      -307.61184      -27.375052       1.4192394      -307.61184       280.23679   2.0989032e-09       12.373013        12.373013                           -0       94.808331                                 94.808331
              2       59.606758      -266.59095      -25.818496       1.4131524      -266.59095       240.77246   2.0989032e-09       12.367052        12.367052                           -0       94.479411                                 94.479411
              1       59.499201      -311.35277      -11.727408       1.4059463      -311.35277       299.62537   2.0989032e-09       12.360704        12.360704                           -0       94.276994                                 94.276994
              4       58.705586      -311.35277      -11.727408       1.3533641      -311.35277       299.62537   2.0989032e-09       12.337637        12.337637                           -0       92.735897                                 92.735897
             12       58.726985      -311.35277      -11.727408       1.3678195      -311.35277       299.62537   2.0989032e-09       12.339902        12.339902                           -0       92.774166                                 92.774166
              3       60.522945      -311.35277      -11.727408       1.4429893      -311.35277       299.62537   2.0989032e-09        12.40151         12.40151                           -0       96.242869                                 96.242869
              1       60.981909       -217.9074       -26.28698       1.4468772       -217.9074       191.62041   2.0989032e-09        12.40697         12.40697                           -0       97.149877                                 97.149877
              3       60.149231       -217.9074       -26.28698       1.4280383       -217.9074       191.62041   2.0989032e-09       12.382597        12.382597                           -0       95.533267                                 95.533267
              9       59.567311      -84.217238      -13.135072       1.4039222      -84.217238       71.082166   2.0989032e-09       12.359059        12.359059                           -0       94.416503                                 94.416503
              2       58.276158      -84.217238      -13.135072       1.3564441      -84.217238       71.082166   2.0989032e-09        12.33786         12.33786                           -0       91.876595                                 91.876595
              1       58.755563      -57.176058      -39.881373       1.3772486      -57.176058       17.294685   2.0989032e-09       12.343045        12.343045                           -0       92.825036                                 92.825036
              2       58.942141      -57.176058      -39.881373       1.3422278      -57.176058       17.294685   2.0989032e-09          12.338           12.338                           -0       93.208282                                 93.208282
              1       59.137755      -57.176058      -39.881373        1.399765      -57.176058       17.294685   2.0989032e-09       12.355871        12.355871                           -0       93.563768                                 93.563768
              2       59.048869       -59.52731      -34.958637       1.3956879       -59.52731       24.568673   2.0989032e-09       12.352993        12.352993                           -0       93.391754                                 93.391754
              7       58.624554       -59.52731      -34.958637          1.3688       -59.52731       24.568673   2.0989032e-09       12.340168        12.340168                           -0       92.568773                                 92.568773
              1       59.654589      -134.71267      -69.904111       1.4064226      -134.71267       64.808562   2.0989032e-09         12.3611          12.3611                           -0       94.586978                                 94.586978
              3       59.845185      -74.476237      -83.398074       1.4125171      -74.476237      -8.9218372   2.0989032e-09       12.366462        12.366462                           -0       94.957446                                 94.957446
              3       58.365384      -243.47065     -0.30832344        1.355915      -243.47065       243.16233   2.0989032e-09       12.337812        12.337812                           -0       92.055144                                 92.055144
              3       58.885979      -243.47065     -0.30832344       1.3067935      -243.47065       243.16233   2.0989032e-09       12.351361        12.351361                           -0       93.069235                                 93.069235
              1       59.150036      -193.08502      -15.723956       1.3154969      -193.08502       177.36106   2.0989032e-09       12.346359        12.346359                           -0       93.607354                                 93.607354
              2       59.022386      -86.718781      -17.795788       1.3072579      -86.718781       68.922993   2.0989032e-09       12.351066        12.351066                           -0        93.34264                                  93.34264
              1       58.887793      -88.339929      -11.638688       1.3020337      -88.339929       76.701241   2.0989032e-09       12.354571        12.354571                           -0       93.066445                                 93.066445
              6       58.610148      -88.339929      -11.638688       1.3101944      -88.339929       76.701241   2.0989032e-09       12.349273        12.349273                           -0       92.521751                                 92.521751
              4        58.51292      -123.52556      -4.2395703       1.3070563      -123.52556       119.28599   2.0989032e-09       12.351194        12.351194                           -0       92.323453                                 92.323453
              3        61.28597      -123.52556      -4.2395703       1.3374805      -123.52556       119.28599   2.0989032e-09       12.338713        12.338713                           -0       97.894516                                 97.894516
              2       58.064901      -122.95242       -2.389853       1.3358109      -122.95242       120.56256   2.0989032e-09       12.339042        12.339042                           -0       91.451717                                 91.451717
              3       58.453227      -122.95242       -2.389853       1.3061079      -122.95242       120.56256   2.0989032e-09       12.351803        12.351803                           -0       92.202849                                 92.202849
             10       59.424201      -122.95242       -2.389853       1.3961023      -122.95242       120.56256   2.0989032e-09       12.353274        12.353274                           -0       94.141855                                 94.141855
              2       59.387018      -19.649288      -18.277493       1.4002189      -19.649288       1.3717953   2.0989032e-09       12.356207        12.356207                           -0       94.061623                                 94.061623
              8       58.292845      -19.649288      -18.277493       1.3606151      -19.649288       1.3717953   2.0989032e-09       12.338387        12.338387                           -0       91.908916                                 91.908916
              5       59.751515      -201.54242      -63.681743        1.416309      -201.54242       137.86068   2.0989032e-09       12.370075        12.370075                           -0       94.762882                                 94.762882
              1       58.835115       -67.25125      -39.370278        1.383399       -67.25125       27.880972   2.0989032e-09       12.345804        12.345804                           -0       92.978622                                 92.978622
              7       58.932384       -67.25125      -39.370278       1.3896362       -67.25125       27.880972   2.0989032e-09       12.349173        12.349173                           -0       93.166422                                 93.166422
              8       59.225137       -67.25125      -39.370278       1.4030627       -67.25125       27.880972   2.0989032e-09       12.358379        12.358379                           -0       93.733516                                 93.733516
              1       59.087838       -14.81582      -38.888061       1.3982431       -14.81582      -24.072241   2.0989032e-09       12.354768        12.354768                           -0       93.466141                                 93.466141
              4       59.749546       -14.81582      -38.888061        1.418838       -14.81582      -24.072241   2.0989032e-09       12.372603        12.372603                           -0       94.753887                                 94.753887
              1       59.895723      -56.008357       -41.52573       1.4246374      -56.008357       14.482627   2.0989032e-09       12.378757        12.378757                           -0       95.033932                                 95.033932
              2        59.52826      -56.008357       -41.52573       1.3253945      -56.008357       14.482627   2.0989032e-09       12.342031        12.342031                           -0       94.372457                                 94.372457
              1       58.967743      -56.008357       -41.52573       1.3916267      -56.008357       14.482627   2.0989032e-09        12.35037         12.35037                           -0       93.234746                                 93.234746
              1       59.138801      -90.482504      -45.493531        1.398049      -90.482504       44.988974   2.0989032e-09        12.35463         12.35463                           -0       93.568343                                 93.568343
              4       59.236961      -123.62255      -46.145878       1.4014049      -123.62255       77.476671   2.0989032e-09       12.357098        12.357098                           -0       93.759726                                 93.759726
              4       59.728489      -244.38843      -53.838346        1.418371      -244.38843       190.55008   2.0989032e-09       12.372129        12.372129                           -0        94.71272                                  94.71272
              2       59.736156       -247.7285      -53.781776       1.4186002       -247.7285       193.94673   2.0989032e-09       12.372361        12.372361                           -0       94.727589                                 94.727589
              4       58.873095      -243.14529      -14.473021        1.383183      -243.14529       228.67227   2.0989032e-09       12.345698        12.345698                           -0       93.054794                                 93.054794
             11       58.929599      -200.26186      -22.436392       1.3866901      -200.26186       177.82547   2.0989032e-09        12.34751         12.34751                           -0       93.164178                                 93.164178
