#        weight    minuslogpost       shmr_beta             A_s   minuslogprior minuslogprior__0            chi2 chi2__jwst_likelihood_uvlf.UVLFLikelihood
              2        45.79287       1.2829204   2.0989032e-09     -0.39485347      -0.39485347       92.375447                                 92.375447
              2       45.174798       1.3033194   2.0989032e-09     -0.41201764      -0.41201764       91.173631                                 91.173631
              2       46.236888       1.2736805   2.0989032e-09     -0.38505326      -0.38505326       93.243882                                 93.243882
              5       46.129814       1.3783678   2.0989032e-09     -0.42218296      -0.42218296       93.103993                                 93.103993
              1       47.682303       1.4113667   2.0989032e-09     -0.40028101      -0.40028101       96.165169                                 96.165169
              2       45.878212       1.2809591   2.0989032e-09     -0.39287888      -0.39287888       92.542183                                 92.542183
              4       45.001075       1.3287298   2.0989032e-09     -0.42478879      -0.42478879       90.851728                                 90.851728
              7       45.124028       1.3413666   2.0989032e-09     -0.42758382      -0.42758382       91.103224                                 91.103224
             10       45.155502       1.3434309   2.0989032e-09     -0.42781594      -0.42781594       91.166636                                 91.166636
              1       47.091558       1.2601435   2.0989032e-09     -0.36841478      -0.36841478       94.919946                                 94.919946
              1       45.364667       1.2950486   2.0989032e-09      -0.4058004       -0.4058004       91.540934                                 91.540934
              2       45.080375       1.3380934   2.0989032e-09     -0.42708654      -0.42708654       91.014923                                 91.014923
              2       45.362867       1.2951132   2.0989032e-09     -0.40585284      -0.40585284        91.53744                                  91.53744
              1       44.988555       1.3217632   2.0989032e-09     -0.42223781      -0.42223781       90.821586                                 90.821586
              1       45.477574       1.2913238   2.0989032e-09     -0.40266992      -0.40266992       91.760487                                 91.760487
              1       46.295128       1.3825134   2.0989032e-09     -0.42031618      -0.42031618       93.430889                                 93.430889
              2       45.770938       1.3682484   2.0989032e-09     -0.42567206      -0.42567206        92.39322                                  92.39322
              1       45.282578       1.3503086   2.0989032e-09     -0.42813441      -0.42813441       91.421424                                 91.421424
              5       45.435174       1.3567868   2.0989032e-09     -0.42779442      -0.42779442       91.725938                                 91.725938
              3        45.82252       1.3698157   2.0989032e-09      -0.4252308       -0.4252308       92.495502                                 92.495502
              4       45.036399       1.3130742   2.0989032e-09     -0.41804995      -0.41804995       90.908898                                 90.908898
              5       45.196453       1.3021928   2.0989032e-09      -0.4112303       -0.4112303       91.215367                                 91.215367
              1       45.785648        1.283091   2.0989032e-09     -0.39502258      -0.39502258       92.361341                                 92.361341
              2       45.380135        1.354587   2.0989032e-09     -0.42797949      -0.42797949       91.616228                                 91.616228
              4       45.104115       1.3075121   2.0989032e-09     -0.41478291      -0.41478291       91.037796                                 91.037796
              1       45.152423       1.3432384   2.0989032e-09     -0.42779695      -0.42779695       91.160439                                 91.160439
              1       45.933202       1.3730315   2.0989032e-09     -0.42421166      -0.42421166       92.714828                                 92.714828
              6       45.687798       1.3656266   2.0989032e-09     -0.42632897      -0.42632897       92.228254                                 92.228254
              1       45.059025       1.3362265   2.0989032e-09     -0.42673194      -0.42673194       90.971514                                 90.971514
              2       45.178956       1.3448511   2.0989032e-09     -0.42793903      -0.42793903        91.21379                                  91.21379
              6       44.991091        1.320455   2.0989032e-09     -0.42167868      -0.42167868       90.825539                                 90.825539
              2       47.270097       1.4036035   2.0989032e-09     -0.40688265      -0.40688265        95.35396                                  95.35396
              5        45.18443       1.3451707   2.0989032e-09     -0.42796261      -0.42796261       91.224785                                 91.224785
              2        45.06571       1.3368381   2.0989032e-09     -0.42685379      -0.42685379       90.985128                                 90.985128
              3       44.987644         1.32312   2.0989032e-09     -0.42279092      -0.42279092       90.820871                                 90.820871
              3       45.090332       1.3388933   2.0989032e-09     -0.42722269      -0.42722269       91.035109                                 91.035109
              1       45.012444       1.3159785   2.0989032e-09     -0.41957398      -0.41957398       90.864035                                 90.864035
              3       45.097448       1.3394413   2.0989032e-09     -0.42731051      -0.42731051       91.049518                                 91.049518
              2       46.598806        1.389599   2.0989032e-09     -0.41653687      -0.41653687       94.030687                                 94.030687
              2       45.275317       1.3499582   2.0989032e-09      -0.4281351       -0.4281351       91.406903                                 91.406903
              1       44.998943       1.3282551   2.0989032e-09     -0.42463778      -0.42463778       90.847162                                 90.847162
              1       44.996579       1.3188378   2.0989032e-09     -0.42095254      -0.42095254       90.835064                                 90.835064
              1       44.993002       1.3266239   2.0989032e-09      -0.4240934       -0.4240934       90.834191                                 90.834191
              8       47.783906       1.4131987   2.0989032e-09     -0.39859311      -0.39859311       96.364998                                 96.364998
              1       45.376212       1.3544247   2.0989032e-09     -0.42799031      -0.42799031       91.608406                                 91.608406
              2       45.254443       1.3489246   2.0989032e-09     -0.42812656      -0.42812656        91.36514                                  91.36514
              3       45.272394       1.2986704   2.0989032e-09     -0.40864745      -0.40864745       91.362082                                 91.362082
             10       45.097542       1.3079609   2.0989032e-09     -0.41506347      -0.41506347        91.02521                                  91.02521
              3       45.524389       1.2899252   2.0989032e-09     -0.40144142      -0.40144142        91.85166                                  91.85166
              1       45.300294         1.29751   2.0989032e-09     -0.40775643      -0.40775643         91.4161                                   91.4161
              2       46.064828       1.2770025   2.0989032e-09     -0.38872217      -0.38872217       92.907101                                 92.907101
              3       45.384905       1.3547832   2.0989032e-09     -0.42796589      -0.42796589       91.625742                                 91.625742
              1       45.467408       1.2916373   2.0989032e-09     -0.40294132      -0.40294132       91.740698                                 91.740698
              1       45.285923       1.2980991   2.0989032e-09     -0.40821131      -0.40821131       91.388269                                 91.388269
              5       45.183285       1.3028698   2.0989032e-09     -0.41170571      -0.41170571       91.189981                                 91.189981
              1       45.028484       1.3329785   2.0989032e-09     -0.42599214      -0.42599214       90.908953                                 90.908953
              2       45.085998       1.3385498   2.0989032e-09     -0.42716538      -0.42716538       91.026327                                 91.026327
              5       44.990998       1.3204897   2.0989032e-09     -0.42169388      -0.42169388       90.825385                                 90.825385
              4       45.982808       1.2786903   2.0989032e-09     -0.39052358      -0.39052358       92.746663                                 92.746663
              2       45.140142       1.3424514   2.0989032e-09     -0.42771365      -0.42771365       91.135711                                 91.135711
              1       44.993289       1.3197237   2.0989032e-09     -0.42135514      -0.42135514       90.829289                                 90.829289
              3       45.104049       1.3075166   2.0989032e-09     -0.41478572      -0.41478572       91.037669                                 91.037669
              5       44.993812       1.3195701   2.0989032e-09     -0.42128614      -0.42128614       90.830196                                 90.830196
              1        45.32385       1.3521824   2.0989032e-09     -0.42809989      -0.42809989       91.503899                                 91.503899
              3       45.382306       1.3546765   2.0989032e-09     -0.42797336      -0.42797336        91.62056                                  91.62056
              4       45.177782       1.3031601   2.0989032e-09      -0.4119075       -0.4119075       91.179379                                 91.179379
              2       45.287354       1.2980396   2.0989032e-09     -0.40816559      -0.40816559       91.391039                                 91.391039
              2       46.094184       1.3774411   2.0989032e-09     -0.42256547      -0.42256547       93.033498                                 93.033498
              2       45.987832       1.3745642   2.0989032e-09     -0.42367208      -0.42367208       92.823008                                 92.823008
