#        weight    minuslogpost       shmr_beta             A_s   minuslogprior minuslogprior__0            chi2 chi2__jwst_likelihood_uvlf.UVLFLikelihood
              2       45.362924       1.3538689   2.0989032e-09      -0.4280244       -0.4280244       91.581897                                 91.581897
              1       45.787303       1.3687506   2.0989032e-09     -0.42553463      -0.42553463       92.425674                                 92.425674
              1       45.314139       1.3517497   2.0989032e-09     -0.42811247      -0.42811247       91.484502                                 91.484502
              5       45.025569       1.3142869   2.0989032e-09     -0.41870149      -0.41870149       90.888541                                 90.888541
              3       45.539898       1.2894764   2.0989032e-09     -0.40104118      -0.40104118       91.881878                                 91.881878
              4       45.398536       1.2938704   2.0989032e-09     -0.40483235      -0.40483235       91.606737                                 91.606737
              1       45.073038       1.3097674   2.0989032e-09     -0.41616277      -0.41616277       90.978401                                 90.978401
              7       45.214335       1.3468364   2.0989032e-09     -0.42806109      -0.42806109       91.284792                                 91.284792
              7       45.378496       1.3545193   2.0989032e-09     -0.42798405      -0.42798405        91.61296                                  91.61296
              1       45.207538       1.3016403   2.0989032e-09     -0.41083735      -0.41083735       91.236751                                 91.236751
              5        45.08005       1.3380666   2.0989032e-09     -0.42708181      -0.42708181       91.014263                                 91.014263
              1       45.163848       1.3039107   2.0989032e-09     -0.41242337      -0.41242337       91.152543                                 91.152543
              3       45.310042       1.3515653   2.0989032e-09     -0.42811699      -0.42811699       91.476319                                 91.476319
              1       45.990981       1.3746517   2.0989032e-09     -0.42364024      -0.42364024       92.829243                                 92.829243
              4       44.991133       1.3204389   2.0989032e-09     -0.42167167      -0.42167167        90.82561                                  90.82561
              2       45.036874       1.3339737   2.0989032e-09      -0.4262354       -0.4262354       90.926219                                 90.926219
             11       45.069992       1.3100087   2.0989032e-09     -0.41630596      -0.41630596       90.972595                                 90.972595
              2        45.45268       1.2920995   2.0989032e-09     -0.40333878      -0.40333878       91.712037                                 91.712037
              1       44.999633       1.3284115   2.0989032e-09      -0.4246879       -0.4246879       90.848641                                 90.848641
              3        45.14588        1.304923   2.0989032e-09     -0.41310597      -0.41310597       91.117971                                 91.117971
              1       45.267883       1.2988643   2.0989032e-09     -0.40879442      -0.40879442       91.353354                                 91.353354
              5       45.057079       1.3360437   2.0989032e-09     -0.42669445      -0.42669445       90.967547                                 90.967547
              1       45.330193       1.2963283   2.0989032e-09     -0.40682853      -0.40682853       91.474043                                 91.474043
              1       45.276392       1.3500104   2.0989032e-09     -0.42813511      -0.42813511       91.409054                                 91.409054
              1       46.252952       1.3814776   2.0989032e-09     -0.42080641      -0.42080641       93.347518                                 93.347518
              2       46.566268       1.2679748   2.0989032e-09     -0.37837081      -0.37837081       93.889278                                 93.889278
              1       46.007365       1.3751048   2.0989032e-09     -0.42347349      -0.42347349       92.861678                                 92.861678
              2       45.198214       1.3459556   2.0989032e-09     -0.42801413      -0.42801413       91.252457                                 91.252457
              1       45.348773       1.3532665   2.0989032e-09      -0.4280562       -0.4280562       91.553659                                 91.553659
              1        45.59365       1.3625263   2.0989032e-09     -0.42697456      -0.42697456        92.04125                                  92.04125
              4       46.025155       1.3755933   2.0989032e-09     -0.42329031      -0.42329031       92.896892                                 92.896892
              4       45.090749       1.3084392   2.0989032e-09     -0.41535926      -0.41535926       91.012217                                 91.012217
              2       46.556835       1.3886533   2.0989032e-09     -0.41708426      -0.41708426       93.947838                                 93.947838
              1       45.035929       1.3338665   2.0989032e-09      -0.4262099       -0.4262099       90.924278                                 90.924278
             10       45.361264       1.2951708   2.0989032e-09     -0.40589961      -0.40589961       91.534328                                 91.534328
              4       45.236393       1.3002692   2.0989032e-09     -0.40984259      -0.40984259       91.292471                                 91.292471
              3       44.988421       1.3245526   2.0989032e-09     -0.42334538      -0.42334538       90.823533                                 90.823533
              1       45.091211        1.338962   2.0989032e-09     -0.42723395      -0.42723395       91.036889                                 91.036889
             10       46.366432       1.3842301   2.0989032e-09     -0.41946871      -0.41946871       93.571802                                 93.571802
              1       45.829659       1.2820625   2.0989032e-09      -0.3939968       -0.3939968       92.447311                                 92.447311
              8       44.987831       1.3225718   2.0989032e-09      -0.4225707       -0.4225707       90.820804                                 90.820804
              2       44.987806       1.3226238   2.0989032e-09      -0.4225918       -0.4225918       90.820795                                 90.820795
              4        45.04154       1.3125443   2.0989032e-09     -0.41775839      -0.41775839       90.918596                                 90.918596
              1       46.436748       1.3858886   2.0989032e-09     -0.41860855      -0.41860855       93.710714                                 93.710714
              1       45.017356       1.3153024   2.0989032e-09     -0.41923037      -0.41923037       90.873173                                 90.873173
              5       45.101264        1.307705   2.0989032e-09     -0.41490388      -0.41490388       91.032336                                 91.032336
              4       45.714146       1.3664692   2.0989032e-09     -0.42612893      -0.42612893       92.280551                                 92.280551
              3       45.164656       1.3038665   2.0989032e-09     -0.41239323      -0.41239323       91.154098                                 91.154098
              3       45.270306       1.3497138   2.0989032e-09     -0.42813451      -0.42813451       91.396881                                 91.396881
              3       46.693328       1.2659635   2.0989032e-09     -0.37590038      -0.37590038       94.138457                                 94.138457
              1       45.541008        1.360702   2.0989032e-09     -0.42728797      -0.42728797       91.936592                                 91.936592
              2       44.987674       1.3235701   2.0989032e-09     -0.42296841      -0.42296841       90.821285                                 90.821285
              4       45.302402       1.3512193   2.0989032e-09     -0.42812412      -0.42812412       91.461053                                 91.461053
              2       45.601024       1.3627763   2.0989032e-09     -0.42692776      -0.42692776       92.055904                                 92.055904
              1       45.006967       1.3168177   2.0989032e-09     -0.41999114      -0.41999114       90.853917                                 90.853917
              1       48.087858       1.2478674   2.0989032e-09     -0.35098229      -0.35098229       96.877682                                 96.877682
              1        48.86636        1.239883   2.0989032e-09     -0.33844767      -0.33844767       98.409616                                 98.409616
              1       45.391455       1.3550509   2.0989032e-09     -0.42794642      -0.42794642       91.638803                                 91.638803
              1       46.122632        1.378182   2.0989032e-09     -0.42226065      -0.42226065       93.089786                                 93.089786
             10       45.610473       1.2875144   2.0989032e-09     -0.39925606      -0.39925606       92.019458                                 92.019458
              3       45.121869       1.3063679   2.0989032e-09     -0.41405403      -0.41405403       91.071847                                 91.071847
              2       45.203052        1.301862   2.0989032e-09     -0.41099558      -0.41099558       91.228095                                 91.228095
              2       45.554119       1.3611622   2.0989032e-09     -0.42721356      -0.42721356       91.962666                                 91.962666
              5       45.807783       1.2825703   2.0989032e-09     -0.39450519      -0.39450519       92.404577                                 92.404577
              1       45.849736       1.3706252   2.0989032e-09     -0.42498866      -0.42498866        92.54945                                  92.54945
              2       45.405944        1.293621   2.0989032e-09     -0.40462479      -0.40462479       91.621137                                 91.621137
              3       45.343781        1.353052   2.0989032e-09     -0.42806622      -0.42806622       91.543695                                 91.543695
              1       45.471019       1.3581507   2.0989032e-09     -0.42764374      -0.42764374       91.797325                                 91.797325
              2       45.672615       1.3651367   2.0989032e-09     -0.42644045      -0.42644045        92.19811                                  92.19811
              2       45.125671       1.3061325   2.0989032e-09     -0.41390169      -0.41390169       91.079146                                 91.079146
