#        weight    minuslogpost       shmr_beta             A_s   minuslogprior minuslogprior__0            chi2 chi2__jwst_likelihood_uvlf.UVLFLikelihood
              1       45.186314       1.3452796   2.0989032e-09     -0.42797031      -0.42797031       91.228568                                 91.228568
             11       44.989053       1.3214173   2.0989032e-09     -0.42209244      -0.42209244        90.82229                                  90.82229
              8       45.053165       1.3114335   2.0989032e-09      -0.4171338       -0.4171338       90.940598                                 90.940598
              1       45.285154       1.2981312   2.0989032e-09     -0.40823592      -0.40823592        91.38678                                  91.38678
              4       45.729488       1.3669556   2.0989032e-09      -0.4260087       -0.4260087       92.310994                                 92.310994
              3       45.147823       1.3429473   2.0989032e-09     -0.42776721      -0.42776721        91.15118                                  91.15118
              1       45.047318       1.3350844   2.0989032e-09     -0.42648959      -0.42648959       90.947616                                 90.947616
              2       44.989323        1.321256   2.0989032e-09     -0.42202404      -0.42202404       90.822694                                 90.822694
              3       45.076983       1.3378137   2.0989032e-09      -0.4270367       -0.4270367        91.00804                                  91.00804
              2       45.162103       1.3040066   2.0989032e-09     -0.41248871      -0.41248871       91.149182                                 91.149182
             13       44.991534       1.3261125   2.0989032e-09      -0.4239146       -0.4239146       90.830897                                 90.830897
              1       50.255899       1.2277809   2.0989032e-09     -0.31765051      -0.31765051        101.1471                                  101.1471
              2       46.817475       1.2640798   2.0989032e-09     -0.37353239      -0.37353239       94.382015                                 94.382015
             10       46.165682       1.3792884   2.0989032e-09     -0.42179035      -0.42179035       93.174945                                 93.174945
              3       45.484314       1.2911182   2.0989032e-09     -0.40249114      -0.40249114        91.77361                                  91.77361
              1       45.106064       1.3073818   2.0989032e-09     -0.41470085      -0.41470085       91.041529                                 91.041529
              1        45.75836       1.2837434   2.0989032e-09     -0.39566516      -0.39566516        92.30805                                  92.30805
              2       45.848784       1.3705971   2.0989032e-09     -0.42499723      -0.42499723       92.547562                                 92.547562
              1       45.929369       1.3729232   2.0989032e-09     -0.42424849      -0.42424849       92.707236                                 92.707236
              2       46.200648       1.3801735   2.0989032e-09     -0.42140108      -0.42140108       93.244099                                 93.244099
              1       45.905334       1.3722403   2.0989032e-09     -0.42447659      -0.42447659       92.659621                                 92.659621
              3       45.033653       1.3336036   2.0989032e-09     -0.42614663      -0.42614663         90.9196                                   90.9196
              2       46.502356       1.3874113   2.0989032e-09     -0.41778303      -0.41778303       93.840278                                 93.840278
              4       46.534204       1.3881398   2.0989032e-09     -0.41737592      -0.41737592        93.90316                                  93.90316
              1       47.718974       1.4120307   2.0989032e-09     -0.39967498      -0.39967498       96.237299                                 96.237299
              1       45.911197       1.3724077   2.0989032e-09     -0.42442131      -0.42442131       92.671236                                 92.671236
              6       48.017574       1.4173362   2.0989032e-09     -0.39459839      -0.39459839       96.824346                                 96.824346
              6        46.44942        1.386185   2.0989032e-09     -0.41845054      -0.41845054       93.735741                                 93.735741
              2       46.671468       1.3912153   2.0989032e-09     -0.41557077      -0.41557077       94.174077                                 94.174077
              2       46.464172       1.3865286   2.0989032e-09     -0.41826575      -0.41826575       93.764875                                 93.764875
              1        45.02074       1.3319737   2.0989032e-09     -0.42573166      -0.42573166       90.892942                                 90.892942
              1       46.488739       1.3870976   2.0989032e-09     -0.41795589      -0.41795589        93.81339                                  93.81339
              1       45.992994       1.3747075   2.0989032e-09     -0.42361986      -0.42361986       92.833227                                 92.833227
              2       45.911204       1.2802293   2.0989032e-09     -0.39212958      -0.39212958       92.606667                                 92.606667
              2       46.540635       1.2683943   2.0989032e-09     -0.37887847      -0.37887847       93.839026                                 93.839026
              1       45.131106       1.3418512   2.0989032e-09     -0.42764397      -0.42764397         91.1175                                   91.1175
              3        45.00591       1.3169931   2.0989032e-09       -0.420077        -0.420077       90.851973                                 90.851973
              1         45.7499       1.2839482   2.0989032e-09     -0.39586555      -0.39586555       92.291531                                 92.291531
              1        45.31116       1.2970759   2.0989032e-09     -0.40741793      -0.40741793       91.437156                                 91.437156
             12       45.286658       1.2980686   2.0989032e-09     -0.40818781      -0.40818781       91.389692                                 91.389692
              4        46.38071       1.3845689   2.0989032e-09     -0.41929629      -0.41929629       93.600014                                 93.600014
              1       46.264703       1.3817678   2.0989032e-09     -0.42067068      -0.42067068       93.370747                                 93.370747
              3       47.716975       1.2521058   2.0989032e-09     -0.35725292      -0.35725292       96.148456                                 96.148456
              1       45.189136       1.3025662   2.0989032e-09     -0.41149335      -0.41149335       91.201258                                 91.201258
              2       45.564276       1.3615165   2.0989032e-09     -0.42715413      -0.42715413        91.98286                                  91.98286
              7       45.449696       1.3573454   2.0989032e-09     -0.42773604      -0.42773604       91.754863                                 91.754863
              1       45.990797       1.2785229   2.0989032e-09     -0.39034682      -0.39034682       92.762288                                 92.762288
              2       45.029283       1.3330779   2.0989032e-09     -0.42601708      -0.42601708       90.910601                                 90.910601
              4        45.28242        1.350301   2.0989032e-09     -0.42813444      -0.42813444       91.421109                                 91.421109
              1        44.98764       1.3231611   2.0989032e-09     -0.42280725      -0.42280725       90.820894                                 90.820894
              1       45.018392       1.3151673   2.0989032e-09     -0.41916087      -0.41916087       90.875105                                 90.875105
              1       48.231112       1.4210051   2.0989032e-09     -0.39084429      -0.39084429       97.243912                                 97.243912
              1       45.608625       1.3630325   2.0989032e-09     -0.42687886      -0.42687886       92.071007                                 92.071007
              4       44.998154       1.3184707   2.0989032e-09     -0.42078234      -0.42078234       90.837873                                 90.837873
              2       46.156649       1.2751901   2.0989032e-09     -0.38674071      -0.38674071        93.08678                                  93.08678
              1       45.730672       1.3669929   2.0989032e-09     -0.42599932      -0.42599932       92.313343                                 92.313343
              4       44.988039       1.3242565   2.0989032e-09     -0.42323329      -0.42323329       90.822545                                 90.822545
              1       45.735222       1.3671364   2.0989032e-09      -0.4259631       -0.4259631       92.322371                                 92.322371
              4       47.165336       1.4015383   2.0989032e-09     -0.40848866      -0.40848866        95.14765                                  95.14765
              2       46.363151       1.2714079   2.0989032e-09     -0.38244936      -0.38244936         93.4912                                   93.4912
