#        weight    minuslogpost       shmr_beta             A_s   minuslogprior minuslogprior__0            chi2 chi2__jwst_likelihood_uvlf.UVLFLikelihood
              3       45.901073       1.3721184   2.0989032e-09     -0.42451661      -0.42451661        92.65118                                  92.65118
              5       45.013145       1.3158781   2.0989032e-09     -0.41952338      -0.41952338       90.865336                                 90.865336
              2        46.13249        1.378437   2.0989032e-09      -0.4221539       -0.4221539       93.109288                                 93.109288
              1       45.177566       1.3031716   2.0989032e-09     -0.41191545      -0.41191545       91.178964                                 91.178964
              2       45.094599       1.3081665   2.0989032e-09       -0.415191        -0.415191        91.01958                                  91.01958
              1        45.66604       1.2860469   2.0989032e-09     -0.39788366      -0.39788366       92.127848                                 92.127848
              3       46.285221       1.2727972   2.0989032e-09     -0.38405032      -0.38405032       93.338544                                 93.338544
              6       45.205186       1.3463412   2.0989032e-09      -0.4280361       -0.4280361       91.266444                                 91.266444
              1        45.58296       1.3621611   2.0989032e-09     -0.42704124      -0.42704124       92.020002                                 92.020002
              1       44.987664       1.3235217   2.0989032e-09     -0.42294945      -0.42294945       90.821226                                 90.821226
              1       44.990219       1.3255715   2.0989032e-09     -0.42372128      -0.42372128       90.827881                                 90.827881
              3       45.817604       1.3696682   2.0989032e-09      -0.4252739       -0.4252739       92.485755                                 92.485755
              1       46.808956       1.3942035   2.0989032e-09      -0.4136828       -0.4136828       94.445277                                 94.445277
              1       46.343922       1.3836927   2.0989032e-09     -0.41973869      -0.41973869       93.527322                                 93.527322
              1        46.55063       1.3885128   2.0989032e-09     -0.41716444      -0.41716444       93.935588                                 93.935588
              1       45.078939       1.3093106   2.0989032e-09     -0.41588937      -0.41588937       90.989657                                 90.989657
              3       47.349726       1.2566694   2.0989032e-09      -0.3637076       -0.3637076       95.426868                                 95.426868
              2       46.531775       1.2685401   2.0989032e-09     -0.37905443      -0.37905443       93.821659                                 93.821659
              1       47.141794       1.4010691   2.0989032e-09     -0.40884476      -0.40884476       95.101277                                 95.101277
              2       46.138927        1.378603   2.0989032e-09     -0.42208386      -0.42208386       93.122021                                 93.122021
              1       45.983288       1.2786802   2.0989032e-09     -0.39051295      -0.39051295       92.747602                                 92.747602
              3       44.991168       1.3204259   2.0989032e-09     -0.42166596      -0.42166596       90.825669                                 90.825669
              3       45.113814       1.3068768   2.0989032e-09     -0.41438061      -0.41438061        91.05639                                  91.05639
              1       46.105991         1.27618   2.0989032e-09     -0.38782894      -0.38782894        92.98764                                  92.98764
              3       45.067884       1.3101773   2.0989032e-09      -0.4164055       -0.4164055       90.968578                                 90.968578
              3       44.998414       1.3281315   2.0989032e-09      -0.4245979       -0.4245979       90.846024                                 90.846024
              3       44.987667       1.3229981   2.0989032e-09     -0.42274233      -0.42274233       90.820819                                 90.820819
              1       45.197787       1.3459317   2.0989032e-09     -0.42801269      -0.42801269         91.2516                                   91.2516
              1       45.876192       1.3714001   2.0989032e-09     -0.42474781      -0.42474781       92.601879                                 92.601879
              1       45.549708        1.361008   2.0989032e-09     -0.42723885      -0.42723885       91.953894                                 91.953894
              1       45.034536        1.313273   2.0989032e-09     -0.41815826      -0.41815826       90.905388                                 90.905388
              1       47.394358       1.4060113   2.0989032e-09     -0.40493052      -0.40493052       95.598577                                 95.598577
              6       45.053806       1.3113751   2.0989032e-09     -0.41710049      -0.41710049       90.941813                                 90.941813
              1       45.402014        1.293753   2.0989032e-09     -0.40473478      -0.40473478       91.613497                                 91.613497
              4       45.618077       1.2873095   2.0989032e-09     -0.39906631      -0.39906631       92.034286                                 92.034286
              3       44.993916       1.3269145   2.0989032e-09     -0.42419325      -0.42419325       90.836218                                 90.836218
              2       45.002149       1.3176622   2.0989032e-09      -0.4204004       -0.4204004       90.845099                                 90.845099
              2       44.990892       1.3258627   2.0989032e-09     -0.42382589      -0.42382589       90.829436                                 90.829436
              1       45.000465       1.3285976   2.0989032e-09     -0.42474708      -0.42474708       90.850424                                 90.850424
              1       45.013862       1.3309802   2.0989032e-09     -0.42545944      -0.42545944       90.878642                                 90.878642
              3       45.050181        1.311708   2.0989032e-09     -0.41728988      -0.41728988       90.934942                                 90.934942
              2       45.195886       1.3022214   2.0989032e-09     -0.41125057      -0.41125057       91.214274                                 91.214274
              2       45.049574       1.3117646   2.0989032e-09     -0.41732193      -0.41732193       90.933792                                 90.933792
              7       45.150584       1.3046524   2.0989032e-09     -0.41292502      -0.41292502       91.127019                                 91.127019
              1       45.531376       1.3603606   2.0989032e-09     -0.42734117      -0.42734117       91.917434                                 91.917434
              1       45.150194       1.3430979   2.0989032e-09     -0.42778275      -0.42778275       91.155953                                 91.155953
              1       47.946273       1.4160862   2.0989032e-09     -0.39583201      -0.39583201        96.68421                                  96.68421
              1       45.257092        1.349058   2.0989032e-09     -0.42812855      -0.42812855       91.370441                                 91.370441
              3       45.013743       1.3309619   2.0989032e-09     -0.42545427      -0.42545427       90.878394                                 90.878394
              2       45.065456       1.3368153   2.0989032e-09     -0.42684933      -0.42684933       90.984611                                 90.984611
              3       45.494922       1.3590388   2.0989032e-09     -0.42753082      -0.42753082       91.844906                                 91.844906
              3       46.382846       1.3846195   2.0989032e-09     -0.41927039      -0.41927039       93.604232                                 93.604232
              2        45.50363       1.3593582   2.0989032e-09     -0.42748736      -0.42748736       91.862235                                 91.862235
              1       45.643443       1.3641886   2.0989032e-09     -0.42664609      -0.42664609       92.140178                                 92.140178
              1       45.362168        1.353837   2.0989032e-09     -0.42802622      -0.42802622       91.580388                                 91.580388
              1       45.314274       1.3517558   2.0989032e-09     -0.42811231      -0.42811231       91.484773                                 91.484773
              6       45.051514       1.3355059   2.0989032e-09     -0.42658127      -0.42658127       90.956191                                 90.956191
              1       45.799835       1.2827564   2.0989032e-09     -0.39469056      -0.39469056       92.389052                                 92.389052
              4       45.006232       1.3297256   2.0989032e-09     -0.42509479      -0.42509479       90.862653                                 90.862653
              2       45.178227       1.3448082   2.0989032e-09     -0.42793574      -0.42793574       91.212326                                 91.212326
              1       45.569651       1.2886351   2.0989032e-09      -0.4002827       -0.4002827       91.939867                                 91.939867
              3       46.045817        1.376152   2.0989032e-09     -0.42307647      -0.42307647       92.937787                                 92.937787
              2       45.836812       1.2818977   2.0989032e-09       -0.393831        -0.393831       92.461287                                 92.461287
              7       45.030953       1.3136675   2.0989032e-09      -0.4183714       -0.4183714        90.89865                                  90.89865
              4       44.993377       1.3267461   2.0989032e-09     -0.42413552      -0.42413552       90.835025                                 90.835025
              4       45.008716       1.3301562   2.0989032e-09     -0.42522256      -0.42522256       90.867878                                 90.867878
              3       45.148532       1.3047699   2.0989032e-09     -0.41300375      -0.41300375       91.123071                                 91.123071
              1       45.442902       1.2924108   2.0989032e-09     -0.40360467      -0.40360467       91.693014                                 91.693014
              5       45.787103       1.2830566   2.0989032e-09     -0.39498848      -0.39498848       92.364183                                 92.364183
              5       45.602164       1.3628148   2.0989032e-09     -0.42692047      -0.42692047       92.058169                                 92.058169
