#        weight    minuslogpost          a_samp               s           a_exo           b_exo             A_s   minuslogprior minuslogprior__0 minuslogprior__h2_positivity            chi2 chi2__jwst_likelihood_uvlf.UVLFLikelihood
              1        59.58501      -24.723351      -51.728565      -24.723351      -27.005214   2.0989032e-09       12.765688        12.765688                           -0       93.638644                                 93.638644
              3       58.740616      -31.152521      -24.849967      -31.152521       6.3025533   2.0989032e-09       12.765688        12.765688                           -0       91.949855                                 91.949855
              1       58.648133      -31.175533      -19.755636      -31.175533       11.419896   2.0989032e-09       12.765688        12.765688                           -0       91.764889                                 91.764889
              1       58.754875      -62.724465      -22.035821      -62.724465       40.688644   2.0989032e-09       12.765688        12.765688                           -0       91.978373                                 91.978373
              7       58.550985      -55.682752      -8.7241635      -55.682752       46.958589   2.0989032e-09       12.765688        12.765688                           -0       91.570592                                 91.570592
              5       58.597037      -55.939603      -13.075698      -55.939603       42.863905   2.0989032e-09       12.765688        12.765688                           -0       91.662697                                 91.662697
              4       58.802148      -52.682201      -25.367784      -52.682201       27.314417   2.0989032e-09       12.765688        12.765688                           -0       92.072919                                 92.072919
              1       58.540901      -52.882057      -7.9419708      -52.882057       44.940086   2.0989032e-09       12.765688        12.765688                           -0       91.550425                                 91.550425
              1       58.587023      -67.702181      -10.661504      -67.702181       57.040677   2.0989032e-09       12.765688        12.765688                           -0        91.64267                                  91.64267
              4       58.576627      -64.285951      -10.163424      -64.285951       54.122527   2.0989032e-09       12.765688        12.765688                           -0       91.621878                                 91.621878
              2       58.514996      -65.157888      -1.2392163      -65.157888       63.918672   2.0989032e-09       12.765688        12.765688                           -0       91.498615                                 91.498615
              4       58.509693      -59.417012      -1.1257483      -59.417012       58.291263   2.0989032e-09       12.765688        12.765688                           -0        91.48801                                  91.48801
              2       58.567245      -78.773152       -7.146323      -78.773152       71.626829   2.0989032e-09       12.765688        12.765688                           -0       91.603113                                 91.603113
              6       59.002655      -92.396216      -29.067496      -92.396216        63.32872   2.0989032e-09       12.765688        12.765688                           -0       92.473933                                 92.473933
              1       59.296542      -110.75069      -36.262418      -110.75069       74.488267   2.0989032e-09       12.765688        12.765688                           -0       93.061706                                 93.061706
              1        61.37257      -107.68247      -73.773342      -107.68247       33.909125   2.0989032e-09       12.765688        12.765688                           -0       97.213763                                 97.213763
              3        58.52847      -52.956823      -6.2286155      -52.956823       46.728207   2.0989032e-09       12.765688        12.765688                           -0       91.525564                                 91.525564
              3       58.564615      -23.982841      -14.529852      -23.982841        9.452989   2.0989032e-09       12.765688        12.765688                           -0       91.597853                                 91.597853
              6       58.851719      -29.515948      -29.968909      -29.515948     -0.45296026   2.0989032e-09       12.765688        12.765688                           -0       92.172062                                 92.172062
              1       58.679672      -8.9656845      -24.189976      -8.9656845      -15.224291   2.0989032e-09       12.765688        12.765688                           -0       91.827968                                 91.827968
             10       58.654741      -8.9064118      -22.780552      -8.9064118       -13.87414   2.0989032e-09       12.765688        12.765688                           -0       91.778106                                 91.778106
              1       58.503684      -29.622464      -6.2306045      -29.622464        23.39186   2.0989032e-09       12.765688        12.765688                           -0       91.475991                                 91.475991
              5       58.813669      -37.781086      -27.489715      -37.781086       10.291371   2.0989032e-09       12.765688        12.765688                           -0       92.095961                                 92.095961
              1        58.53358      -22.493258      -11.660883      -22.493258       10.832374   2.0989032e-09       12.765688        12.765688                           -0       91.535783                                 91.535783
              3       58.492142      -3.1160346      -9.1031219      -3.1160346      -5.9870873   2.0989032e-09       12.765688        12.765688                           -0       91.452907                                 91.452907
              1       58.819767      -114.80797      -19.384694      -114.80797        95.42328   2.0989032e-09       12.765688        12.765688                           -0       92.108158                                 92.108158
              4        58.54364      -72.730273       -5.150174      -72.730273       67.580099   2.0989032e-09       12.765688        12.765688                           -0       91.555904                                 91.555904
              1       58.747746      -94.046547      -18.153982      -94.046547       75.892565   2.0989032e-09       12.765688        12.765688                           -0       91.964115                                 91.964115
              3       58.638338      -27.786653      -19.540891      -27.786653       8.2457616   2.0989032e-09       12.765688        12.765688                           -0         91.7453                                   91.7453
              1       58.581569      -24.619889      -15.880312      -24.619889       8.7395767   2.0989032e-09       12.765688        12.765688                           -0       91.631761                                 91.631761
              5       58.637232      -40.588467      -17.927612      -40.588467       22.660855   2.0989032e-09       12.765688        12.765688                           -0       91.743087                                 91.743087
              6        59.01573      -114.90293       -27.20364      -114.90293       87.699287   2.0989032e-09       12.765688        12.765688                           -0       92.500084                                 92.500084
             17       58.603632      -120.80599      -4.9437718      -120.80599       115.86222   2.0989032e-09       12.765688        12.765688                           -0       91.675888                                 91.675888
              2       59.224422      -204.48136       -24.86376      -204.48136        179.6176   2.0989032e-09       12.765688        12.765688                           -0       92.917467                                 92.917467
              2       58.662668      -88.171482      -13.852619      -88.171482       74.318863   2.0989032e-09       12.765688        12.765688                           -0        91.79396                                  91.79396
              2       58.684447      -200.25866      -1.4613868      -200.25866       198.79727   2.0989032e-09       12.765688        12.765688                           -0       91.837517                                 91.837517
              9       59.137388      -304.69055       -11.87325      -304.69055        292.8173   2.0989032e-09       12.765688        12.765688                           -0         92.7434                                   92.7434
              5       58.921475      -141.63755      -20.870942      -141.63755       120.76661   2.0989032e-09       12.765688        12.765688                           -0       92.311573                                 92.311573
              1       58.802401      -271.15307     -0.82403641      -271.15307       270.32904   2.0989032e-09       12.765688        12.765688                           -0       92.073424                                 92.073424
              4       58.611601      -34.884077        -16.8615      -34.884077       18.022577   2.0989032e-09       12.765688        12.765688                           -0       91.691826                                 91.691826
              4       58.687153      -54.398846      -19.368368      -54.398846       35.030478   2.0989032e-09       12.765688        12.765688                           -0       91.842929                                 91.842929
              1       58.626725      -49.550467      -16.120126      -49.550467       33.430342   2.0989032e-09       12.765688        12.765688                           -0       91.722074                                 91.722074
              2       58.789278       -149.7982      -14.016048       -149.7982       135.78215   2.0989032e-09       12.765688        12.765688                           -0        92.04718                                  92.04718
              6       58.855115      -146.43055      -17.540896      -146.43055       128.88966   2.0989032e-09       12.765688        12.765688                           -0       92.178853                                 92.178853
              1       58.849223      -145.74363      -17.349782      -145.74363       128.39385   2.0989032e-09       12.765688        12.765688                           -0       92.167069                                 92.167069
              3       58.491945        -1.34123      -9.3940621        -1.34123      -8.0528322   2.0989032e-09       12.765688        12.765688                           -0       91.452513                                 91.452513
              6         58.5382      -47.257159       -8.473899      -47.257159        38.78326   2.0989032e-09       12.765688        12.765688                           -0       91.545024                                 91.545024
              1       58.618875       -76.80686      -12.126261       -76.80686       64.680599   2.0989032e-09       12.765688        12.765688                           -0       91.706374                                 91.706374
              4       58.506164      -22.335003      -8.0180205      -22.335003       14.316983   2.0989032e-09       12.765688        12.765688                           -0       91.480951                                 91.480951
              3       58.500946      -18.323051      -7.8581803      -18.323051        10.46487   2.0989032e-09       12.765688        12.765688                           -0       91.470516                                 91.470516
              9       59.649007      -313.73326        -25.3836      -313.73326       288.34966   2.0989032e-09       12.765688        12.765688                           -0       93.766637                                 93.766637
              7       58.630618      -159.42731      -2.2097658      -159.42731       157.21755   2.0989032e-09       12.765688        12.765688                           -0       91.729859                                 91.729859
              5       58.598309      -119.42039      -4.6008011      -119.42039       114.81959   2.0989032e-09       12.765688        12.765688                           -0       91.665242                                 91.665242
              2       58.488304      -6.5854925      -7.7086942      -6.5854925      -1.1232017   2.0989032e-09       12.765688        12.765688                           -0        91.44523                                  91.44523
              2       58.543649      -35.451431      -10.880432      -35.451431       24.570999   2.0989032e-09       12.765688        12.765688                           -0       91.555921                                 91.555921
              4       58.591179       -107.3254      -5.5850095       -107.3254       101.74039   2.0989032e-09       12.765688        12.765688                           -0       91.650982                                 91.650982
              6       58.781349      -135.08572      -15.265594      -135.08572       119.82013   2.0989032e-09       12.765688        12.765688                           -0       92.031321                                 92.031321
              1       58.572178      -86.261984      -6.5955464      -86.261984       79.666438   2.0989032e-09       12.765688        12.765688                           -0       91.612979                                 91.612979
              1       58.558353      -113.04084     -0.53724275      -113.04084        112.5036   2.0989032e-09       12.765688        12.765688                           -0       91.585329                                 91.585329
              3       58.475783      -12.006555     -0.83487941      -12.006555       11.171676   2.0989032e-09       12.765688        12.765688                           -0       91.420189                                 91.420189
              1       58.531718     -0.37061332       -14.65453     -0.37061332      -14.283916   2.0989032e-09       12.765688        12.765688                           -0       91.532059                                 91.532059
              1       58.471175      -3.8155812      -0.9738656      -3.8155812       2.8417156   2.0989032e-09       12.765688        12.765688                           -0       91.410973                                 91.410973
              5        59.15048      -295.60589      -13.255762      -295.60589       282.35012   2.0989032e-09       12.765688        12.765688                           -0       92.769583                                 92.769583
              4       59.531598       -349.7933      -18.992088       -349.7933       330.80121   2.0989032e-09       12.765688        12.765688                           -0        93.53182                                  93.53182
              8       58.893691      -245.38824      -8.4863934      -245.38824       236.90184   2.0989032e-09       12.765688        12.765688                           -0       92.256004                                 92.256004
              2       58.686593      -131.53351      -10.186516      -131.53351         121.347   2.0989032e-09       12.765688        12.765688                           -0        91.84181                                  91.84181
              1       59.536703      -243.19979      -29.513506      -243.19979       213.68628   2.0989032e-09       12.765688        12.765688                           -0       93.542028                                 93.542028
              1       60.047063      -98.943425      -54.114733      -98.943425       44.828692   2.0989032e-09       12.765688        12.765688                           -0       94.562749                                 94.562749
             16       59.964061      -324.19566      -31.274749      -324.19566       292.92091   2.0989032e-09       12.765688        12.765688                           -0       94.396745                                 94.396745
              2       58.731134      -130.64081      -13.047699      -130.64081       117.59312   2.0989032e-09       12.765688        12.765688                           -0        91.93089                                  91.93089
              3       58.580848      -19.317842      -16.505801      -19.317842       2.8120414   2.0989032e-09       12.765688        12.765688                           -0       91.630319                                 91.630319
              1       58.639552      -22.382176      -20.264724      -22.382176       2.1174513   2.0989032e-09       12.765688        12.765688                           -0       91.747728                                 91.747728
              5       58.573468      -9.8297628      -17.138442      -9.8297628      -7.3086791   2.0989032e-09       12.765688        12.765688                           -0       91.615559                                 91.615559
             12       58.561352      -74.815151      -7.0665425      -74.815151       67.748608   2.0989032e-09       12.765688        12.765688                           -0       91.591327                                 91.591327
              5       58.835899      -74.615713      -24.476092      -74.615713       50.139621   2.0989032e-09       12.765688        12.765688                           -0       92.140421                                 92.140421
              7       58.666205      -72.007082      -16.025545      -72.007082       55.981537   2.0989032e-09       12.765688        12.765688                           -0       91.801033                                 91.801033
              6       58.721246      -130.34484      -12.503236      -130.34484        117.8416   2.0989032e-09       12.765688        12.765688                           -0       91.911116                                 91.911116
              3       58.553918      -55.169388      -9.1281564      -55.169388       46.041232   2.0989032e-09       12.765688        12.765688                           -0       91.576459                                 91.576459
              4        58.83431      -276.99276      -1.9655582      -276.99276        275.0272   2.0989032e-09       12.765688        12.765688                           -0       92.137244                                 92.137244
              2       59.310545      -347.57799      -13.090884      -347.57799        334.4871   2.0989032e-09       12.765688        12.765688                           -0       93.089713                                 93.089713
              1       59.526016      -316.60532      -22.094113      -316.60532       294.51121   2.0989032e-09       12.765688        12.765688                           -0       93.520656                                 93.520656
              1       58.885073      -205.93141      -12.407412      -205.93141         193.524   2.0989032e-09       12.765688        12.765688                           -0       92.238769                                 92.238769
              2       58.879853      -205.28485      -12.241261      -205.28485       193.04359   2.0989032e-09       12.765688        12.765688                           -0        92.22833                                  92.22833
              2       58.933708        -194.281      -15.763601        -194.281        178.5174   2.0989032e-09       12.765688        12.765688                           -0        92.33604                                  92.33604
              3       59.059662      -127.86443      -27.379738      -127.86443       100.48469   2.0989032e-09       12.765688        12.765688                           -0       92.587948                                 92.587948
              5       58.622542      -21.252149      -19.294688      -21.252149       1.9574607   2.0989032e-09       12.765688        12.765688                           -0       91.713708                                 91.713708
              1       58.491955      -19.493191      -5.8119207      -19.493191        13.68127   2.0989032e-09       12.765688        12.765688                           -0       91.452533                                 91.452533
              5       58.635779       -124.5488      -7.3259201       -124.5488       117.22288   2.0989032e-09       12.765688        12.765688                           -0       91.740181                                 91.740181
             11       58.642006      -26.977945      -19.871225      -26.977945       7.1067196   2.0989032e-09       12.765688        12.765688                           -0       91.752635                                 91.752635
             22       58.687245      -44.102622      -20.567437      -44.102622       23.535184   2.0989032e-09       12.765688        12.765688                           -0       91.843113                                 91.843113
              2       58.620813      -46.890254      -16.031514      -46.890254        30.85874   2.0989032e-09       12.765688        12.765688                           -0       91.710249                                 91.710249
              4       58.592597        -43.2818      -14.355777        -43.2818       28.926022   2.0989032e-09       12.765688        12.765688                           -0       91.653818                                 91.653818
              2       58.587172      -38.119371      -14.585819      -38.119371       23.533552   2.0989032e-09       12.765688        12.765688                           -0       91.642967                                 91.642967
              2       58.573652      -42.278169      -12.881546      -42.278169       29.396623   2.0989032e-09       12.765688        12.765688                           -0       91.615927                                 91.615927
              1       58.503282      -20.433396       -7.874978      -20.433396       12.558418   2.0989032e-09       12.765688        12.765688                           -0       91.475187                                 91.475187
              2       58.516551      -20.029379      -9.9508514      -20.029379       10.078528   2.0989032e-09       12.765688        12.765688                           -0       91.501724                                 91.501724
              1       58.607423      -77.531068      -11.118575      -77.531068       66.412492   2.0989032e-09       12.765688        12.765688                           -0        91.68347                                  91.68347
              4       58.722122      -71.148741      -19.392759      -71.148741       51.755982   2.0989032e-09       12.765688        12.765688                           -0       91.912866                                 91.912866
             11       58.615896      -21.518336      -18.812979      -21.518336       2.7053575   2.0989032e-09       12.765688        12.765688                           -0       91.700415                                 91.700415
              3        58.68409      -80.362481      -16.148056      -80.362481       64.214424   2.0989032e-09       12.765688        12.765688                           -0       91.836803                                 91.836803
              2       58.700982      -84.367347      -16.682938      -84.367347       67.684408   2.0989032e-09       12.765688        12.765688                           -0       91.870586                                 91.870586
              1        58.59892      -132.73002      -2.7452539      -132.73002       129.98477   2.0989032e-09       12.765688        12.765688                           -0       91.666463                                 91.666463
              9       58.597371      -124.42445      -3.7861162      -124.42445       120.63834   2.0989032e-09       12.765688        12.765688                           -0       91.663364                                 91.663364
              1       59.447588      -311.21118      -20.580643      -311.21118       290.63054   2.0989032e-09       12.765688        12.765688                           -0         93.3638                                   93.3638
              6       59.200783       -66.60883      -37.952032       -66.60883       28.656798   2.0989032e-09       12.765688        12.765688                           -0        92.87019                                  92.87019
              1       58.945674      -37.058802      -32.766984      -37.058802       4.2918175   2.0989032e-09       12.765688        12.765688                           -0        92.35997                                  92.35997
              1       58.837229      -220.05876      -8.5660501      -220.05876       211.49271   2.0989032e-09       12.765688        12.765688                           -0       92.143082                                 92.143082
             10       58.771959      -211.57907      -5.9951958      -211.57907       205.58387   2.0989032e-09       12.765688        12.765688                           -0       92.012541                                 92.012541
              1       59.152719      -246.05742      -18.399074      -246.05742       227.65835   2.0989032e-09       12.765688        12.765688                           -0       92.774061                                 92.774061
              1        58.95967      -91.596326      -27.605005      -91.596326       63.991321   2.0989032e-09       12.765688        12.765688                           -0       92.387963                                 92.387963
             10       58.783039      -253.63012      -1.7216001      -253.63012       251.90852   2.0989032e-09       12.765688        12.765688                           -0         92.0347                                   92.0347
              4       58.911673       -8.601772       -34.48625       -8.601772      -25.884478   2.0989032e-09       12.765688        12.765688                           -0       92.291969                                 92.291969
              2       59.307046      -87.056785      -38.884153      -87.056785       48.172632   2.0989032e-09       12.765688        12.765688                           -0       93.082715                                 93.082715
              3        59.63168      -83.892434       -47.09903      -83.892434       36.793404   2.0989032e-09       12.765688        12.765688                           -0       93.731984                                 93.731984
              6       60.387845      -137.92814      -56.511584      -137.92814       81.416555   2.0989032e-09       12.765688        12.765688                           -0       95.244312                                 95.244312
              1       60.378707      -317.30745      -39.705372      -317.30745       277.60207   2.0989032e-09       12.765688        12.765688                           -0       95.226038                                 95.226038
              6       60.475106      -171.82485      -54.825136      -171.82485       116.99971   2.0989032e-09       12.765688        12.765688                           -0       95.418836                                 95.418836
              2       60.578958      -162.96468      -57.322465      -162.96468       105.64222   2.0989032e-09       12.765688        12.765688                           -0       95.626539                                 95.626539
              3         60.0437      -301.46133      -35.012244      -301.46133       266.44909   2.0989032e-09       12.765688        12.765688                           -0       94.556024                                 94.556024
              1        60.17869      -141.54243      -52.544016      -141.54243       88.998412   2.0989032e-09       12.765688        12.765688                           -0       94.826002                                 94.826002
              5       59.807061      -136.53264      -45.846035      -136.53264       90.686603   2.0989032e-09       12.765688        12.765688                           -0       94.082744                                 94.082744
              1        60.04183      -154.63903      -48.791106      -154.63903       105.84793   2.0989032e-09       12.765688        12.765688                           -0       94.552283                                 94.552283
              1       58.689375      -173.17759      -5.2631103      -173.17759       167.91448   2.0989032e-09       12.765688        12.765688                           -0       91.847374                                 91.847374
             10       58.792697      -234.09432      -4.5770376      -234.09432       229.51728   2.0989032e-09       12.765688        12.765688                           -0       92.054018                                 92.054018
              2       58.607778      -83.542198       -10.36125      -83.542198       73.180948   2.0989032e-09       12.765688        12.765688                           -0       91.684179                                 91.684179
              4       59.128573       -110.8896       -31.34322       -110.8896       79.546377   2.0989032e-09       12.765688        12.765688                           -0       92.725768                                 92.725768
              7       60.891751       -88.38955      -68.911074       -88.38955       19.478476   2.0989032e-09       12.765688        12.765688                           -0       96.252125                                 96.252125
              1       59.837977      -71.483967      -52.643361      -71.483967       18.840606   2.0989032e-09       12.765688        12.765688                           -0       94.144577                                 94.144577
              1       59.893204      -112.73983      -49.850345      -112.73983       62.889489   2.0989032e-09       12.765688        12.765688                           -0       94.255031                                 94.255031
              2       60.265192       -40.37512      -63.477684       -40.37512      -23.102564   2.0989032e-09       12.765688        12.765688                           -0       94.999007                                 94.999007
              2        58.49231      -28.594456      -3.7564817      -28.594456       24.837974   2.0989032e-09       12.765688        12.765688                           -0       91.453244                                 91.453244
              2       58.996203      -166.99852      -21.090017      -166.99852       145.90851   2.0989032e-09       12.765688        12.765688                           -0       92.461029                                 92.461029
             10       59.097212       -13.44733      -40.198562       -13.44733      -26.751233   2.0989032e-09       12.765688        12.765688                           -0       92.663047                                 92.663047
              9       60.687848      -328.38782      -43.814419      -328.38782        284.5734   2.0989032e-09       12.765688        12.765688                           -0        95.84432                                  95.84432
              5       58.720346      -98.900668      -16.108755      -98.900668       82.791913   2.0989032e-09       12.765688        12.765688                           -0       91.909314                                 91.909314
              2       58.746871      -144.27541      -12.365444      -144.27541       131.90996   2.0989032e-09       12.765688        12.765688                           -0       91.962366                                 91.962366
              2       59.012445      -109.53561      -27.642776      -109.53561       81.892831   2.0989032e-09       12.765688        12.765688                           -0       92.493513                                 92.493513
              1       58.662279      -70.437484      -15.964192      -70.437484       54.473292   2.0989032e-09       12.765688        12.765688                           -0       91.793182                                 91.793182
              3       58.662237      -170.33716      -3.5396528      -170.33716       166.79751   2.0989032e-09       12.765688        12.765688                           -0       91.793098                                 91.793098
              4       58.685599      -184.83136      -3.5203548      -184.83136       181.31101   2.0989032e-09       12.765688        12.765688                           -0       91.839822                                 91.839822
              5       58.740056      -154.55356      -10.781517      -154.55356       143.77204   2.0989032e-09       12.765688        12.765688                           -0       91.948734                                 91.948734
              3       61.263376      -130.77996      -70.237303      -130.77996       60.542655   2.0989032e-09       12.765688        12.765688                           -0       96.995374                                 96.995374
              7       59.968053      -101.90878      -52.336634      -101.90878       49.572146   2.0989032e-09       12.765688        12.765688                           -0       94.404729                                 94.404729
              8       59.367241      -123.47183       -36.90363      -123.47183         86.5682   2.0989032e-09       12.765688        12.765688                           -0       93.203104                                 93.203104
              2       59.439361      -114.49232      -39.622859      -114.49232       74.869459   2.0989032e-09       12.765688        12.765688                           -0       93.347345                                 93.347345
              3       58.720951      -157.67252      -9.2617718      -157.67252       148.41075   2.0989032e-09       12.765688        12.765688                           -0       91.910526                                 91.910526
              1       59.883218       -200.8955       -41.30947       -200.8955       159.58603   2.0989032e-09       12.765688        12.765688                           -0       94.235059                                 94.235059
              6       59.769568      -104.59494      -48.097638      -104.59494       56.497306   2.0989032e-09       12.765688        12.765688                           -0       94.007759                                 94.007759
              1       59.517202      -85.509899       -44.32251      -85.509899       41.187389   2.0989032e-09       12.765688        12.765688                           -0       93.503027                                 93.503027
              2       59.796299      -43.483057      -54.448853      -43.483057      -10.965796   2.0989032e-09       12.765688        12.765688                           -0        94.06122                                  94.06122
              4       58.703243      -71.986678      -18.250299      -71.986678       53.736378   2.0989032e-09       12.765688        12.765688                           -0       91.875109                                 91.875109
              7       59.943116      -290.67323      -34.023891      -290.67323       256.64934   2.0989032e-09       12.765688        12.765688                           -0       94.354855                                 94.354855
              9       60.180749       -98.02291       -56.64013       -98.02291        41.38278   2.0989032e-09       12.765688        12.765688                           -0       94.830122                                 94.830122
              2         61.5137      -75.781736      -78.468602      -75.781736      -2.6868652   2.0989032e-09       12.765688        12.765688                           -0       97.496024                                 97.496024
              8       61.213538      -66.706917      -75.377195      -66.706917      -8.6702781   2.0989032e-09       12.765688        12.765688                           -0       96.895699                                 96.895699
              4       61.313672      -112.53947      -72.559891      -112.53947       39.979582   2.0989032e-09       12.765688        12.765688                           -0       97.095968                                 97.095968
              2       60.341496      -191.32382      -50.771318      -191.32382        140.5525   2.0989032e-09       12.765688        12.765688                           -0       95.151615                                 95.151615
              2       59.773547      -179.59042      -41.044927      -179.59042        138.5455   2.0989032e-09       12.765688        12.765688                           -0       94.015717                                 94.015717
              2       59.406519      -215.13342      -28.937656      -215.13342       186.19576   2.0989032e-09       12.765688        12.765688                           -0       93.281662                                 93.281662
              2       58.894464      -190.90934      -14.457216      -190.90934       176.45212   2.0989032e-09       12.765688        12.765688                           -0       92.257552                                 92.257552
              1       59.232489      -337.59541      -11.677848      -337.59541       325.91756   2.0989032e-09       12.765688        12.765688                           -0       92.933602                                 92.933602
              2       60.883922      -310.51525       -48.48557      -310.51525       262.02968   2.0989032e-09       12.765688        12.765688                           -0       96.236467                                 96.236467
              2       60.011016      -232.00994      -40.920144      -232.00994        191.0898   2.0989032e-09       12.765688        12.765688                           -0       94.490655                                 94.490655
              1       58.775295      -260.00429      -0.4853232      -260.00429       259.51897   2.0989032e-09       12.765688        12.765688                           -0       92.019214                                 92.019214
              3       59.535806      -173.79553      -36.226164      -173.79553       137.56936   2.0989032e-09       12.765688        12.765688                           -0       93.540236                                 93.540236
              1       58.808984      -196.36757      -9.7846832      -196.36757       186.58289   2.0989032e-09       12.765688        12.765688                           -0       92.086592                                 92.086592
              3       60.529663      -129.80141       -59.59192      -129.80141       70.209489   2.0989032e-09       12.765688        12.765688                           -0       95.527949                                 95.527949
              1       60.004023       -3.843632      -62.222948       -3.843632      -58.379316   2.0989032e-09       12.765688        12.765688                           -0        94.47667                                  94.47667
              3       58.972201      -53.804671      -31.981244      -53.804671       21.823427   2.0989032e-09       12.765688        12.765688                           -0       92.413025                                 92.413025
             12       58.681332      -136.85273      -9.1829873      -136.85273       127.66974   2.0989032e-09       12.765688        12.765688                           -0       91.831288                                 91.831288
              1       58.877276      -188.04393      -14.005117      -188.04393       174.03881   2.0989032e-09       12.765688        12.765688                           -0       92.223175                                 92.223175
              4        58.65008      -132.98842      -7.3814684      -132.98842       125.60695   2.0989032e-09       12.765688        12.765688                           -0       91.768783                                 91.768783
              3       59.016818       -97.31742      -29.054505       -97.31742       68.262916   2.0989032e-09       12.765688        12.765688                           -0       92.502259                                 92.502259
              1       59.096209      -180.02627      -23.267334      -180.02627       156.75893   2.0989032e-09       12.765688        12.765688                           -0       92.661041                                 92.661041
              8       59.861528      -186.95657      -42.186508      -186.95657       144.77006   2.0989032e-09       12.765688        12.765688                           -0       94.191679                                 94.191679
              6       59.092356      -306.05857      -10.133325      -306.05857       295.92524   2.0989032e-09       12.765688        12.765688                           -0       92.653336                                 92.653336
              5       60.412457      -74.359859      -62.802346      -74.359859       11.557513   2.0989032e-09       12.765688        12.765688                           -0       95.293537                                 95.293537
              1       59.523668      -190.68563      -34.294128      -190.68563        156.3915   2.0989032e-09       12.765688        12.765688                           -0        93.51596                                  93.51596
              2       60.247365      -37.193025      -63.466595      -37.193025       -26.27357   2.0989032e-09       12.765688        12.765688                           -0       94.963353                                 94.963353
              1       58.677871      -60.510188      -18.108286      -60.510188       42.401902   2.0989032e-09       12.765688        12.765688                           -0       91.824365                                 91.824365
              1       58.942253      -204.86778      -14.985785      -204.86778       189.88199   2.0989032e-09       12.765688        12.765688                           -0       92.353128                                 92.353128
              3       58.923507      -250.40201       -9.288501      -250.40201       241.11351   2.0989032e-09       12.765688        12.765688                           -0       92.315637                                 92.315637
             15       58.873427      -265.85903      -5.2539483      -265.85903       260.60509   2.0989032e-09       12.765688        12.765688                           -0       92.215476                                 92.215476
              1       58.805583       -97.07037      -20.672438       -97.07037       76.397932   2.0989032e-09       12.765688        12.765688                           -0       92.079788                                 92.079788
              6       58.671777      -91.114012      -14.094361      -91.114012       77.019651   2.0989032e-09       12.765688        12.765688                           -0       91.812178                                 91.812178
              3       58.586402      -128.48999      -1.9358259      -128.48999       126.55417   2.0989032e-09       12.765688        12.765688                           -0       91.641428                                 91.641428
              1       58.784666      -197.20032      -8.3831751      -197.20032       188.81715   2.0989032e-09       12.765688        12.765688                           -0       92.037956                                 92.037956
              1       60.135567      -72.848097        -58.1784      -72.848097       14.669697   2.0989032e-09       12.765688        12.765688                           -0       94.739757                                 94.739757
              1       60.090343      -70.465535      -57.580627      -70.465535       12.884908   2.0989032e-09       12.765688        12.765688                           -0       94.649309                                 94.649309
              3       59.003499      -307.63822      -6.5384509      -307.63822       301.09977   2.0989032e-09       12.765688        12.765688                           -0       92.475621                                 92.475621
              5       58.820315      -87.630733      -22.379181      -87.630733       65.251552   2.0989032e-09       12.765688        12.765688                           -0       92.109254                                 92.109254
             18       58.830453      -92.363377      -22.317519      -92.363377       70.045858   2.0989032e-09       12.765688        12.765688                           -0       92.129529                                 92.129529
              9       58.704012       -65.67167      -19.023237       -65.67167       46.648433   2.0989032e-09       12.765688        12.765688                           -0       91.876647                                 91.876647
              3       58.547658      -26.114857      -12.637077      -26.114857        13.47778   2.0989032e-09       12.765688        12.765688                           -0        91.56394                                  91.56394
