#        weight    minuslogpost          a_samp               s           a_exo           b_exo             A_s   minuslogprior minuslogprior__0 minuslogprior__h2_positivity            chi2 chi2__jwst_likelihood_uvlf.UVLFLikelihood
              2       61.415516      -6.1234835       -83.50218      -6.1234835      -77.378697   2.0989032e-09       12.765688        12.765688                           -0       97.299655                                 97.299655
              5       58.563999       -21.53085      -14.803801       -21.53085       6.7270485   2.0989032e-09       12.765688        12.765688                           -0       91.596621                                 91.596621
              1       58.524933      -21.967528       -10.72449      -21.967528       11.243038   2.0989032e-09       12.765688        12.765688                           -0       91.518489                                 91.518489
              2       59.039823      -36.741228        -36.0282      -36.741228      0.71302742   2.0989032e-09       12.765688        12.765688                           -0       92.548269                                 92.548269
              1        59.03852      -33.398048      -36.326143      -33.398048      -2.9280943   2.0989032e-09       12.765688        12.765688                           -0       92.545664                                 92.545664
              3       59.291229      -34.099817      -43.672399      -34.099817      -9.5725827   2.0989032e-09       12.765688        12.765688                           -0       93.051081                                 93.051081
              2       62.092989      -51.392223      -87.602179      -51.392223      -36.209956   2.0989032e-09       12.765688        12.765688                           -0       98.654601                                 98.654601
              1       62.262386      -52.664175       -89.38961      -52.664175      -36.725435   2.0989032e-09       12.765688        12.765688                           -0       98.993395                                 98.993395
              4       62.585357      -60.167625      -92.211032      -60.167625      -32.043406   2.0989032e-09       12.765688        12.765688                           -0       99.639338                                 99.639338
              2       61.284285      -64.115838      -76.554684      -64.115838      -12.438846   2.0989032e-09       12.765688        12.765688                           -0       97.037194                                 97.037194
              4       58.560777      -46.874582      -11.035188      -46.874582       35.839393   2.0989032e-09       12.765688        12.765688                           -0       91.590177                                 91.590177
              3       58.614206      -44.143502      -15.896347      -44.143502       28.247156   2.0989032e-09       12.765688        12.765688                           -0       91.697035                                 91.697035
              3       58.798379      -43.050252      -26.246759      -43.050252       16.803493   2.0989032e-09       12.765688        12.765688                           -0       92.065381                                 92.065381
              2        58.50503      -36.695531      -5.1015807      -36.695531        31.59395   2.0989032e-09       12.765688        12.765688                           -0       91.478682                                 91.478682
              8       58.539834      -33.417179      -10.754026      -33.417179       22.663152   2.0989032e-09       12.765688        12.765688                           -0       91.548292                                 91.548292
              2       58.552841       -26.73592      -13.063113       -26.73592       13.672807   2.0989032e-09       12.765688        12.765688                           -0       91.574306                                 91.574306
              8       58.507851      -7.7246393      -10.745591      -7.7246393      -3.0209516   2.0989032e-09       12.765688        12.765688                           -0       91.484326                                 91.484326
              1       58.710931      -130.76519      -11.831828      -130.76519       118.93337   2.0989032e-09       12.765688        12.765688                           -0       91.890485                                 91.890485
              1       60.011153      -138.57998      -49.717299      -138.57998       88.862682   2.0989032e-09       12.765688        12.765688                           -0       94.490929                                 94.490929
              3       60.008296      -138.47127      -49.673043      -138.47127       88.798223   2.0989032e-09       12.765688        12.765688                           -0       94.485214                                 94.485214
              2       58.703492      -70.067626      -18.486533      -70.067626       51.581093   2.0989032e-09       12.765688        12.765688                           -0       91.875607                                 91.875607
              4       58.654255       -37.91162      -19.336331       -37.91162       18.575289   2.0989032e-09       12.765688        12.765688                           -0       91.777134                                 91.777134
              3       58.833944       -26.25955      -29.585947       -26.25955       -3.326397   2.0989032e-09       12.765688        12.765688                           -0       92.136512                                 92.136512
              3       58.635675      -115.70371      -8.4619996      -115.70371       107.24171   2.0989032e-09       12.765688        12.765688                           -0       91.739973                                 91.739973
              5       58.533491      -89.544778     -0.33150898      -89.544778       89.213269   2.0989032e-09       12.765688        12.765688                           -0       91.535605                                 91.535605
              7       58.516744      -64.157767      -1.9228232      -64.157767       62.234944   2.0989032e-09       12.765688        12.765688                           -0       91.502112                                 91.502112
              2       58.590596       -77.68713      -9.6364498       -77.68713       68.050681   2.0989032e-09       12.765688        12.765688                           -0       91.649815                                 91.649815
              4       58.733246      -180.84682      -7.2737906      -180.84682       173.57302   2.0989032e-09       12.765688        12.765688                           -0       91.935115                                 91.935115
              7       60.004468       -266.8812      -37.503177       -266.8812       229.37803   2.0989032e-09       12.765688        12.765688                           -0       94.477558                                 94.477558
              1       60.179745      -255.56505      -41.906536      -255.56505       213.65851   2.0989032e-09       12.765688        12.765688                           -0       94.828114                                 94.828114
              2       58.814506      -178.26579       -12.10286      -178.26579       166.16293   2.0989032e-09       12.765688        12.765688                           -0       92.097636                                 92.097636
              1        59.02624      -174.50684      -21.407446      -174.50684        153.0994   2.0989032e-09       12.765688        12.765688                           -0       92.521104                                 92.521104
              3       58.847303      -180.61263      -13.438769      -180.61263       167.17387   2.0989032e-09       12.765688        12.765688                           -0       92.163229                                 92.163229
              3       59.002856      -123.09589      -25.899525      -123.09589       97.196367   2.0989032e-09       12.765688        12.765688                           -0       92.474336                                 92.474336
              4       59.021583       -3.779852      -38.790162       -3.779852       -35.01031   2.0989032e-09       12.765688        12.765688                           -0       92.511789                                 92.511789
              2       59.029084      -170.37723      -21.938222      -170.37723       148.43901   2.0989032e-09       12.765688        12.765688                           -0        92.52679                                  92.52679
              3       60.919794      -284.12941      -51.437069      -284.12941       232.69234   2.0989032e-09       12.765688        12.765688                           -0       96.308212                                 96.308212
              1       59.436344      -112.44253      -39.746616      -112.44253       72.695911   2.0989032e-09       12.765688        12.765688                           -0       93.341312                                 93.341312
              4       59.082895      -82.542902      -32.766986      -82.542902       49.775915   2.0989032e-09       12.765688        12.765688                           -0       92.634413                                 92.634413
              6       58.687117      -104.26381      -13.499426      -104.26381       90.764381   2.0989032e-09       12.765688        12.765688                           -0       91.842858                                 91.842858
              6        58.74982      -180.83551       -8.284784      -180.83551       172.55073   2.0989032e-09       12.765688        12.765688                           -0       91.968263                                 91.968263
              8       58.497651       -40.01352      -2.4269572       -40.01352       37.586563   2.0989032e-09       12.765688        12.765688                           -0       91.463925                                 91.463925
             12       58.962521      -75.640904      -29.370164      -75.640904        46.27074   2.0989032e-09       12.765688        12.765688                           -0       92.393666                                 92.393666
              4       58.973379       -95.32356      -27.719097       -95.32356       67.604463   2.0989032e-09       12.765688        12.765688                           -0       92.415381                                 92.415381
              2       58.702857      -26.204761       -23.47665      -26.204761        2.728111   2.0989032e-09       12.765688        12.765688                           -0       91.874337                                 91.874337
              3       58.507293      -51.275993      -2.4559708      -51.275993       48.820022   2.0989032e-09       12.765688        12.765688                           -0       91.483209                                 91.483209
              1       59.672705      -234.10595      -33.606952      -234.10595         200.499   2.0989032e-09       12.765688        12.765688                           -0       93.814034                                 93.814034
             11       59.630919      -76.744999      -47.766944      -76.744999       28.978055   2.0989032e-09       12.765688        12.765688                           -0        93.73046                                  93.73046
              3       58.578404       -56.89545      -11.338608       -56.89545       45.556842   2.0989032e-09       12.765688        12.765688                           -0       91.625431                                 91.625431
              1       58.592189       -79.67349      -9.5140156       -79.67349       70.159475   2.0989032e-09       12.765688        12.765688                           -0       91.653001                                 91.653001
              2       58.699887      -95.717566      -15.291341      -95.717566       80.426225   2.0989032e-09       12.765688        12.765688                           -0       91.868397                                 91.868397
              1       58.696968      -101.37403      -14.451021      -101.37403       86.923013   2.0989032e-09       12.765688        12.765688                           -0       91.862559                                 91.862559
              4       58.724217      -86.763956      -17.721267      -86.763956       69.042689   2.0989032e-09       12.765688        12.765688                           -0       91.917058                                 91.917058
              2       59.947523      -230.17789      -39.837733      -230.17789       190.34015   2.0989032e-09       12.765688        12.765688                           -0       94.363669                                 94.363669
              4       59.385276      -249.73464      -24.961915      -249.73464       224.77272   2.0989032e-09       12.765688        12.765688                           -0       93.239175                                 93.239175
              5       60.082445      -292.97946       -36.56284      -292.97946       256.41662   2.0989032e-09       12.765688        12.765688                           -0       94.633512                                 94.633512
              1       59.220257       -173.9321      -27.803103       -173.9321       146.12899   2.0989032e-09       12.765688        12.765688                           -0       92.909136                                 92.909136
              4       58.898618      -117.52983      -22.509424      -117.52983       95.020409   2.0989032e-09       12.765688        12.765688                           -0       92.265859                                 92.265859
              1       60.273905      -286.77298      -40.698779      -286.77298        246.0742   2.0989032e-09       12.765688        12.765688                           -0       95.016434                                 95.016434
              1       61.382629      -222.88426      -63.482508      -222.88426       159.40175   2.0989032e-09       12.765688        12.765688                           -0       97.233882                                 97.233882
              1       61.261764       -192.5679      -64.613574       -192.5679       127.95432   2.0989032e-09       12.765688        12.765688                           -0       96.992152                                 96.992152
              2       58.536818      -57.159774      -6.7336968      -57.159774       50.426077   2.0989032e-09       12.765688        12.765688                           -0       91.542259                                 91.542259
              2       59.030571      -219.39315      -16.894811      -219.39315       202.49834   2.0989032e-09       12.765688        12.765688                           -0       92.529765                                 92.529765
             16       58.648879      -92.924345      -12.325066      -92.924345       80.599279   2.0989032e-09       12.765688        12.765688                           -0       91.766382                                 91.766382
              2       58.667931      -117.14883      -10.674515      -117.14883       106.47431   2.0989032e-09       12.765688        12.765688                           -0       91.804486                                 91.804486
              5       60.591884      -275.92081      -47.114723      -275.92081       228.80609   2.0989032e-09       12.765688        12.765688                           -0       95.652392                                 95.652392
              1       60.718471      -208.92668      -55.282527      -208.92668       153.64415   2.0989032e-09       12.765688        12.765688                           -0       95.905565                                 95.905565
             12       58.521491      -9.4178523       -12.21729      -9.4178523      -2.7994374   2.0989032e-09       12.765688        12.765688                           -0       91.511605                                 91.511605
              5       58.730272      -172.89752      -8.0329298      -172.89752       164.86459   2.0989032e-09       12.765688        12.765688                           -0       91.929167                                 91.929167
             10       58.844969      -149.48196      -16.748295      -149.48196       132.73366   2.0989032e-09       12.765688        12.765688                           -0       92.158561                                 92.158561
              4       59.228794      -301.08524      -15.259939      -301.08524        285.8253   2.0989032e-09       12.765688        12.765688                           -0       92.926211                                 92.926211
              6       58.644625      -179.67966      -0.7551813      -179.67966       178.92448   2.0989032e-09       12.765688        12.765688                           -0       91.757873                                 91.757873
             12        58.84491      -288.51935      -1.2245057      -288.51935       287.29484   2.0989032e-09       12.765688        12.765688                           -0       92.158442                                 92.158442
              2       60.547354      -228.91081      -50.731868      -228.91081       178.17894   2.0989032e-09       12.765688        12.765688                           -0       95.563332                                 95.563332
             10       58.761622      -63.859523      -22.242297      -63.859523       41.617225   2.0989032e-09       12.765688        12.765688                           -0       91.991866                                 91.991866
              2       58.748932      -62.082181      -21.811182      -62.082181       40.270998   2.0989032e-09       12.765688        12.765688                           -0       91.966488                                 91.966488
              1       58.698941      -60.444543       -19.34084      -60.444543       41.103703   2.0989032e-09       12.765688        12.765688                           -0       91.866505                                 91.866505
              1       59.114336      -190.82033      -22.768782      -190.82033       168.05155   2.0989032e-09       12.765688        12.765688                           -0       92.697295                                 92.697295
             17       58.760139      -199.09139      -6.7588368      -199.09139       192.33255   2.0989032e-09       12.765688        12.765688                           -0       91.988902                                 91.988902
              4       59.637253      -273.53457      -28.988827      -273.53457       244.54574   2.0989032e-09       12.765688        12.765688                           -0       93.743129                                 93.743129
              1       59.367581      -283.73363      -21.111351      -283.73363       262.62228   2.0989032e-09       12.765688        12.765688                           -0       93.203784                                 93.203784
              2       59.410396      -324.79824      -18.231821      -324.79824       306.56642   2.0989032e-09       12.765688        12.765688                           -0       93.289416                                 93.289416
              2       59.146115      -158.99777      -27.030621      -158.99777       131.96714   2.0989032e-09       12.765688        12.765688                           -0       92.760853                                 92.760853
              2       58.877156      -184.30411      -14.407137      -184.30411       169.89697   2.0989032e-09       12.765688        12.765688                           -0       92.222934                                 92.222934
             12        58.66413      -123.90502      -9.5729707      -123.90502       114.33205   2.0989032e-09       12.765688        12.765688                           -0       91.796884                                 91.796884
              5       58.695932      -88.158361      -15.942636      -88.158361       72.215725   2.0989032e-09       12.765688        12.765688                           -0       91.860488                                 91.860488
              1       58.565588      -81.156013      -6.6087542      -81.156013       74.547258   2.0989032e-09       12.765688        12.765688                           -0       91.599799                                 91.599799
              4       58.693354      -205.94083       -1.433592      -205.94083       204.50724   2.0989032e-09       12.765688        12.765688                           -0       91.855331                                 91.855331
              1       58.738995      -213.32942      -3.7518025      -213.32942       209.57761   2.0989032e-09       12.765688        12.765688                           -0       91.946612                                 91.946612
              1       58.600818      -75.666956      -10.809296      -75.666956       64.857659   2.0989032e-09       12.765688        12.765688                           -0        91.67026                                  91.67026
              3        59.21132      -316.81325      -13.106574      -316.81325       303.70668   2.0989032e-09       12.765688        12.765688                           -0       92.891263                                 92.891263
             16       58.751365      -170.04763      -9.6352342      -170.04763       160.41239   2.0989032e-09       12.765688        12.765688                           -0       91.971353                                 91.971353
              1       58.688284      -122.57315      -11.380732      -122.57315       111.19242   2.0989032e-09       12.765688        12.765688                           -0       91.845191                                 91.845191
              9        59.08177      -207.24896       -19.98269      -207.24896       187.26627   2.0989032e-09       12.765688        12.765688                           -0       92.632163                                 92.632163
              6       59.524185      -260.57176      -27.513436      -260.57176       233.05832   2.0989032e-09       12.765688        12.765688                           -0       93.516994                                 93.516994
              6       59.076717      -114.57852      -29.306951      -114.57852        85.27157   2.0989032e-09       12.765688        12.765688                           -0       92.622058                                 92.622058
              2       59.799057      -63.090877      -52.647385      -63.090877       10.443491   2.0989032e-09       12.765688        12.765688                           -0       94.066738                                 94.066738
              9       58.484307      -24.607317      -1.6011143      -24.607317       23.006203   2.0989032e-09       12.765688        12.765688                           -0       91.437237                                 91.437237
             17       58.732149      -54.760673      -21.779585      -54.760673       32.981088   2.0989032e-09       12.765688        12.765688                           -0       91.932922                                 91.932922
              1       58.674563      -57.218247      -18.296476      -57.218247       38.921771   2.0989032e-09       12.765688        12.765688                           -0        91.81775                                  91.81775
              2       58.666767      -65.004263      -16.896902      -65.004263       48.107361   2.0989032e-09       12.765688        12.765688                           -0       91.802158                                 91.802158
              1       59.634383      -261.39277      -30.094108      -261.39277       231.29866   2.0989032e-09       12.765688        12.765688                           -0       93.737389                                 93.737389
              2       61.105314      -171.63813       -64.36712      -171.63813       107.27101   2.0989032e-09       12.765688        12.765688                           -0       96.679252                                 96.679252
              1       60.935213      -159.05024      -63.093709      -159.05024       95.956533   2.0989032e-09       12.765688        12.765688                           -0        96.33905                                  96.33905
              1       61.857524      -189.39987       -72.48536      -189.39987       116.91451   2.0989032e-09       12.765688        12.765688                           -0       98.183671                                 98.183671
              5       61.588897      -19.026684      -84.522336      -19.026684      -65.495652   2.0989032e-09       12.765688        12.765688                           -0       97.646418                                 97.646418
              7       61.665778      -31.785463      -84.322331      -31.785463      -52.536868   2.0989032e-09       12.765688        12.765688                           -0        97.80018                                  97.80018
              1       61.188067      -110.99925      -71.016085      -110.99925       39.983167   2.0989032e-09       12.765688        12.765688                           -0       96.844757                                 96.844757
              1       60.072908      -15.668544      -62.383917      -15.668544      -46.715373   2.0989032e-09       12.765688        12.765688                           -0       94.614439                                 94.614439
             10       59.895838      -34.242017      -57.306015      -34.242017      -23.063998   2.0989032e-09       12.765688        12.765688                           -0       94.260299                                 94.260299
              2       59.849838       -37.86934      -56.057855       -37.86934      -18.188515   2.0989032e-09       12.765688        12.765688                           -0       94.168298                                 94.168298
              3       59.443185      -19.610853      -48.931073      -19.610853       -29.32022   2.0989032e-09       12.765688        12.765688                           -0       93.354994                                 93.354994
              3       59.527032      -8.5643308      -51.966723      -8.5643308      -43.402392   2.0989032e-09       12.765688        12.765688                           -0       93.522686                                 93.522686
              3       58.777723      -55.434762       -23.94677      -55.434762       31.487992   2.0989032e-09       12.765688        12.765688                           -0       92.024068                                 92.024068
              1       58.686047      -42.354432      -20.701759      -42.354432       21.652673   2.0989032e-09       12.765688        12.765688                           -0       91.840717                                 91.840717
              8       58.682033       -53.05311       -19.22789       -53.05311        33.82522   2.0989032e-09       12.765688        12.765688                           -0        91.83269                                  91.83269
              6       58.990787      -168.94123      -20.685165      -168.94123       148.25607   2.0989032e-09       12.765688        12.765688                           -0       92.450197                                 92.450197
              3       59.492099      -102.14395      -42.114587      -102.14395       60.029366   2.0989032e-09       12.765688        12.765688                           -0       93.452822                                 93.452822
              2       58.922909      -147.75953      -20.278573      -147.75953       127.48096   2.0989032e-09       12.765688        12.765688                           -0       92.314441                                 92.314441
              2       61.320595      -151.42264      -69.131317      -151.42264       82.291322   2.0989032e-09       12.765688        12.765688                           -0       97.109814                                 97.109814
              8       60.126443      -44.800885      -60.631718      -44.800885      -15.830833   2.0989032e-09       12.765688        12.765688                           -0       94.721508                                 94.721508
              4       60.214684      -65.716159       -60.24803      -65.716159       5.4681289   2.0989032e-09       12.765688        12.765688                           -0        94.89799                                  94.89799
              4       59.427975      -241.63989      -26.899876      -241.63989       214.74002   2.0989032e-09       12.765688        12.765688                           -0       93.324573                                 93.324573
              3       59.009566      -284.98907      -9.1917115      -284.98907       275.79736   2.0989032e-09       12.765688        12.765688                           -0       92.487755                                 92.487755
              5       59.011714      -286.57815      -9.1088454      -286.57815        277.4693   2.0989032e-09       12.765688        12.765688                           -0       92.492051                                 92.492051
              2       58.892681      -181.71555      -15.374191      -181.71555       166.34136   2.0989032e-09       12.765688        12.765688                           -0       92.253985                                 92.253985
              1       58.966372      -174.38839       -19.18124      -174.38839       155.20715   2.0989032e-09       12.765688        12.765688                           -0       92.401366                                 92.401366
              4       58.555707      -18.022747      -14.527145      -18.022747       3.4956014   2.0989032e-09       12.765688        12.765688                           -0       91.580037                                 91.580037
              8       58.644109       -1.316766      -23.038035       -1.316766      -21.721269   2.0989032e-09       12.765688        12.765688                           -0       91.756841                                 91.756841
             11       58.753377      -24.918986      -26.158326      -24.918986      -1.2393397   2.0989032e-09       12.765688        12.765688                           -0       91.975378                                 91.975378
              9       59.995077      -289.25679      -35.203809      -289.25679       254.05298   2.0989032e-09       12.765688        12.765688                           -0       94.458778                                 94.458778
              1       61.253866      -93.699771      -73.470601      -93.699771        20.22917   2.0989032e-09       12.765688        12.765688                           -0       96.976355                                 96.976355
              2       62.881389      -112.80175      -90.602841      -112.80175       22.198913   2.0989032e-09       12.765688        12.765688                           -0        100.2314                                  100.2314
              1       61.922124      -27.059884      -87.809701      -27.059884      -60.749817   2.0989032e-09       12.765688        12.765688                           -0       98.312871                                 98.312871
              2       59.952958      -84.931335      -53.643731      -84.931335       31.287604   2.0989032e-09       12.765688        12.765688                           -0       94.374539                                 94.374539
              9       59.700814      -21.771353      -54.528409      -21.771353      -32.757056   2.0989032e-09       12.765688        12.765688                           -0        93.87025                                  93.87025
             12       59.083353      -250.24738      -15.600407      -250.24738       234.64697   2.0989032e-09       12.765688        12.765688                           -0       92.635328                                 92.635328
             16       58.886428      -145.16013       -19.04541      -145.16013       126.11472   2.0989032e-09       12.765688        12.765688                           -0       92.241479                                 92.241479
              5       58.654599      -161.29112      -4.0889311      -161.29112       157.20219   2.0989032e-09       12.765688        12.765688                           -0       91.777821                                 91.777821
              2       58.828921      -68.980253      -24.782755      -68.980253       44.197498   2.0989032e-09       12.765688        12.765688                           -0       92.126466                                 92.126466
              9       58.759325      -52.247519      -23.420193      -52.247519       28.827326   2.0989032e-09       12.765688        12.765688                           -0       91.987274                                 91.987274
              1       58.566625      -63.420073      -9.2928084      -63.420073       54.127265   2.0989032e-09       12.765688        12.765688                           -0       91.601874                                 91.601874
              2       59.044979      -338.83837      -4.8951039      -338.83837       333.94327   2.0989032e-09       12.765688        12.765688                           -0       92.558581                                 92.558581
              5       58.965436      -328.33466      -2.6880767      -328.33466       325.64658   2.0989032e-09       12.765688        12.765688                           -0       92.399494                                 92.399494
              7       58.966474      -335.75084      -1.9283455      -335.75084        333.8225   2.0989032e-09       12.765688        12.765688                           -0        92.40157                                  92.40157
              2       59.040249      -277.06618      -11.223654      -277.06618       265.84253   2.0989032e-09       12.765688        12.765688                           -0       92.549121                                 92.549121
             23        59.12292      -73.857618      -34.906247      -73.857618       38.951371   2.0989032e-09       12.765688        12.765688                           -0       92.714463                                 92.714463
              1       60.575526      -302.28541      -44.414169      -302.28541       257.87124   2.0989032e-09       12.765688        12.765688                           -0       95.619675                                 95.619675
              4       61.081345      -285.78695      -53.634587      -285.78695       232.15236   2.0989032e-09       12.765688        12.765688                           -0       96.631313                                 96.631313
              3       61.184615      -313.72151      -52.547013      -313.72151        261.1745   2.0989032e-09       12.765688        12.765688                           -0       96.837853                                 96.837853
              1       61.840943      -98.961481      -80.404589      -98.961481       18.556892   2.0989032e-09       12.765688        12.765688                           -0       98.150509                                 98.150509
              6       59.156635      -36.153757      -39.704865      -36.153757      -3.5511084   2.0989032e-09       12.765688        12.765688                           -0       92.781894                                 92.781894
              1       59.088297      -35.331622      -37.717623      -35.331622      -2.3860016   2.0989032e-09       12.765688        12.765688                           -0       92.645217                                 92.645217
             23       59.009165      -348.50018      -2.4025005      -348.50018       346.09768   2.0989032e-09       12.765688        12.765688                           -0       92.486954                                 92.486954
              6       58.686454      -185.52204      -3.4976793      -185.52204       182.02436   2.0989032e-09       12.765688        12.765688                           -0       91.841532                                 91.841532
              1       58.817918      -39.781335      -27.457638      -39.781335       12.323697   2.0989032e-09       12.765688        12.765688                           -0       92.104459                                 92.104459
              3       59.228175      -160.21275      -29.410893      -160.21275       130.80185   2.0989032e-09       12.765688        12.765688                           -0       92.924974                                 92.924974
              6       58.494456      -31.163645      -3.7494287      -31.163645       27.414216   2.0989032e-09       12.765688        12.765688                           -0       91.457536                                 91.457536
              2       58.567902       -88.38149      -5.7984646       -88.38149       82.583025   2.0989032e-09       12.765688        12.765688                           -0       91.604426                                 91.604426
             10       58.808746      -277.75212     -0.42698351      -277.75212       277.32513   2.0989032e-09       12.765688        12.765688                           -0       92.086116                                 92.086116
              6       59.090295      -116.27426      -29.577677      -116.27426        86.69658   2.0989032e-09       12.765688        12.765688                           -0       92.649213                                 92.649213
             10       58.623082      -47.406071      -16.129095      -47.406071       31.276976   2.0989032e-09       12.765688        12.765688                           -0       91.714786                                 91.714786
             17        59.00208      -97.490913      -28.521503      -97.490913        68.96941   2.0989032e-09       12.765688        12.765688                           -0       92.472784                                 92.472784
              2       58.785214        -105.485      -18.770116        -105.485       86.714887   2.0989032e-09       12.765688        12.765688                           -0       92.039051                                 92.039051
              1       58.684467      -83.631265      -15.784804      -83.631265       67.846461   2.0989032e-09       12.765688        12.765688                           -0       91.837558                                 91.837558
             10       58.627246      -103.97104      -9.3012107      -103.97104       94.669826   2.0989032e-09       12.765688        12.765688                           -0       91.723116                                 91.723116
              5       59.380513      -149.24403      -34.722946      -149.24403       114.52108   2.0989032e-09       12.765688        12.765688                           -0       93.229649                                 93.229649
              2       59.161687      -259.30101      -17.343488      -259.30101       241.95752   2.0989032e-09       12.765688        12.765688                           -0       92.791997                                 92.791997
             11       59.644409       -305.0191      -26.116469       -305.0191       278.90264   2.0989032e-09       12.765688        12.765688                           -0       93.757441                                 93.757441
              4       59.769633      -323.49836      -27.207505      -323.49836       296.29086   2.0989032e-09       12.765688        12.765688                           -0       94.007889                                 94.007889
