#        weight    minuslogpost          a_samp               s           a_exo           b_exo             A_s   minuslogprior minuslogprior__0 minuslogprior__h2_positivity            chi2 chi2__jwst_likelihood_uvlf.UVLFLikelihood
              2       64.399105      -35.545278      -111.41515      -35.545278      -75.869871   2.0989032e-09       12.765688        12.765688                           -0       103.26683                                 103.26683
              1       58.766371      -40.049081      -25.105514      -40.049081       14.943567   2.0989032e-09       12.765688        12.765688                           -0       92.001365                                 92.001365
              1       58.816554      -42.451234      -27.111097      -42.451234       15.340136   2.0989032e-09       12.765688        12.765688                           -0       92.101732                                 92.101732
              3       59.257151      -15.506361       -44.59006      -15.506361      -29.083698   2.0989032e-09       12.765688        12.765688                           -0       92.982925                                 92.982925
              1       58.965569       -15.20676      -35.733139       -15.20676      -20.526379   2.0989032e-09       12.765688        12.765688                           -0        92.39976                                  92.39976
              1       58.477939      -15.749464     -0.71671988      -15.749464       15.032744   2.0989032e-09       12.765688        12.765688                           -0       91.424502                                 91.424502
              3       58.486811      -24.642602      -2.9220102      -24.642602       21.720592   2.0989032e-09       12.765688        12.765688                           -0       91.442245                                 91.442245
              3       58.544051      -39.827461       -10.28364      -39.827461        29.54382   2.0989032e-09       12.765688        12.765688                           -0       91.556724                                 91.556724
              2       58.535032      -11.884497      -13.360152      -11.884497      -1.4756541   2.0989032e-09       12.765688        12.765688                           -0       91.538688                                 91.538688
              2       58.817979      -4.5695402        -31.2427      -4.5695402       -26.67316   2.0989032e-09       12.765688        12.765688                           -0       92.104582                                 92.104582
              3       58.472378      -5.5997346      -2.1132729      -5.5997346       3.4864616   2.0989032e-09       12.765688        12.765688                           -0       91.413379                                 91.413379
              3       58.695557       -8.300431      -25.122032       -8.300431      -16.821601   2.0989032e-09       12.765688        12.765688                           -0       91.859737                                 91.859737
              3       58.551191       -44.44451        -10.3905       -44.44451       34.054011   2.0989032e-09       12.765688        12.765688                           -0       91.571005                                 91.571005
              3       58.519137      -48.725983      -5.4715286      -48.725983       43.254455   2.0989032e-09       12.765688        12.765688                           -0       91.506898                                 91.506898
              3        58.58181      -72.993695      -9.4575538      -72.993695       63.536141   2.0989032e-09       12.765688        12.765688                           -0       91.632244                                 91.632244
              1       59.191427      -68.979431      -37.444996      -68.979431       31.534435   2.0989032e-09       12.765688        12.765688                           -0       92.851477                                 92.851477
              4       58.614742      -48.082044      -15.443802      -48.082044       32.638243   2.0989032e-09       12.765688        12.765688                           -0       91.698108                                 91.698108
              1       58.484832      -18.538936      -4.0138638      -18.538936       14.525072   2.0989032e-09       12.765688        12.765688                           -0       91.438287                                 91.438287
              2       58.793376      -57.111123      -24.487838      -57.111123       32.623285   2.0989032e-09       12.765688        12.765688                           -0       92.055375                                 92.055375
              5       58.694832      -85.214392      -16.222127      -85.214392       68.992265   2.0989032e-09       12.765688        12.765688                           -0       91.858287                                 91.858287
              2       59.246193      -58.061698      -40.085077      -58.061698        17.97662   2.0989032e-09       12.765688        12.765688                           -0       92.961009                                 92.961009
              1       59.510562      -45.396203      -48.037313      -45.396203      -2.6411091   2.0989032e-09       12.765688        12.765688                           -0       93.489746                                 93.489746
              1       58.568907      -87.123519      -6.1015236      -87.123519       81.021996   2.0989032e-09       12.765688        12.765688                           -0       91.606436                                 91.606436
              8       58.811489      -97.214773      -20.930701      -97.214773       76.284072   2.0989032e-09       12.765688        12.765688                           -0       92.091602                                 92.091602
              1       59.200782      -94.700938      -35.150766      -94.700938       59.550172   2.0989032e-09       12.765688        12.765688                           -0       92.870187                                 92.870187
              2       60.031015      -206.21153      -43.736868      -206.21153       162.47467   2.0989032e-09       12.765688        12.765688                           -0       94.530653                                 94.530653
              2       58.626398      -151.36577      -2.9162213      -151.36577       148.44955   2.0989032e-09       12.765688        12.765688                           -0       91.721418                                 91.721418
              1       58.842043      -206.54075      -10.315056      -206.54075       196.22569   2.0989032e-09       12.765688        12.765688                           -0       92.152709                                 92.152709
              2       59.100106      -214.42843      -19.873134      -214.42843        194.5553   2.0989032e-09       12.765688        12.765688                           -0       92.668835                                 92.668835
              1       59.338333      -198.46404      -28.740778      -198.46404       169.72326   2.0989032e-09       12.765688        12.765688                           -0        93.14529                                  93.14529
              3       59.302638      -204.46787      -27.148954      -204.46787       177.31892   2.0989032e-09       12.765688        12.765688                           -0       93.073899                                 93.073899
              3       59.266622      -168.91051       -29.65991      -168.91051        139.2506   2.0989032e-09       12.765688        12.765688                           -0       93.001867                                 93.001867
              8       58.972762      -144.32126      -22.584524      -144.32126       121.73674   2.0989032e-09       12.765688        12.765688                           -0       92.414147                                 92.414147
              2       59.839029      -298.03439      -31.153658      -298.03439       266.88073   2.0989032e-09       12.765688        12.765688                           -0        94.14668                                  94.14668
              3       61.718467      -291.36903      -61.610168      -291.36903       229.75887   2.0989032e-09       12.765688        12.765688                           -0       97.905558                                 97.905558
              4       60.650876      -154.07345      -59.274709      -154.07345       94.798737   2.0989032e-09       12.765688        12.765688                           -0       95.770375                                 95.770375
              1       60.433856      -138.51487      -57.224337      -138.51487       81.290529   2.0989032e-09       12.765688        12.765688                           -0       95.336336                                 95.336336
              3       60.368065      -140.55802       -55.93463      -140.55802       84.623387   2.0989032e-09       12.765688        12.765688                           -0       95.204753                                 95.204753
              1       60.064313       -28.99095      -60.982347       -28.99095      -31.991397   2.0989032e-09       12.765688        12.765688                           -0       94.597248                                 94.597248
              1         59.4885      -121.29452      -40.171581      -121.29452       81.122942   2.0989032e-09       12.765688        12.765688                           -0       93.445623                                 93.445623
              3       61.657229      -241.95004      -65.298389      -241.95004       176.65165   2.0989032e-09       12.765688        12.765688                           -0        97.78308                                  97.78308
              1       60.353054      -245.69129       -45.91936      -245.69129       199.77193   2.0989032e-09       12.765688        12.765688                           -0       95.174731                                 95.174731
              1       60.845214      -298.74051      -48.981488      -298.74051       249.75902   2.0989032e-09       12.765688        12.765688                           -0       96.159051                                 96.159051
              3       59.447774      -246.85848      -26.905951      -246.85848       219.95253   2.0989032e-09       12.765688        12.765688                           -0       93.364171                                 93.364171
              1       59.422713      -292.23442       -21.78273      -292.23442       270.45169   2.0989032e-09       12.765688        12.765688                           -0       93.314049                                 93.314049
              1       58.849233      -115.41426      -20.646323      -115.41426       94.767938   2.0989032e-09       12.765688        12.765688                           -0       92.167088                                 92.167088
              1       58.700269      -108.95301        -13.7577      -108.95301       95.195307   2.0989032e-09       12.765688        12.765688                           -0       91.869161                                 91.869161
              3       58.846984       -220.1678      -9.0407199       -220.1678       211.12708   2.0989032e-09       12.765688        12.765688                           -0       92.162592                                 92.162592
              2       58.767523      -124.10487      -15.788507      -124.10487       108.31637   2.0989032e-09       12.765688        12.765688                           -0        92.00367                                  92.00367
              1        58.68396      -133.31599      -9.7931138      -133.31599       123.52288   2.0989032e-09       12.765688        12.765688                           -0       91.836542                                 91.836542
              2       58.755479       -162.2681      -10.773574       -162.2681       151.49452   2.0989032e-09       12.765688        12.765688                           -0       91.979582                                 91.979582
              3       59.247129      -93.712222      -36.578197      -93.712222       57.134025   2.0989032e-09       12.765688        12.765688                           -0       92.962881                                 92.962881
              6       59.094165      -48.038461      -36.617147      -48.038461       11.421314   2.0989032e-09       12.765688        12.765688                           -0       92.656954                                 92.656954
              2       59.171541        -74.8615      -36.273957        -74.8615       38.587543   2.0989032e-09       12.765688        12.765688                           -0       92.811705                                 92.811705
              1        60.16524      -5.1863199      -65.011613      -5.1863199      -59.825294   2.0989032e-09       12.765688        12.765688                           -0       94.799102                                 94.799102
              4       58.870988      -61.569651        -27.3408      -61.569651       34.228851   2.0989032e-09       12.765688        12.765688                           -0       92.210599                                 92.210599
              3       58.901309      -42.390423       -30.56116      -42.390423       11.829263   2.0989032e-09       12.765688        12.765688                           -0       92.271241                                 92.271241
              3       58.885231       -177.9775      -15.452844       -177.9775       162.52466   2.0989032e-09       12.765688        12.765688                           -0       92.239086                                 92.239086
              3       58.912486      -166.16932      -17.888715      -166.16932       148.28061   2.0989032e-09       12.765688        12.765688                           -0       92.293595                                 92.293595
              1       58.679378      -73.312103      -16.691656      -73.312103       56.620447   2.0989032e-09       12.765688        12.765688                           -0       91.827379                                 91.827379
              9       58.904197      -77.190507      -27.008629      -77.190507       50.181879   2.0989032e-09       12.765688        12.765688                           -0       92.277016                                 92.277016
             17       58.551845      -82.494493      -4.6989456      -82.494493       77.795548   2.0989032e-09       12.765688        12.765688                           -0       91.572312                                 91.572312
              7       58.571548      -84.537688      -6.7781774      -84.537688       77.759511   2.0989032e-09       12.765688        12.765688                           -0       91.611718                                 91.611718
              1       59.198726      -204.38342      -24.088153      -204.38342       180.29526   2.0989032e-09       12.765688        12.765688                           -0       92.866075                                 92.866075
              4       58.694148      -211.66954     -0.76378361      -211.66954       210.90576   2.0989032e-09       12.765688        12.765688                           -0       91.856918                                 91.856918
              2       58.691549      -210.85652     -0.66361244      -210.85652       210.19291   2.0989032e-09       12.765688        12.765688                           -0       91.851721                                 91.851721
              3       58.804646      -250.61162      -3.3459135      -250.61162       247.26571   2.0989032e-09       12.765688        12.765688                           -0       92.077915                                 92.077915
              1       58.561723      -41.567418      -11.865284      -41.567418       29.702133   2.0989032e-09       12.765688        12.765688                           -0        91.59207                                  91.59207
              1       59.237746      -245.94902      -21.101213      -245.94902       224.84781   2.0989032e-09       12.765688        12.765688                           -0       92.944115                                 92.944115
              1       60.243152      -237.35319      -44.758912      -237.35319       192.59427   2.0989032e-09       12.765688        12.765688                           -0       94.954926                                 94.954926
              2       59.644497      -307.47736       -25.88147      -307.47736       281.59589   2.0989032e-09       12.765688        12.765688                           -0       93.757618                                 93.757618
              1        59.66227      -286.57583      -28.315559      -286.57583       258.26027   2.0989032e-09       12.765688        12.765688                           -0       93.793164                                 93.793164
              2       58.731544      -187.76105      -6.3411953      -187.76105       181.41985   2.0989032e-09       12.765688        12.765688                           -0       91.931711                                 91.931711
              3       60.138153      -329.08545      -34.234234      -329.08545       294.85122   2.0989032e-09       12.765688        12.765688                           -0       94.744929                                 94.744929
              2       58.883315      -208.19099       -12.08127      -208.19099       196.10972   2.0989032e-09       12.765688        12.765688                           -0       92.235253                                 92.235253
              5       59.093532      -241.64337      -16.846215      -241.64337       224.79715   2.0989032e-09       12.765688        12.765688                           -0       92.655687                                 92.655687
              3       59.517273      -280.71391      -25.375657      -280.71391       255.33826   2.0989032e-09       12.765688        12.765688                           -0        93.50317                                  93.50317
              2       58.874161      -134.26109      -19.693975      -134.26109       114.56711   2.0989032e-09       12.765688        12.765688                           -0       92.216945                                 92.216945
             12        58.66255      -74.775235      -15.461241      -74.775235       59.313994   2.0989032e-09       12.765688        12.765688                           -0       91.793724                                 91.793724
              3       58.756168      -114.34531      -16.297657      -114.34531       98.047651   2.0989032e-09       12.765688        12.765688                           -0       91.980958                                 91.980958
              6       58.874516      -228.73398      -9.4205004      -228.73398       219.31348   2.0989032e-09       12.765688        12.765688                           -0       92.217655                                 92.217655
              2        58.95447      -217.66303      -14.122354      -217.66303       203.54067   2.0989032e-09       12.765688        12.765688                           -0       92.377564                                 92.377564
              2       59.103293      -138.42175      -27.746592      -138.42175       110.67515   2.0989032e-09       12.765688        12.765688                           -0       92.675209                                 92.675209
              1       58.976332       -107.7524      -26.533883       -107.7524       81.218514   2.0989032e-09       12.765688        12.765688                           -0       92.421286                                 92.421286
              2       59.711084      -217.92678      -36.022313      -217.92678       181.90446   2.0989032e-09       12.765688        12.765688                           -0       93.890792                                 93.890792
              2        59.58387      -219.45032      -32.955932      -219.45032       186.49439   2.0989032e-09       12.765688        12.765688                           -0       93.636362                                 93.636362
             19       59.036079      -268.80987       -11.93114      -268.80987       256.87873   2.0989032e-09       12.765688        12.765688                           -0       92.540782                                 92.540782
              1       59.284665      -314.54752      -15.627584      -314.54752       298.91994   2.0989032e-09       12.765688        12.765688                           -0       93.037953                                 93.037953
              3       59.405393      -85.318872      -41.615237      -85.318872       43.703636   2.0989032e-09       12.765688        12.765688                           -0       93.279409                                 93.279409
              2       59.697315      -154.96386      -41.745764      -154.96386        113.2181   2.0989032e-09       12.765688        12.765688                           -0       93.863254                                 93.863254
              4       60.223222      -78.264896      -59.230005      -78.264896       19.034891   2.0989032e-09       12.765688        12.765688                           -0       94.915068                                 94.915068
              3       60.202005       -101.6815      -56.676618       -101.6815       45.004882   2.0989032e-09       12.765688        12.765688                           -0       94.872633                                 94.872633
              1       59.317317        -19.4526       -45.79672        -19.4526       -26.34412   2.0989032e-09       12.765688        12.765688                           -0       93.103257                                 93.103257
              4       58.908126        -260.754      -7.4685598        -260.754       253.28544   2.0989032e-09       12.765688        12.765688                           -0       92.284874                                 92.284874
              1       58.877299      -211.32373      -11.463602      -211.32373       199.86013   2.0989032e-09       12.765688        12.765688                           -0       92.223222                                 92.223222
              1       59.238644      -258.96442      -19.818798      -258.96442       239.14562   2.0989032e-09       12.765688        12.765688                           -0        92.94591                                  92.94591
              2       59.280573      -148.12636       -32.12059      -148.12636       116.00577   2.0989032e-09       12.765688        12.765688                           -0       93.029769                                 93.029769
              5       59.570404      -217.61025      -32.812785      -217.61025       184.79746   2.0989032e-09       12.765688        12.765688                           -0       93.609432                                 93.609432
             13       58.816089      -169.22458      -13.191822      -169.22458       156.03276   2.0989032e-09       12.765688        12.765688                           -0       92.100801                                 92.100801
              6       58.855482      -171.60018      -14.809492      -171.60018       156.79069   2.0989032e-09       12.765688        12.765688                           -0       92.179586                                 92.179586
              3       58.531604      -24.511065       -11.13602      -24.511065       13.375046   2.0989032e-09       12.765688        12.765688                           -0       91.531831                                 91.531831
              1       58.605131      -125.91656      -4.3759485      -125.91656       121.54062   2.0989032e-09       12.765688        12.765688                           -0       91.678885                                 91.678885
              1       59.537628      -216.23406      -32.155016      -216.23406       184.07904   2.0989032e-09       12.765688        12.765688                           -0       93.543879                                 93.543879
              4       59.017235      -250.36923      -13.147794      -250.36923       237.22143   2.0989032e-09       12.765688        12.765688                           -0       92.503094                                 92.503094
              1       58.640028      -76.563538      -13.721874      -76.563538       62.841664   2.0989032e-09       12.765688        12.765688                           -0       91.748678                                 91.748678
              1       58.599303      -75.555376      -10.695104      -75.555376       64.860272   2.0989032e-09       12.765688        12.765688                           -0       91.667229                                 91.667229
              1       58.720962      -142.34443      -11.076155      -142.34443       131.26828   2.0989032e-09       12.765688        12.765688                           -0       91.910547                                 91.910547
              3       59.393877      -140.17465       -35.96024      -140.17465       104.21441   2.0989032e-09       12.765688        12.765688                           -0       93.256376                                 93.256376
              6       60.477513      -125.46922      -59.146747      -125.46922       66.322473   2.0989032e-09       12.765688        12.765688                           -0        95.42365                                  95.42365
              2       58.652367      -90.377161      -12.884565      -90.377161       77.492595   2.0989032e-09       12.765688        12.765688                           -0       91.773357                                 91.773357
              4       59.356107      -134.25369      -35.551529      -134.25369       98.702161   2.0989032e-09       12.765688        12.765688                           -0       93.180837                                 93.180837
              3       59.002982      -224.23831      -15.348336      -224.23831       208.88997   2.0989032e-09       12.765688        12.765688                           -0       92.474587                                 92.474587
              8       59.033663      -262.90697      -12.458576      -262.90697       250.44839   2.0989032e-09       12.765688        12.765688                           -0       92.535949                                 92.535949
              1       59.178846      -299.94502      -13.763195      -299.94502       286.18183   2.0989032e-09       12.765688        12.765688                           -0       92.826314                                 92.826314
              7       60.290066      -332.07352      -36.760233      -332.07352       295.31329   2.0989032e-09       12.765688        12.765688                           -0       95.048754                                 95.048754
              2       59.528893      -208.57167      -32.685182      -208.57167       175.88649   2.0989032e-09       12.765688        12.765688                           -0        93.52641                                  93.52641
              1       58.488256      -8.4035689      -7.3286994      -8.4035689       1.0748695   2.0989032e-09       12.765688        12.765688                           -0       91.445135                                 91.445135
              1       59.119563      -258.08073      -16.055802      -258.08073       242.02492   2.0989032e-09       12.765688        12.765688                           -0        92.70775                                  92.70775
             10       59.235572       -252.9145      -20.333666       -252.9145       232.58084   2.0989032e-09       12.765688        12.765688                           -0       92.939768                                 92.939768
              6       59.778092      -238.91497      -35.483892      -238.91497       203.43107   2.0989032e-09       12.765688        12.765688                           -0       94.024806                                 94.024806
              5       60.885499       -161.7461       -62.12391       -161.7461       99.622191   2.0989032e-09       12.765688        12.765688                           -0       96.239621                                 96.239621
              2       59.084213      -106.11136      -30.414392      -106.11136       75.696965   2.0989032e-09       12.765688        12.765688                           -0       92.637049                                 92.637049
              1       59.243699      -61.906846       -39.63656      -61.906846       22.270286   2.0989032e-09       12.765688        12.765688                           -0        92.95602                                  92.95602
              5       59.080176      -39.491727      -37.043031      -39.491727       2.4486964   2.0989032e-09       12.765688        12.765688                           -0       92.628974                                 92.628974
              4       59.049631      -285.34779      -10.710262      -285.34779       274.63753   2.0989032e-09       12.765688        12.765688                           -0       92.567884                                 92.567884
              1       59.081414      -294.37865      -10.949446      -294.37865        283.4292   2.0989032e-09       12.765688        12.765688                           -0        92.63145                                  92.63145
              2       60.865573      -264.67135      -52.410452      -264.67135       212.26089   2.0989032e-09       12.765688        12.765688                           -0        96.19977                                  96.19977
              1       59.678954      -58.356054      -50.574633      -58.356054       7.7814208   2.0989032e-09       12.765688        12.765688                           -0        93.82653                                  93.82653
              4       60.190172      -348.40908      -33.399935      -348.40908       315.00914   2.0989032e-09       12.765688        12.765688                           -0       94.848967                                 94.848967
              7       59.226403      -303.15695      -14.975658      -303.15695        288.1813   2.0989032e-09       12.765688        12.765688                           -0        92.92143                                  92.92143
              1       60.212207      -219.12282      -45.904985      -219.12282       173.21783   2.0989032e-09       12.765688        12.765688                           -0       94.893038                                 94.893038
              5       59.613926      -251.41953      -30.576545      -251.41953       220.84299   2.0989032e-09       12.765688        12.765688                           -0       93.696475                                 93.696475
              5       60.181959      -168.13778      -50.120031      -168.13778       118.01775   2.0989032e-09       12.765688        12.765688                           -0       94.832542                                 94.832542
              8       58.673173      -119.15524      -10.789129      -119.15524       108.36611   2.0989032e-09       12.765688        12.765688                           -0       91.814969                                 91.814969
              2        58.67511      -120.02025      -10.815016      -120.02025       109.20523   2.0989032e-09       12.765688        12.765688                           -0       91.818843                                 91.818843
              5       59.088841      -70.542255      -34.173768      -70.542255       36.368487   2.0989032e-09       12.765688        12.765688                           -0       92.646304                                 92.646304
              7       59.308925      -146.76139      -33.043424      -146.76139       113.71796   2.0989032e-09       12.765688        12.765688                           -0       93.086472                                 93.086472
              1       59.106303      -27.692389      -39.043975      -27.692389      -11.351586   2.0989032e-09       12.765688        12.765688                           -0       92.681229                                 92.681229
              1       58.504665      -13.857246      -9.2609577      -13.857246       4.5962882   2.0989032e-09       12.765688        12.765688                           -0       91.477953                                 91.477953
             15       58.513861      -59.960162      -2.1518701      -59.960162       57.808292   2.0989032e-09       12.765688        12.765688                           -0       91.496345                                 91.496345
              3       58.508784      -53.312509      -2.3741412      -53.312509       50.938368   2.0989032e-09       12.765688        12.765688                           -0       91.486191                                 91.486191
              8       59.299413      -340.73013      -13.442926      -340.73013        327.2872   2.0989032e-09       12.765688        12.765688                           -0        93.06745                                  93.06745
              4       58.980573      -255.51364       -11.15566      -255.51364       244.35798   2.0989032e-09       12.765688        12.765688                           -0       92.429769                                 92.429769
              1       59.010992      -264.81599       -11.38288      -264.81599       253.43311   2.0989032e-09       12.765688        12.765688                           -0       92.490607                                 92.490607
              1       61.314833       -165.4688      -67.782211       -165.4688       97.686591   2.0989032e-09       12.765688        12.765688                           -0       97.098289                                 97.098289
              2        62.00395      -155.49722      -77.259759      -155.49722        78.23746   2.0989032e-09       12.765688        12.765688                           -0       98.476524                                 98.476524
              3       64.405515      -171.38213      -99.567662      -171.38213        71.81447   2.0989032e-09       12.765688        12.765688                           -0       103.27965                                 103.27965
             18       63.349533      -109.00902      -95.548936      -109.00902       13.460086   2.0989032e-09       12.765688        12.765688                           -0       101.16769                                 101.16769
              1       62.967425      -85.459896      -93.893078      -85.459896       -8.433182   2.0989032e-09       12.765688        12.765688                           -0       100.40347                                 100.40347
              1       59.933944      -66.543182      -55.006222      -66.543182        11.53696   2.0989032e-09       12.765688        12.765688                           -0       94.336512                                 94.336512
              1       60.316044      -205.07035      -49.053625      -205.07035       156.01673   2.0989032e-09       12.765688        12.765688                           -0       95.100711                                 95.100711
              2       59.444046      -275.36727       -24.01074      -275.36727       251.35654   2.0989032e-09       12.765688        12.765688                           -0       93.356714                                 93.356714
              3       58.939143      -288.14139      -5.8851797      -288.14139       282.25621   2.0989032e-09       12.765688        12.765688                           -0       92.346908                                 92.346908
              2       58.999444      -129.09158      -25.155254      -129.09158       103.93632   2.0989032e-09       12.765688        12.765688                           -0       92.467512                                 92.467512
              4       58.878782      -179.63848      -14.987139      -179.63848       164.65134   2.0989032e-09       12.765688        12.765688                           -0       92.226186                                 92.226186
              3       59.059795      -283.34762      -11.300683      -283.34762       272.04694   2.0989032e-09       12.765688        12.765688                           -0       92.588213                                 92.588213
              1       59.309561       -153.8788      -32.357232       -153.8788       121.52157   2.0989032e-09       12.765688        12.765688                           -0       93.087745                                 93.087745
              2       58.729146      -87.940057      -17.856069      -87.940057       70.083988   2.0989032e-09       12.765688        12.765688                           -0       91.926915                                 91.926915
              5        58.93762      -215.67679      -13.637096      -215.67679        202.0397   2.0989032e-09       12.765688        12.765688                           -0       92.343863                                 92.343863
             16       58.520838      -54.926212      -4.6270093      -54.926212       50.299203   2.0989032e-09       12.765688        12.765688                           -0       91.510299                                 91.510299
              5       58.518808      -50.771366      -5.0356353      -50.771366       45.735731   2.0989032e-09       12.765688        12.765688                           -0       91.506238                                 91.506238
              7       58.868964      -42.073216      -29.329439      -42.073216       12.743777   2.0989032e-09       12.765688        12.765688                           -0       92.206551                                 92.206551
              5       58.543749      -21.717864      -12.861649      -21.717864       8.8562151   2.0989032e-09       12.765688        12.765688                           -0       91.556121                                 91.556121
              1       58.803714      -114.54073      -18.659964      -114.54073       95.880768   2.0989032e-09       12.765688        12.765688                           -0       92.076052                                 92.076052
              5       58.891894      -188.87287      -14.564848      -188.87287       174.30802   2.0989032e-09       12.765688        12.765688                           -0       92.252411                                 92.252411
              1       59.209305      -251.87789      -19.625051      -251.87789       232.25284   2.0989032e-09       12.765688        12.765688                           -0       92.887234                                 92.887234
              5       58.911233      -91.512646      -25.772078      -91.512646       65.740568   2.0989032e-09       12.765688        12.765688                           -0       92.291089                                 92.291089
              1       59.644228      -306.64863      -25.955236      -306.64863        280.6934   2.0989032e-09       12.765688        12.765688                           -0       93.757079                                 93.757079
             10       59.664102      -303.22465      -26.752101      -303.22465       276.47255   2.0989032e-09       12.765688        12.765688                           -0       93.796826                                 93.796826
              1       59.901492       -300.1662       -32.26759       -300.1662       267.89861   2.0989032e-09       12.765688        12.765688                           -0       94.271607                                 94.271607
              1       59.362788      -115.76423      -37.543033      -115.76423       78.221195   2.0989032e-09       12.765688        12.765688                           -0         93.1942                                   93.1942
              2       59.680444      -153.65335      -41.499637      -153.65335       112.15371   2.0989032e-09       12.765688        12.765688                           -0       93.829512                                 93.829512
              5       60.238867      -134.76719      -54.246532      -134.76719       80.520663   2.0989032e-09       12.765688        12.765688                           -0       94.946357                                 94.946357
              2       60.652737      -59.871988      -67.954295      -59.871988      -8.0823069   2.0989032e-09       12.765688        12.765688                           -0       95.774098                                 95.774098
              4       60.474779      -91.391402       -62.24835      -91.391402       29.143052   2.0989032e-09       12.765688        12.765688                           -0       95.418182                                 95.418182
              2       61.169282      -176.49593      -64.811758      -176.49593       111.68417   2.0989032e-09       12.765688        12.765688                           -0       96.807187                                 96.807187
             11       58.499713      -37.666752      -3.6392439      -37.666752       34.027508   2.0989032e-09       12.765688        12.765688                           -0       91.468048                                 91.468048
              5       58.524198      -49.419857       -6.179152      -49.419857       43.240705   2.0989032e-09       12.765688        12.765688                           -0       91.517019                                 91.517019
              1          58.561        -67.4496      -8.1133752        -67.4496       59.336225   2.0989032e-09       12.765688        12.765688                           -0       91.590623                                 91.590623
              1       58.889006       -205.7889      -12.600466       -205.7889       193.18844   2.0989032e-09       12.765688        12.765688                           -0       92.246635                                 92.246635
              5       59.998537      -156.80971      -47.758905      -156.80971        109.0508   2.0989032e-09       12.765688        12.765688                           -0       94.465697                                 94.465697
              4       60.842053      -251.12906      -53.298382      -251.12906       197.83068   2.0989032e-09       12.765688        12.765688                           -0        96.15273                                  96.15273
              4       60.778414      -203.09768      -56.735652      -203.09768       146.36203   2.0989032e-09       12.765688        12.765688                           -0        96.02545                                  96.02545
              9       60.306735       -142.8867      -54.671949       -142.8867       88.214751   2.0989032e-09       12.765688        12.765688                           -0       95.082094                                 95.082094
              3       60.996324      -277.78149      -53.140833      -277.78149       224.64066   2.0989032e-09       12.765688        12.765688                           -0       96.461271                                 96.461271
              5       61.135378      -221.21245      -60.277002      -221.21245       160.93545   2.0989032e-09       12.765688        12.765688                           -0       96.739379                                 96.739379
              1       61.971234      -252.16515      -68.207973      -252.16515       183.95718   2.0989032e-09       12.765688        12.765688                           -0       98.411091                                 98.411091
              1       60.924499      -203.79046      -58.850828      -203.79046       144.93963   2.0989032e-09       12.765688        12.765688                           -0       96.317621                                 96.317621
              4       60.568478      -237.33481      -50.296327      -237.33481       187.03848   2.0989032e-09       12.765688        12.765688                           -0       95.605579                                 95.605579
              5       60.678877      -231.12199      -52.626013      -231.12199       178.49598   2.0989032e-09       12.765688        12.765688                           -0       95.826377                                 95.826377
              7       59.125038      -10.391414      -41.347808      -10.391414      -30.956394   2.0989032e-09       12.765688        12.765688                           -0       92.718698                                 92.718698
              5       58.589256      -141.72272     -0.24486191      -141.72272       141.47786   2.0989032e-09       12.765688        12.765688                           -0       91.647136                                 91.647136
              1        59.32491      -287.28488      -19.544774      -287.28488       267.74011   2.0989032e-09       12.765688        12.765688                           -0       93.118443                                 93.118443
             10       59.882882      -228.29043      -38.705361      -228.29043       189.58507   2.0989032e-09       12.765688        12.765688                           -0       94.234387                                 94.234387
              2       59.038204      -108.40222      -28.648406      -108.40222       79.753817   2.0989032e-09       12.765688        12.765688                           -0       92.545032                                 92.545032
              5       58.707569      -107.40059      -14.379088      -107.40059       93.021499   2.0989032e-09       12.765688        12.765688                           -0       91.883761                                 91.883761
              2       58.656793      -99.599488      -12.058358      -99.599488        87.54113   2.0989032e-09       12.765688        12.765688                           -0        91.78221                                  91.78221
              2       58.544671      -66.933544      -6.2245289      -66.933544       60.709015   2.0989032e-09       12.765688        12.765688                           -0       91.557965                                 91.557965
