#        weight    minuslogpost          a_samp               s           a_exo           b_exo             A_s   minuslogprior minuslogprior__0 minuslogprior__h2_positivity            chi2 chi2__jwst_likelihood_uvlf.UVLFLikelihood
              3       62.846632      -60.155113      -94.917314      -60.155113      -34.762201   2.0989032e-09       12.765688        12.765688                           -0       100.16189                                 100.16189
              6       64.766469       -81.15875      -110.46817       -81.15875      -29.309419   2.0989032e-09       12.765688        12.765688                           -0       104.00156                                 104.00156
              3        63.62878      -88.787283      -99.951838      -88.787283      -11.164555   2.0989032e-09       12.765688        12.765688                           -0       101.72618                                 101.72618
              1       60.258224      -108.18343      -57.057963      -108.18343       51.125464   2.0989032e-09       12.765688        12.765688                           -0       94.985072                                 94.985072
              1       59.170409      -95.876926      -34.135204      -95.876926       61.741721   2.0989032e-09       12.765688        12.765688                           -0        92.80944                                  92.80944
              1       58.549266      -99.687235      -1.4050607      -99.687235       98.282174   2.0989032e-09       12.765688        12.765688                           -0       91.567156                                 91.567156
              4       58.589556      -98.672305      -6.6431819      -98.672305       92.029123   2.0989032e-09       12.765688        12.765688                           -0       91.647736                                 91.647736
              2       58.767651      -91.916246      -19.412911      -91.916246       72.503335   2.0989032e-09       12.765688        12.765688                           -0       92.003926                                 92.003926
              5       58.625335       -108.1258      -8.6069744       -108.1258       99.518826   2.0989032e-09       12.765688        12.765688                           -0       91.719292                                 91.719292
              1       58.702545      -105.56123       -14.29485      -105.56123       91.266375   2.0989032e-09       12.765688        12.765688                           -0       91.873713                                 91.873713
              3       58.646957      -99.571728      -11.362048      -99.571728        88.20968   2.0989032e-09       12.765688        12.765688                           -0       91.762538                                 91.762538
              2       59.942537      -182.84118      -44.210878      -182.84118        138.6303   2.0989032e-09       12.765688        12.765688                           -0       94.353698                                 94.353698
              1       58.584604      -110.20738      -4.4630908      -110.20738       105.74429   2.0989032e-09       12.765688        12.765688                           -0       91.637831                                 91.637831
              1       60.029122      -133.07169      -50.575844      -133.07169       82.495843   2.0989032e-09       12.765688        12.765688                           -0       94.526868                                 94.526868
              1       60.492063      -115.83124      -60.273052      -115.83124       55.558187   2.0989032e-09       12.765688        12.765688                           -0        95.45275                                  95.45275
              3       59.903348      -131.94212       -48.23883      -131.94212       83.703293   2.0989032e-09       12.765688        12.765688                           -0       94.275318                                 94.275318
              1       58.905015      -117.87578      -22.731874      -117.87578       95.143902   2.0989032e-09       12.765688        12.765688                           -0       92.278653                                 92.278653
              3       58.519154       -63.04354      -2.7109514       -63.04354       60.332588   2.0989032e-09       12.765688        12.765688                           -0       91.506932                                 91.506932
              4       58.573224      -48.769852       -11.96596      -48.769852       36.803892   2.0989032e-09       12.765688        12.765688                           -0       91.615072                                 91.615072
              3       58.509093       -35.29041      -6.1696638       -35.29041       29.120746   2.0989032e-09       12.765688        12.765688                           -0       91.486809                                 91.486809
              3       58.593574      -14.679771      -18.071305      -14.679771      -3.3915342   2.0989032e-09       12.765688        12.765688                           -0       91.655772                                 91.655772
              1       58.715031      -52.412836      -21.146275      -52.412836       31.266561   2.0989032e-09       12.765688        12.765688                           -0       91.898685                                 91.898685
              2        59.62215      -109.80057      -44.402248      -109.80057       65.398319   2.0989032e-09       12.765688        12.765688                           -0       93.712924                                 93.712924
              4       59.941222      -89.046961      -53.029096      -89.046961       36.017865   2.0989032e-09       12.765688        12.765688                           -0       94.351067                                 94.351067
              3       58.647354       -106.3908      -10.540086       -106.3908       95.850718   2.0989032e-09       12.765688        12.765688                           -0       91.763332                                 91.763332
              2       58.618001       -111.4141      -7.5548829       -111.4141       103.85921   2.0989032e-09       12.765688        12.765688                           -0       91.704625                                 91.704625
              3       58.637355      -133.49539      -6.2898447      -133.49539       127.20555   2.0989032e-09       12.765688        12.765688                           -0       91.743333                                 91.743333
              1       59.432677      -162.66756      -34.755927      -162.66756       127.91164   2.0989032e-09       12.765688        12.765688                           -0       93.333977                                 93.333977
              9       58.727289      -45.063304       -22.62139      -45.063304       22.441914   2.0989032e-09       12.765688        12.765688                           -0       91.923201                                 91.923201
              3       58.535667      -79.260134      -2.7707638      -79.260134        76.48937   2.0989032e-09       12.765688        12.765688                           -0       91.539958                                 91.539958
              2       58.584455      -104.24772      -5.3156424      -104.24772        98.93208   2.0989032e-09       12.765688        12.765688                           -0       91.637532                                 91.637532
              3       58.479523      -8.7163057      -4.9345569      -8.7163057       3.7817488   2.0989032e-09       12.765688        12.765688                           -0        91.42767                                  91.42767
              1       58.516222      -65.117949      -1.5754804      -65.117949       63.542469   2.0989032e-09       12.765688        12.765688                           -0       91.501068                                 91.501068
              1       59.017173      -120.79922      -26.645164      -120.79922       94.154054   2.0989032e-09       12.765688        12.765688                           -0       92.502968                                 92.502968
              2       58.810561      -192.67477      -10.282729      -192.67477       182.39204   2.0989032e-09       12.765688        12.765688                           -0       92.089744                                 92.089744
              6       58.525821      -23.010674      -10.673687      -23.010674       12.336987   2.0989032e-09       12.765688        12.765688                           -0       91.520265                                 91.520265
              8       58.820693      -85.655008       -22.61145      -85.655008       63.043559   2.0989032e-09       12.765688        12.765688                           -0        92.11001                                  92.11001
              3       58.561503      -40.615767       -11.97633      -40.615767       28.639437   2.0989032e-09       12.765688        12.765688                           -0       91.591629                                 91.591629
              3       58.791271      -55.264831       -24.59357      -55.264831       30.671261   2.0989032e-09       12.765688        12.765688                           -0       92.051166                                 92.051166
              2       58.626652      -10.822193       -20.82484      -10.822193      -10.002646   2.0989032e-09       12.765688        12.765688                           -0       91.721927                                 91.721927
              3       59.461445      -314.28022       -20.64755      -314.28022       293.63267   2.0989032e-09       12.765688        12.765688                           -0       93.391513                                 93.391513
              4       59.374655      -325.48443       -17.16701      -325.48443       308.31742   2.0989032e-09       12.765688        12.765688                           -0       93.217932                                 93.217932
              2       59.316704      -203.63347      -27.628119      -203.63347       176.00535   2.0989032e-09       12.765688        12.765688                           -0        93.10203                                  93.10203
              1       58.564853      -106.19959      -2.6550998      -106.19959       103.54449   2.0989032e-09       12.765688        12.765688                           -0        91.59833                                  91.59833
              5       58.539128      -87.865639       -1.797581      -87.865639       86.068058   2.0989032e-09       12.765688        12.765688                           -0        91.54688                                  91.54688
              5       59.214987       -109.8052       -34.05902       -109.8052       75.746181   2.0989032e-09       12.765688        12.765688                           -0       92.898596                                 92.898596
              8       59.226013       -122.0338      -33.159599       -122.0338       88.874203   2.0989032e-09       12.765688        12.765688                           -0       92.920649                                 92.920649
              4       61.587027       -41.88282      -82.442757       -41.88282      -40.559937   2.0989032e-09       12.765688        12.765688                           -0       97.642676                                 97.642676
              2       59.630666      -29.754849      -52.257535      -29.754849      -22.502686   2.0989032e-09       12.765688        12.765688                           -0       93.729956                                 93.729956
              5       62.352775      -347.19429      -64.100038      -347.19429       283.09425   2.0989032e-09       12.765688        12.765688                           -0       99.174174                                 99.174174
              6       61.234555      -287.95515      -55.582842      -287.95515       232.37231   2.0989032e-09       12.765688        12.765688                           -0       96.937734                                 96.937734
              4       61.208968      -277.75663      -56.156852      -277.75663       221.59978   2.0989032e-09       12.765688        12.765688                           -0       96.886559                                 96.886559
              3       61.147074      -266.61322      -56.309651      -266.61322       210.30357   2.0989032e-09       12.765688        12.765688                           -0       96.762771                                 96.762771
              1       59.438699      -115.54409      -39.503763      -115.54409        76.04033   2.0989032e-09       12.765688        12.765688                           -0       93.346022                                 93.346022
              3       58.919814      -184.57194        -16.2247      -184.57194       168.34724   2.0989032e-09       12.765688        12.765688                           -0       92.308251                                 92.308251
              2       58.685647      -176.12262      -4.6219271      -176.12262        171.5007   2.0989032e-09       12.765688        12.765688                           -0       91.839916                                 91.839916
              1       58.679729      -167.13891      -5.3118166      -167.13891        161.8271   2.0989032e-09       12.765688        12.765688                           -0        91.82808                                  91.82808
              8       58.605973      -151.45514     -0.78155763      -151.45514       150.67358   2.0989032e-09       12.765688        12.765688                           -0       91.680569                                 91.680569
              3       58.938805      -214.59315      -13.804304      -214.59315       200.78885   2.0989032e-09       12.765688        12.765688                           -0       92.346234                                 92.346234
              2       58.584382       -20.95319      -16.575332       -20.95319       4.3778579   2.0989032e-09       12.765688        12.765688                           -0       91.637387                                 91.637387
              7       58.874497      -26.527703      -31.193293      -26.527703      -4.6655904   2.0989032e-09       12.765688        12.765688                           -0       92.217617                                 92.217617
              3       58.682235      -17.455337      -23.357007      -17.455337      -5.9016701   2.0989032e-09       12.765688        12.765688                           -0       91.833093                                 91.833093
              4       58.638426      -39.766294      -18.106328      -39.766294       21.659966   2.0989032e-09       12.765688        12.765688                           -0       91.745476                                 91.745476
              1       58.789576       -73.94291      -22.466472       -73.94291       51.476437   2.0989032e-09       12.765688        12.765688                           -0       92.047775                                 92.047775
              3         58.8327      -63.271386      -25.561928      -63.271386       37.709458   2.0989032e-09       12.765688        12.765688                           -0       92.134024                                 92.134024
              4        59.98264      -288.04443      -35.070365      -288.04443       252.97406   2.0989032e-09       12.765688        12.765688                           -0       94.433904                                 94.433904
              1       59.632319      -247.41092      -31.394873      -247.41092       216.01604   2.0989032e-09       12.765688        12.765688                           -0       93.733261                                 93.733261
              2       59.179788      -273.86222      -16.452853      -273.86222       257.40937   2.0989032e-09       12.765688        12.765688                           -0       92.828199                                 92.828199
             23        58.85504      -232.90084      -8.0197558      -232.90084       224.88109   2.0989032e-09       12.765688        12.765688                           -0       92.178704                                 92.178704
              1       59.095134       -199.2927      -21.257466       -199.2927       178.03523   2.0989032e-09       12.765688        12.765688                           -0       92.658891                                 92.658891
              4       58.484775      -23.730627       -2.280675      -23.730627       21.449952   2.0989032e-09       12.765688        12.765688                           -0       91.438173                                 91.438173
              6       59.212317      -341.40818      -10.635917      -341.40818       330.77226   2.0989032e-09       12.765688        12.765688                           -0       92.893257                                 92.893257
              2       59.190457      -273.72201      -16.811858      -273.72201       256.91015   2.0989032e-09       12.765688        12.765688                           -0       92.849537                                 92.849537
             12       59.154277      -289.09084      -14.052038      -289.09084        275.0388   2.0989032e-09       12.765688        12.765688                           -0       92.777177                                 92.777177
              5       59.100646      -298.90914      -11.175313      -298.90914       287.73382   2.0989032e-09       12.765688        12.765688                           -0       92.669914                                 92.669914
              3       58.669754       -35.47869      -20.559072       -35.47869       14.919618   2.0989032e-09       12.765688        12.765688                           -0        91.80813                                  91.80813
              6       58.775343       -44.37576      -25.051285       -44.37576       19.324476   2.0989032e-09       12.765688        12.765688                           -0       92.019309                                 92.019309
              2       59.037639        -16.0403      -38.063157        -16.0403      -22.022857   2.0989032e-09       12.765688        12.765688                           -0       92.543901                                 92.543901
              8       58.481804      -22.215214     -0.63184821      -22.215214       21.583366   2.0989032e-09       12.765688        12.765688                           -0        91.43223                                  91.43223
              2       58.607291      -56.912289        -13.7666      -56.912289       43.145689   2.0989032e-09       12.765688        12.765688                           -0       91.683206                                 91.683206
              1       59.164798      -172.46928       -26.25565      -172.46928       146.21363   2.0989032e-09       12.765688        12.765688                           -0        92.79822                                  92.79822
             11       59.173588      -170.49747      -26.728027      -170.49747       143.76944   2.0989032e-09       12.765688        12.765688                           -0       92.815799                                 92.815799
              1       59.555845      -243.34846      -29.966312      -243.34846       213.38214   2.0989032e-09       12.765688        12.765688                           -0       93.580314                                 93.580314
              1       58.860893      -149.74516      -17.438538      -149.74516       132.30662   2.0989032e-09       12.765688        12.765688                           -0        92.19041                                  92.19041
              4        58.80806      -200.59412      -9.2577953      -200.59412       191.33633   2.0989032e-09       12.765688        12.765688                           -0       92.084743                                 92.084743
              1       58.615621      -77.204625      -11.821882      -77.204625       65.382743   2.0989032e-09       12.765688        12.765688                           -0       91.699866                                 91.699866
              2       58.715462      -214.03781      -2.0596154      -214.03781        211.9782   2.0989032e-09       12.765688        12.765688                           -0       91.899546                                 91.899546
              2       58.938166      -289.89467      -5.6507231      -289.89467       284.24395   2.0989032e-09       12.765688        12.765688                           -0       92.344955                                 92.344955
              3       58.979302      -321.13499      -4.0725526      -321.13499       317.06244   2.0989032e-09       12.765688        12.765688                           -0       92.427226                                 92.427226
              2       60.611476      -299.94271        -45.2135      -299.94271       254.72921   2.0989032e-09       12.765688        12.765688                           -0       95.691574                                 95.691574
              3       60.879861      -316.16099      -47.907399      -316.16099       268.25359   2.0989032e-09       12.765688        12.765688                           -0       96.228346                                 96.228346
              7       61.494864      -245.65537      -62.893219      -245.65537       182.76215   2.0989032e-09       12.765688        12.765688                           -0       97.458352                                 97.458352
              3       59.787381      -71.476546      -51.612971      -71.476546       19.863575   2.0989032e-09       12.765688        12.765688                           -0       94.043385                                 94.043385
              2       59.922591      -77.935664      -53.712673      -77.935664       24.222991   2.0989032e-09       12.765688        12.765688                           -0       94.313804                                 94.313804
              1       59.830026      -98.248364      -49.948845      -98.248364       48.299519   2.0989032e-09       12.765688        12.765688                           -0       94.128674                                 94.128674
             19       60.132976      -124.81233      -53.278745      -124.81233       71.533585   2.0989032e-09       12.765688        12.765688                           -0       94.734575                                 94.734575
              3       59.730319      -160.48045      -41.938449      -160.48045         118.542   2.0989032e-09       12.765688        12.765688                           -0       93.929261                                 93.929261
              4       59.203772      -241.48636      -20.500706      -241.48636       220.98565   2.0989032e-09       12.765688        12.765688                           -0       92.876166                                 92.876166
              1       58.891433       -156.3329      -18.056571       -156.3329       138.27633   2.0989032e-09       12.765688        12.765688                           -0       92.251489                                 92.251489
              2       60.381711      -213.70448      -49.382659      -213.70448       164.32182   2.0989032e-09       12.765688        12.765688                           -0       95.232046                                 95.232046
              3       59.266753      -187.37605      -27.824251      -187.37605        159.5518   2.0989032e-09       12.765688        12.765688                           -0       93.002129                                 93.002129
              4       58.940291      -277.27858      -7.1152921      -277.27858       270.16329   2.0989032e-09       12.765688        12.765688                           -0       92.349204                                 92.349204
              1       59.037911      -21.992069      -37.467059      -21.992069       -15.47499   2.0989032e-09       12.765688        12.765688                           -0       92.544445                                 92.544445
              3       59.432137       -36.16982      -47.058074       -36.16982      -10.888254   2.0989032e-09       12.765688        12.765688                           -0       93.332898                                 93.332898
              2       59.364847      -49.748391       -44.05868      -49.748391       5.6897109   2.0989032e-09       12.765688        12.765688                           -0       93.198317                                 93.198317
              4       59.310942      -43.842728      -43.237732      -43.842728       0.6049952   2.0989032e-09       12.765688        12.765688                           -0       93.090508                                 93.090508
              1       59.416486      -64.210687      -43.948551      -64.210687       20.262136   2.0989032e-09       12.765688        12.765688                           -0       93.301596                                 93.301596
              8       59.552037      -88.539018      -44.845879      -88.539018       43.693139   2.0989032e-09       12.765688        12.765688                           -0       93.572698                                 93.572698
              1        59.56799      -139.36947       -40.31567      -139.36947       99.053803   2.0989032e-09       12.765688        12.765688                           -0       93.604603                                 93.604603
              1       62.050203      -211.05863      -72.821127      -211.05863        138.2375   2.0989032e-09       12.765688        12.765688                           -0        98.56903                                  98.56903
              8       59.086256      -14.677478      -39.737851      -14.677478      -25.060373   2.0989032e-09       12.765688        12.765688                           -0       92.641135                                 92.641135
              4       59.032322      -111.24158      -28.156668      -111.24158       83.084913   2.0989032e-09       12.765688        12.765688                           -0       92.533268                                 92.533268
              4       58.662271      -37.227619      -19.908157      -37.227619       17.319462   2.0989032e-09       12.765688        12.765688                           -0       91.793166                                 91.793166
              2       58.658286      -143.89203      -6.6274129      -143.89203       137.26462   2.0989032e-09       12.765688        12.765688                           -0       91.785195                                 91.785195
              1       58.788086      -207.29966      -7.4120582      -207.29966        199.8876   2.0989032e-09       12.765688        12.765688                           -0       92.044795                                 92.044795
              5       58.878534      -201.24447      -12.622704      -201.24447       188.62177   2.0989032e-09       12.765688        12.765688                           -0       92.225692                                 92.225692
              5       59.343036      -166.90496      -31.985405      -166.90496       134.91955   2.0989032e-09       12.765688        12.765688                           -0       93.154694                                 93.154694
              7       60.601466      -242.18278      -50.381181      -242.18278        191.8016   2.0989032e-09       12.765688        12.765688                           -0       95.671555                                 95.671555
              6       60.627266      -324.58248      -43.194482      -324.58248       281.38799   2.0989032e-09       12.765688        12.765688                           -0       95.723155                                 95.723155
              4       59.415304      -330.21668      -17.830666      -330.21668       312.38601   2.0989032e-09       12.765688        12.765688                           -0       93.299232                                 93.299232
              1       59.921509      -198.57932      -42.304258      -198.57932       156.27506   2.0989032e-09       12.765688        12.765688                           -0       94.311641                                 94.311641
              4       59.013212      -113.17843      -27.293393      -113.17843       85.885032   2.0989032e-09       12.765688        12.765688                           -0       92.495047                                 92.495047
             10       58.788633      -116.36132      -17.727381      -116.36132       98.633937   2.0989032e-09       12.765688        12.765688                           -0        92.04589                                  92.04589
              3       58.759341      -94.863449      -18.662066      -94.863449       76.201383   2.0989032e-09       12.765688        12.765688                           -0       91.987305                                 91.987305
             23       58.792278      -101.40885      -19.564581      -101.40885       81.844271   2.0989032e-09       12.765688        12.765688                           -0       92.053178                                 92.053178
              1       59.990871      -246.45956      -39.162258      -246.45956        207.2973   2.0989032e-09       12.765688        12.765688                           -0       94.450365                                 94.450365
              1       59.561937      -127.18891      -41.349201      -127.18891       85.839709   2.0989032e-09       12.765688        12.765688                           -0       93.592498                                 93.592498
              7       59.159393      -129.96907       -30.37553      -129.96907       99.593536   2.0989032e-09       12.765688        12.765688                           -0       92.787408                                 92.787408
              7       58.802734      -108.00469      -19.335092      -108.00469         88.6696   2.0989032e-09       12.765688        12.765688                           -0       92.074091                                 92.074091
              5       58.890116       -227.8615      -10.241525       -227.8615       217.61997   2.0989032e-09       12.765688        12.765688                           -0       92.248855                                 92.248855
              3       58.751899      -229.27155      -2.6713745      -229.27155       226.60018   2.0989032e-09       12.765688        12.765688                           -0       91.972422                                 91.972422
              3       58.788589      -248.51899       -2.656495      -248.51899        245.8625   2.0989032e-09       12.765688        12.765688                           -0         92.0458                                   92.0458
              1       59.321132      -284.26249      -19.736721      -284.26249       264.52577   2.0989032e-09       12.765688        12.765688                           -0       93.110887                                 93.110887
              2       59.306801      -218.97471      -25.825636      -218.97471       193.14907   2.0989032e-09       12.765688        12.765688                           -0       93.082225                                 93.082225
              5       59.316601      -272.58745      -20.769541      -272.58745       251.81791   2.0989032e-09       12.765688        12.765688                           -0       93.101826                                 93.101826
              5        59.35335      -283.76393      -20.708643      -283.76393       263.05529   2.0989032e-09       12.765688        12.765688                           -0       93.175324                                 93.175324
              2       59.024163      -312.42348      -6.8655358      -312.42348       305.55794   2.0989032e-09       12.765688        12.765688                           -0       92.516949                                 92.516949
              2       59.492764      -287.26695      -24.112182      -287.26695       263.15477   2.0989032e-09       12.765688        12.765688                           -0       93.454151                                 93.454151
              2       59.581913      -304.17027      -24.697799      -304.17027       279.47247   2.0989032e-09       12.765688        12.765688                           -0        93.63245                                  93.63245
              5        58.77668      -194.98806      -8.1923053      -194.98806       186.79575   2.0989032e-09       12.765688        12.765688                           -0       92.021984                                 92.021984
              3       58.646638      -153.60097      -4.4302231      -153.60097       149.17075   2.0989032e-09       12.765688        12.765688                           -0       91.761898                                 91.761898
              4       58.794185      -215.76137      -6.7783349      -215.76137       208.98303   2.0989032e-09       12.765688        12.765688                           -0       92.056993                                 92.056993
              6        58.75756      -193.70739      -7.2359808      -193.70739       186.47141   2.0989032e-09       12.765688        12.765688                           -0       91.983742                                 91.983742
              4       58.891208      -268.04633      -5.8750414      -268.04633       262.17129   2.0989032e-09       12.765688        12.765688                           -0       92.251038                                 92.251038
              2       59.050157      -189.34009       -20.72438      -189.34009       168.61571   2.0989032e-09       12.765688        12.765688                           -0       92.568938                                 92.568938
              2       60.211845      -217.49402       -46.05138      -217.49402       171.44264   2.0989032e-09       12.765688        12.765688                           -0       94.892312                                 94.892312
              8       60.253404      -195.46208      -48.849199      -195.46208       146.61288   2.0989032e-09       12.765688        12.765688                           -0        94.97543                                  94.97543
              1       60.979871      -196.29995      -60.340519      -196.29995       135.95943   2.0989032e-09       12.765688        12.765688                           -0       96.428365                                 96.428365
              1       59.596481      -296.95583      -25.752542      -296.95583       271.20329   2.0989032e-09       12.765688        12.765688                           -0       93.661584                                 93.661584
              1       59.673686      -305.57477      -26.749041      -305.57477       278.82573   2.0989032e-09       12.765688        12.765688                           -0       93.815995                                 93.815995
              7       59.120032      -247.22353      -17.187131      -247.22353        230.0364   2.0989032e-09       12.765688        12.765688                           -0       92.708688                                 92.708688
              1       59.599527      -93.340722      -45.471899      -93.340722       47.868823   2.0989032e-09       12.765688        12.765688                           -0       93.667677                                 93.667677
              2       60.815267      -26.362599      -73.459468      -26.362599      -47.096869   2.0989032e-09       12.765688        12.765688                           -0       96.099158                                 96.099158
              3       60.234229       -38.53585      -63.114965       -38.53585      -24.579115   2.0989032e-09       12.765688        12.765688                           -0        94.93708                                  94.93708
              2       58.620663      -94.619481      -9.9801047      -94.619481       84.639376   2.0989032e-09       12.765688        12.765688                           -0       91.709949                                 91.709949
              1       58.762454      -6.1529602      -28.644481      -6.1529602      -22.491521   2.0989032e-09       12.765688        12.765688                           -0       91.993531                                 91.993531
              6       58.782549      -17.853975      -28.279125      -17.853975       -10.42515   2.0989032e-09       12.765688        12.765688                           -0        92.03372                                  92.03372
              5       59.282681      -151.54457       -31.84009      -151.54457       119.70448   2.0989032e-09       12.765688        12.765688                           -0       93.033985                                 93.033985
              1       59.585356      -186.69396       -36.15597      -186.69396       150.53799   2.0989032e-09       12.765688        12.765688                           -0       93.639335                                 93.639335
              5        59.55418      -187.83806      -35.305997      -187.83806       152.53206   2.0989032e-09       12.765688        12.765688                           -0       93.576983                                 93.576983
              1       59.654675      -177.62306      -38.624293      -177.62306       138.99876   2.0989032e-09       12.765688        12.765688                           -0       93.777974                                 93.777974
              1       58.765915      -62.611206       -22.59048      -62.611206       40.020725   2.0989032e-09       12.765688        12.765688                           -0       92.000453                                 92.000453
              6       58.623368      -105.14515      -8.8337852      -105.14515       96.311366   2.0989032e-09       12.765688        12.765688                           -0       91.715358                                 91.715358
              2       58.606301      -29.884818      -17.100963      -29.884818       12.783855   2.0989032e-09       12.765688        12.765688                           -0       91.681226                                 91.681226
              3       58.863733      -96.038725      -23.359566      -96.038725       72.679159   2.0989032e-09       12.765688        12.765688                           -0       92.196089                                 92.196089
              6       59.311854      -241.80287      -23.699111      -241.80287       218.10376   2.0989032e-09       12.765688        12.765688                           -0        93.09233                                  93.09233
              1       59.531213      -163.48693      -37.113628      -163.48693       126.37331   2.0989032e-09       12.765688        12.765688                           -0       93.531049                                 93.531049
              3        58.58468      -82.968357      -8.3555364      -82.968357       74.612821   2.0989032e-09       12.765688        12.765688                           -0       91.637984                                 91.637984
              1       58.686854      -203.28194       -1.264974      -203.28194       202.01697   2.0989032e-09       12.765688        12.765688                           -0       91.842331                                 91.842331
              2       59.133554      -209.46524      -21.499916      -209.46524       187.96532   2.0989032e-09       12.765688        12.765688                           -0        92.73573                                  92.73573
              2       61.171107      -86.133527      -73.041159      -86.133527       13.092368   2.0989032e-09       12.765688        12.765688                           -0       96.810837                                 96.810837
              4       58.787439       -42.67349      -25.794801       -42.67349       16.878689   2.0989032e-09       12.765688        12.765688                           -0       92.043502                                 92.043502
              3       59.523543      -179.81401      -35.345623      -179.81401       144.46839   2.0989032e-09       12.765688        12.765688                           -0        93.51571                                  93.51571
              7       58.551688       -21.44465      -13.683699       -21.44465       7.7609511   2.0989032e-09       12.765688        12.765688                           -0          91.572                                    91.572
              4       58.592563      -91.157339      -7.9826066      -91.157339       83.174733   2.0989032e-09       12.765688        12.765688                           -0        91.65375                                  91.65375
              2       59.129475      -311.32541      -10.914538      -311.32541       300.41087   2.0989032e-09       12.765688        12.765688                           -0       92.727574                                 92.727574
              1       59.242533      -139.63609      -31.881667      -139.63609       107.75442   2.0989032e-09       12.765688        12.765688                           -0       92.953689                                 92.953689
              1       58.982739      -249.03098      -11.932427      -249.03098       237.09855   2.0989032e-09       12.765688        12.765688                           -0       92.434101                                 92.434101
              1       59.493199      -286.80299      -24.168856      -286.80299       262.63413   2.0989032e-09       12.765688        12.765688                           -0       93.455021                                 93.455021
              4       59.518121      -321.98606      -21.367308      -321.98606       300.61875   2.0989032e-09       12.765688        12.765688                           -0       93.504866                                 93.504866
              5       58.683335      -39.448173      -20.883653      -39.448173       18.564521   2.0989032e-09       12.765688        12.765688                           -0       91.835294                                 91.835294
              1       58.683047      -40.738206      -20.717815      -40.738206       20.020391   2.0989032e-09       12.765688        12.765688                           -0       91.834718                                 91.834718
              5       58.743173      -180.77605      -7.8933078      -180.77605       172.88274   2.0989032e-09       12.765688        12.765688                           -0       91.954969                                 91.954969
             14       58.880532      -207.77113      -12.000205      -207.77113       195.77093   2.0989032e-09       12.765688        12.765688                           -0       92.229687                                 92.229687
              1       59.130357       -141.0471      -28.349371       -141.0471       112.69773   2.0989032e-09       12.765688        12.765688                           -0       92.729337                                 92.729337
             11       58.909099      -105.54038      -24.204496      -105.54038       81.335884   2.0989032e-09       12.765688        12.765688                           -0       92.286821                                 92.286821
