#        weight    minuslogpost     shmr_log_Mc          shmr_N       shmr_beta             A_s   minuslogprior minuslogprior__0            chi2 chi2__jwst_likelihood_uvlf.UVLFLikelihood
              2         40.5401       11.497498     0.029576335       1.3531885   2.0989032e-09      -5.2353147       -5.2353147       91.550829                                 91.550829
              3       39.515649       11.503992     0.028521144       1.3086766   2.0989032e-09      -5.2063733       -5.2063733       89.444045                                 89.444045
              2       37.684824        11.55313     0.027231117        1.211536   2.0989032e-09      -4.9864229       -4.9864229       85.342495                                 85.342495
              3       37.640529         11.5801      0.02882358       1.2015686   2.0989032e-09      -4.9834016       -4.9834016        85.24786                                  85.24786
              3       37.798996       11.600807     0.026906656       1.1220388   2.0989032e-09      -4.6319162       -4.6319162       84.861824                                 84.861824
              1       37.887011       11.615495     0.028695767       1.2062935   2.0989032e-09      -4.9042278       -4.9042278       85.582478                                 85.582478
              3       38.201458       11.588193     0.029330836       1.2412574   2.0989032e-09      -5.0493481       -5.0493481       86.501613                                 86.501613
              6       36.789275       11.638618     0.027303835       1.1323753   2.0989032e-09      -4.5772131       -4.5772131       82.732977                                 82.732977
             10       36.986513       11.645243     0.026975302       1.1334931   2.0989032e-09      -4.5373866       -4.5373866       83.047799                                 83.047799
              5       37.225206        11.63679     0.026631131       1.1446976   2.0989032e-09      -4.5785465       -4.5785465       83.607506                                 83.607506
              2       36.739813       11.635349     0.025860147       1.1100767   2.0989032e-09      -4.4064034       -4.4064034       82.292433                                 82.292433
              2       36.897215       11.673806     0.026384209       1.0903114   2.0989032e-09      -4.2291261       -4.2291261       82.252682                                 82.252682
              7       38.658071       11.721343     0.029866455       1.0428437   2.0989032e-09      -3.9250946       -3.9250946        85.16633                                  85.16633
              6       37.167684       11.705875     0.029514267       1.1073247   2.0989032e-09       -4.269849        -4.269849       82.875067                                 82.875067
              5       37.310225       11.708095     0.029577578       1.1109976   2.0989032e-09      -4.2716787       -4.2716787       83.163808                                 83.163808
              1        37.24657       11.723059     0.028364616       1.0776244   2.0989032e-09      -4.0438733       -4.0438733       82.580886                                 82.580886
              2        37.25857       11.736755     0.028774302       1.0651933   2.0989032e-09      -3.9248831       -3.9248831       82.366905                                 82.366905
             10        37.80682       11.728282     0.028955764       1.0954625   2.0989032e-09      -4.0984743       -4.0984743       83.810589                                 83.810589
              2       39.282623       11.734863     0.029745252       1.0245414   2.0989032e-09      -3.7626625       -3.7626625        86.09057                                  86.09057
              1       38.612351       11.786129     0.028544603       1.0419323   2.0989032e-09      -3.4945143       -3.4945143        84.21373                                  84.21373
              1       41.594913       11.777017     0.025880366      0.93441139   2.0989032e-09      -2.8262898       -2.8262898       88.842406                                 88.842406
              4       40.088186       11.756772     0.021963123       0.9691769   2.0989032e-09      -2.6304264       -2.6304264       85.437226                                 85.437226
              3       39.781773        11.79092     0.027267085       1.0370877   2.0989032e-09      -3.3834568       -3.3834568        86.33046                                  86.33046
              1       40.156841        11.80064     0.029197078       1.0590974   2.0989032e-09      -3.4769291       -3.4769291       87.267541                                 87.267541
              2       39.729432       11.780099     0.028880494       1.0710013   2.0989032e-09      -3.6712684       -3.6712684         86.8014                                   86.8014
              5       37.150619         11.6985     0.029897187       1.1172114   2.0989032e-09       -4.341844        -4.341844       82.984927                                 82.984927
              2       37.232829       11.713686     0.029979694       1.0777148   2.0989032e-09      -4.1155874       -4.1155874       82.696832                                 82.696832
              2       38.850941       11.739545     0.035525957       1.1168574   2.0989032e-09      -3.7146632       -3.7146632       85.131208                                 85.131208
              2       38.334131       11.729583     0.033854928       1.1034638   2.0989032e-09      -3.9229346       -3.9229346       84.514132                                 84.514132
              1       37.885064       11.698514     0.031762904       1.1023653   2.0989032e-09      -4.2391165       -4.2391165       84.248362                                 84.248362
              2       37.897915       11.698505     0.031765483       1.1021241   2.0989032e-09      -4.2381546       -4.2381546       84.272139                                 84.272139
              6       37.914813       11.720562     0.032294452       1.0922473   2.0989032e-09      -4.0565027       -4.0565027       83.942632                                 83.942632
              1       37.902959       11.722091     0.032711017       1.0995048   2.0989032e-09      -4.0476879       -4.0476879       83.901294                                 83.901294
              3       38.825868        11.55232     0.026098812       1.2509239   2.0989032e-09      -4.9753543       -4.9753543       87.602444                                 87.602444
              3       38.864403       11.562036     0.027999749       1.2665218   2.0989032e-09      -5.1017891       -5.1017891       87.932384                                 87.932384
              5       38.640065       11.554864     0.026602908       1.2513336   2.0989032e-09      -5.0125046       -5.0125046       87.305139                                 87.305139
              1       38.981128       11.569173     0.030969721       1.2815733   2.0989032e-09      -5.1221276       -5.1221276       88.206512                                 88.206512
              5       39.732347       11.610454     0.028467048       1.1119236   2.0989032e-09      -4.6459251       -4.6459251       88.756544                                 88.756544
              1       39.378426       11.619665     0.030504822       1.1398928   2.0989032e-09      -4.7224707       -4.7224707       88.201794                                 88.201794
              2       37.777769       11.623615     0.030082294       1.1550758   2.0989032e-09       -4.761881        -4.761881       85.079299                                 85.079299
              8       38.165934        11.62364     0.030514588       1.1544847   2.0989032e-09      -4.7539722       -4.7539722       85.839812                                 85.839812
              4       38.218354       11.624185     0.030457734       1.1515681   2.0989032e-09      -4.7448439       -4.7448439       85.926396                                 85.926396
              3       39.386389       11.571214     0.031057853       1.2934807   2.0989032e-09      -5.1268088       -5.1268088       89.026396                                 89.026396
              4       39.204718       11.585526      0.03302156        1.269501   2.0989032e-09      -4.9657194       -4.9657194       88.340874                                 88.340874
              6       38.667039       11.567607     0.023542362       1.1901898   2.0989032e-09      -4.5408997       -4.5408997       86.415878                                 86.415878
              4       38.270075       11.562975     0.025755496       1.2246323   2.0989032e-09      -4.8856936       -4.8856936       86.311538                                 86.311538
             11       38.232879       11.569236     0.025982585        1.221682   2.0989032e-09      -4.8904016       -4.8904016       86.246561                                 86.246561
              3       38.384421       11.594005     0.025688659       1.1973922   2.0989032e-09      -4.7625058       -4.7625058       86.293854                                 86.293854
              5       38.401505       11.594904     0.025675351       1.1966245   2.0989032e-09      -4.7573794       -4.7573794       86.317769                                 86.317769
             12       38.362598          11.614     0.025488801       1.1738733   2.0989032e-09      -4.6338854       -4.6338854       85.992968                                 85.992968
              6       37.910839       11.726931     0.026306932       1.0594346   2.0989032e-09      -3.8312084       -3.8312084       83.484096                                 83.484096
              1       38.074337        11.65172     0.023857259       1.0983224   2.0989032e-09      -4.0754143       -4.0754143       84.299503                                 84.299503
             15       37.816141       11.614722     0.027600195       1.1931898   2.0989032e-09        -4.83708         -4.83708       85.306443                                 85.306443
              5       36.916137       11.687024     0.028824177       1.1083814   2.0989032e-09       -4.357543        -4.357543       82.547361                                 82.547361
              5       36.920227       11.677445     0.028810057       1.1189293   2.0989032e-09      -4.4377669       -4.4377669       82.715987                                 82.715987
              1       37.347235       11.706595     0.030685306       1.1220516   2.0989032e-09      -4.3063186       -4.3063186       83.307107                                 83.307107
              9        37.59602       11.725768     0.032059626       1.1162147   2.0989032e-09      -4.1283627       -4.1283627       83.448765                                 83.448765
              1        37.39711       11.681826     0.031513083       1.1486386   2.0989032e-09      -4.4835888       -4.4835888       83.761398                                 83.761398
              1       37.379695       11.681316     0.031634452       1.1406971   2.0989032e-09      -4.4563981       -4.4563981       83.672186                                 83.672186
              2       37.453121       11.619369     0.021778595        1.058825   2.0989032e-09       -3.687856        -3.687856       82.281954                                 82.281954
              2       37.414556       11.614044     0.021766846       1.0621527   2.0989032e-09      -3.7154407       -3.7154407       82.259993                                 82.259993
             20       37.019183       11.639686     0.023591201       1.0637902   2.0989032e-09      -3.9442314       -3.9442314       81.926828                                 81.926828
              8       37.124843         11.6699     0.025446236       1.0497956   2.0989032e-09         -3.9941          -3.9941       82.237886                                 82.237886
              2       39.625137       11.621263     0.022184527       1.0056663   2.0989032e-09      -3.5064453       -3.5064453       86.263166                                 86.263166
              2       39.125033       11.460104      0.02300679       1.2344302   2.0989032e-09      -4.5867966       -4.5867966        87.42366                                  87.42366
              2       39.400224       11.604631      0.02208881       1.1324558   2.0989032e-09      -4.0631988       -4.0631988       86.926846                                 86.926846
              9       38.222001       11.583626     0.022150991       1.1346938   2.0989032e-09      -4.1309476       -4.1309476       84.705897                                 84.705897
              2       37.903062       11.546498     0.020049364       1.0984229   2.0989032e-09      -3.6383074       -3.6383074       83.082739                                 83.082739
              2       38.250018       11.529375     0.019282417       1.1025172   2.0989032e-09      -3.4875153       -3.4875153       83.475066                                 83.475066
              3       38.949624       11.517878     0.021942773       1.1115219   2.0989032e-09      -4.0988795       -4.0988795       86.097006                                 86.097006
              2       40.214361       11.771706     0.029959693      0.99386799   2.0989032e-09      -3.3739585       -3.3739585       87.176639                                 87.176639
              2       39.431498       11.760047     0.026893691      0.97299393   2.0989032e-09      -3.2458602       -3.2458602       85.354717                                 85.354717
              4       39.782131       11.639116     0.035306687       1.2034953   2.0989032e-09      -4.4629664       -4.4629664       88.490194                                 88.490194
              5       39.763262       11.413196     0.019219024        1.215521   2.0989032e-09      -3.7076904       -3.7076904       86.941905                                 86.941905
              3       40.003188       11.406062     0.019318315       1.2237213   2.0989032e-09      -3.7319027       -3.7319027       87.470182                                 87.470182
              1       39.350927       11.437958     0.018089985       1.1418819   2.0989032e-09      -3.2719943       -3.2719943       85.245843                                 85.245843
              3       39.533581       11.666195     0.019208256       0.9712377   2.0989032e-09      -2.5266054       -2.5266054       84.120372                                 84.120372
              1       37.221512       11.639967     0.029714149       1.1449837   2.0989032e-09      -4.6798756       -4.6798756       83.802775                                 83.802775
              1       37.199796       11.644271     0.029978439       1.1670132   2.0989032e-09      -4.7268918       -4.7268918       83.853377                                 83.853377
              3       36.813024       11.639452     0.027828948       1.1268473   2.0989032e-09      -4.5828114       -4.5828114       82.791671                                 82.791671
              7       37.293451       11.649843     0.025287436       1.0582531   2.0989032e-09      -4.0950059       -4.0950059       82.776914                                 82.776914
              2       37.861423       11.551297     0.024112623        1.131141   2.0989032e-09      -4.4790192       -4.4790192       84.680885                                 84.680885
              4       38.141068        11.62492     0.026203885       1.0791949   2.0989032e-09      -4.3535157       -4.3535157       84.989167                                 84.989167
              3       37.642915       11.643616     0.027313607       1.0862099   2.0989032e-09      -4.3957498       -4.3957498       84.077329                                 84.077329
              9       46.153718       11.300424     0.014921689       1.1428964   2.0989032e-09      -1.8359226       -1.8359226        95.97928                                  95.97928
              6       43.936555        11.30704     0.011941826       1.0641261   2.0989032e-09     -0.43377973      -0.43377973       88.740669                                 88.740669
             10       44.105237       11.436723     0.016952699       1.0403262   2.0989032e-09      -2.5532929       -2.5532929       93.317059                                 93.317059
              3       41.017513       11.627689     0.023521048       1.0082128   2.0989032e-09      -3.7159748       -3.7159748       89.466975                                 89.466975
              6       41.095022       11.702818     0.033975763       1.0917003   2.0989032e-09      -4.0116191       -4.0116191       90.213283                                 90.213283
              6       41.216976       11.701118     0.033825926       1.0900857   2.0989032e-09      -4.0289136       -4.0289136        90.49178                                  90.49178
              1       37.862886       11.671322     0.025502559       1.0334672   2.0989032e-09      -3.9191846       -3.9191846       83.564141                                 83.564141
              9       37.465289       11.623183     0.023278551       1.0510659   2.0989032e-09       -3.897026        -3.897026        82.72463                                  82.72463
              4       37.211163       11.672461      0.02535545       1.0444025   2.0989032e-09      -3.9497373       -3.9497373       82.321801                                 82.321801
              2       39.636225       11.664782     0.028606642       1.1870596   2.0989032e-09      -4.6857157       -4.6857157       88.643881                                 88.643881
              8       39.966452       11.495663     0.024076953       1.1717566   2.0989032e-09      -4.6262381       -4.6262381       89.185381                                 89.185381
              7       39.473283         11.4767     0.026199109        1.292167   2.0989032e-09      -5.0590802       -5.0590802       89.064727                                 89.064727
              4        38.83595       11.495126     0.026154979        1.266464   2.0989032e-09      -5.0350138       -5.0350138       87.741927                                 87.741927
              1        37.51491        11.60411     0.028138354        1.199623   2.0989032e-09      -4.9040448       -4.9040448       84.837909                                 84.837909
              4       38.927508       11.667992     0.034556053       1.1675292   2.0989032e-09      -4.3575445       -4.3575445       86.570104                                 86.570104
             11        37.38859       11.643583     0.030438279       1.1783816   2.0989032e-09      -4.7536501       -4.7536501       84.284479                                 84.284479
              2       38.283359       11.673894     0.032768455       1.1913814   2.0989032e-09      -4.5601403       -4.5601403       85.686998                                 85.686998
              3        40.37256       11.406932     0.017455046       1.2125808   2.0989032e-09      -3.2132787       -3.2132787       87.171678                                 87.171678
              1       38.503492       11.529078     0.028069271       1.2558656   2.0989032e-09      -5.1280668       -5.1280668       87.263117                                 87.263117
              4       37.099821       11.690458     0.028775282       1.0797035   2.0989032e-09      -4.2317141       -4.2317141       82.663069                                 82.663069
             11       37.117961       11.688991     0.028910579       1.0824135   2.0989032e-09      -4.2522003       -4.2522003       82.740322                                 82.740322
              3       37.115124       11.682447     0.029209383        1.093133   2.0989032e-09      -4.3286899       -4.3286899       82.887628                                 82.887628
              1       37.371728       11.706413     0.028681751       1.0586802   2.0989032e-09       -4.063082        -4.063082        82.86962                                  82.86962
              9       37.553083       11.750053     0.028539071       1.0270822   2.0989032e-09      -3.6668463       -3.6668463       82.439858                                 82.439858
              2        37.08642       11.725999     0.028119438       1.0572487   2.0989032e-09      -3.9337405       -3.9337405        82.04032                                  82.04032
              4       36.895991       11.684482     0.026263794        1.059964   2.0989032e-09      -4.0482997       -4.0482997       81.888582                                 81.888582
              4       37.029225        11.68298     0.025166864       1.0581076   2.0989032e-09      -3.9437554       -3.9437554       81.945961                                 81.945961
              2        37.11652       11.657897     0.024324213       1.0751472   2.0989032e-09      -4.0232466       -4.0232466       82.279534                                 82.279534
              8       37.105776       11.674181     0.024295322       1.0481813   2.0989032e-09      -3.8369497       -3.8369497       81.885452                                 81.885452
              1       36.873705       11.641873     0.026955565       1.1313063   2.0989032e-09      -4.5411639       -4.5411639       82.829737                                 82.829737
              4       36.834054       11.642089     0.026679485       1.1251846   2.0989032e-09      -4.5014828       -4.5014828       82.671074                                 82.671074
              9       38.102954       11.799069     0.031362256       1.0388207   2.0989032e-09      -3.3687037       -3.3687037       82.943315                                 82.943315
              4       38.055275       11.797443     0.031169064       1.0365821   2.0989032e-09      -3.3776484       -3.3776484       82.865847                                 82.865847
              1       37.177439       11.654149     0.027483228       1.1382858   2.0989032e-09      -4.5489385       -4.5489385       83.452755                                 83.452755
              4       37.096725       11.613375     0.025434575       1.1435169   2.0989032e-09      -4.5443141       -4.5443141       83.282079                                 83.282079
              2       37.419052       11.565853     0.024959879       1.1857409   2.0989032e-09      -4.7159754       -4.7159754       84.270056                                 84.270056
              3       41.369236       11.632491       0.0260953       1.2064303   2.0989032e-09       -4.709993        -4.709993       92.158459                                 92.158459
              1       40.343429       11.644279     0.027051085       1.1963041   2.0989032e-09      -4.7176833       -4.7176833       90.122225                                 90.122225
              1       39.818644       11.596844     0.020557962        1.108755   2.0989032e-09      -3.6988715       -3.6988715        87.03503                                  87.03503
              6       39.917087       11.503726     0.019263152       1.1738366   2.0989032e-09      -3.7168511       -3.7168511       87.267877                                 87.267877
             10       37.798002       11.552374     0.020565937       1.0768156   2.0989032e-09      -3.6620153       -3.6620153       82.920034                                 82.920034
              2       37.388582       11.643975     0.024398442       1.0496028   2.0989032e-09      -3.9764716       -3.9764716       82.730106                                 82.730106
              6       36.912455       11.612412     0.025810242       1.1421134   2.0989032e-09      -4.5789856       -4.5789856       82.982881                                 82.982881
              6       37.016879       11.681331     0.025074866       1.0474814   2.0989032e-09      -3.8945744       -3.8945744       81.822906                                 81.822906
              3       38.466393       11.566404     0.030421492       1.2435047   2.0989032e-09      -5.0904857       -5.0904857       87.113757                                 87.113757
              2        39.53047       11.478727     0.021248303       1.2412506   2.0989032e-09      -4.2971792       -4.2971792       87.655299                                 87.655299
              1       39.522317       11.477491     0.019985342       1.2111425   2.0989032e-09      -3.9698429       -3.9698429       86.984319                                 86.984319
              2       38.331868       11.611396     0.030744396       1.1719114   2.0989032e-09      -4.8330446       -4.8330446       86.329825                                 86.329825
              4       38.072308       11.608738     0.030204567       1.1702672   2.0989032e-09       -4.845904        -4.845904       85.836424                                 85.836424
              2       37.801347       11.606036     0.029088418        1.157045   2.0989032e-09      -4.8152952       -4.8152952       85.233285                                 85.233285
              2       38.073879       11.600104     0.028732516       1.1514815   2.0989032e-09        -4.80782         -4.80782       85.763398                                 85.763398
              5       38.465917       11.623644     0.027465901       1.0961265   2.0989032e-09      -4.5087696       -4.5087696       85.949372                                 85.949372
              3        37.44348       11.650819     0.030324948       1.1756003   2.0989032e-09      -4.7217343       -4.7217343       84.330428                                 84.330428
              1        37.37269       11.662034     0.030387432       1.1638632   2.0989032e-09      -4.6456046       -4.6456046       84.036589                                 84.036589
              1       37.429552       11.651607     0.028567297       1.1606994   2.0989032e-09      -4.6681081       -4.6681081       84.195321                                 84.195321
              1       40.322219       11.400892     0.016490257       1.1359255   2.0989032e-09      -2.7088476       -2.7088476       86.062133                                 86.062133
              6       40.191871       11.520154     0.016645906       1.0010467   2.0989032e-09      -2.3132391       -2.3132391        85.01022                                  85.01022
              5       40.793422       11.547027     0.017233222      0.97757507   2.0989032e-09      -2.3428182       -2.3428182       86.272481                                 86.272481
              9       41.458514       11.603784     0.017093722      0.93150848   2.0989032e-09      -1.9249417       -1.9249417       86.766911                                 86.766911
              5       39.170317       11.485455     0.017385258       1.1036673   2.0989032e-09      -2.9894812       -2.9894812       84.319597                                 84.319597
              2       39.753217       11.473646     0.018079615       1.1625593   2.0989032e-09      -3.3690725       -3.3690725       86.244579                                 86.244579
              9       39.885688       11.875007     0.030500382      0.98588873   2.0989032e-09      -2.4895931       -2.4895931       84.750563                                 84.750563
              3         39.0886       11.824126     0.031882287       1.0456287   2.0989032e-09      -3.1808496       -3.1808496         84.5389                                   84.5389
             10       37.194711       11.736918     0.028328751       1.0515185   2.0989032e-09      -3.8528091       -3.8528091        82.09504                                  82.09504
              6       37.643816       11.760451     0.027245648       1.0109239   2.0989032e-09      -3.4660384       -3.4660384       82.219709                                 82.219709
              4       39.742757        11.70238     0.027756064       1.1375221   2.0989032e-09      -4.3450333       -4.3450333       88.175581                                 88.175581
              1       37.139924       11.691333     0.030478413       1.1253696   2.0989032e-09       -4.397658        -4.397658       83.075163                                 83.075163
              6       36.900863       11.669811      0.02695938       1.0763803   2.0989032e-09      -4.2325594       -4.2325594       82.266844                                 82.266844
             15       36.784949       11.671043     0.028158565       1.1066563   2.0989032e-09      -4.4038453       -4.4038453       82.377589                                 82.377589
              2       37.042375       11.702192     0.028580651       1.0708403   2.0989032e-09      -4.1333937       -4.1333937       82.351537                                 82.351537
              2       38.682499       11.541859     0.029244304        1.274679   2.0989032e-09      -5.1693278       -5.1693278       87.703654                                 87.703654
              3       37.050535       11.644651     0.027308055       1.1408314   2.0989032e-09      -4.5827854       -4.5827854        83.26664                                  83.26664
              4        36.98461       11.618065     0.026555705       1.1518656   2.0989032e-09      -4.6540407       -4.6540407       83.277302                                 83.277302
             13       38.311053       11.700909     0.024088753       1.0535749   2.0989032e-09      -3.7085653       -3.7085653       84.039236                                 84.039236
              1       37.395156       11.749936     0.028132844       1.0432997   2.0989032e-09      -3.7299889       -3.7299889        82.25029                                  82.25029
              4        37.38769        11.73734     0.028359655       1.0652695   2.0989032e-09      -3.9106172       -3.9106172       82.596614                                 82.596614
             39       37.134703       11.718876     0.029228919       1.0877694   2.0989032e-09      -4.1255738       -4.1255738       82.520554                                 82.520554
              1        36.99089       11.652151     0.029249486        1.131444   2.0989032e-09      -4.5905674       -4.5905674       83.162914                                 83.162914
              1       37.016106       11.625685     0.026795736       1.1112593   2.0989032e-09      -4.5167953       -4.5167953       83.065803                                 83.065803
              9       38.017383       11.609894     0.024890387       1.0752222   2.0989032e-09      -4.2524809       -4.2524809       84.539727                                 84.539727
              6       37.921704       11.627866     0.025842554        1.074058   2.0989032e-09      -4.2919892       -4.2919892       84.427386                                 84.427386
              4       36.794333       11.652086     0.027359614       1.1032114   2.0989032e-09      -4.4312222       -4.4312222       82.451111                                 82.451111
              4       36.772529       11.667929     0.027607521       1.0960554   2.0989032e-09      -4.3543509       -4.3543509       82.253759                                 82.253759
             11       36.848821       11.668779     0.027615446       1.0893328   2.0989032e-09      -4.3255757       -4.3255757       82.348794                                 82.348794
              1       36.840728       11.661797     0.027505938       1.0937939   2.0989032e-09      -4.3659389       -4.3659389       82.413335                                 82.413335
             12        36.74088       11.658964     0.027366382       1.1030264   2.0989032e-09      -4.4041801       -4.4041801        82.29012                                  82.29012
              7       37.824745       11.522477     0.021134749       1.1508155   2.0989032e-09      -4.0676765       -4.0676765       83.784842                                 83.784842
              3       38.204605       11.485854     0.021737415       1.1852666   2.0989032e-09       -4.282101        -4.282101       84.973411                                 84.973411
              3        37.01022       11.585301     0.024968865       1.1304666   2.0989032e-09      -4.5233289       -4.5233289       83.067098                                 83.067098
              2       36.985938       11.580013     0.025184781       1.1487576   2.0989032e-09      -4.6148096       -4.6148096       83.201495                                 83.201495
              2       37.271863       11.636708       0.0302813       1.1685025   2.0989032e-09       -4.754387        -4.754387       84.052501                                 84.052501
              4       37.593824       11.685742     0.032364431       1.1419723   2.0989032e-09      -4.4002965       -4.4002965       83.988241                                 83.988241
              3       37.601698       11.681004      0.03221535       1.1407666   2.0989032e-09      -4.4274353       -4.4274353       84.058267                                 84.058267
              5       36.926854       11.675196      0.02893832       1.1224384   2.0989032e-09      -4.4620946       -4.4620946       82.777896                                 82.777896
             19       36.882618        11.65674     0.028835903       1.1344855   2.0989032e-09       -4.576182        -4.576182       82.917599                                 82.917599
              9       38.072998        11.62472     0.029437441       1.1344448   2.0989032e-09      -4.6967268       -4.6967268        85.53945                                  85.53945
             12       37.989326       11.504385     0.023258693       1.2097633   2.0989032e-09      -4.5989367       -4.5989367       85.176525                                 85.176525
              4       37.068668       11.713673     0.026662271       1.0461247   2.0989032e-09      -3.8727526       -3.8727526        81.88284                                  81.88284
              6       36.894107       11.681974      0.02894549       1.1001665   2.0989032e-09      -4.3533194       -4.3533194       82.494853                                 82.494853
              1        37.10863       11.649647     0.023485174       1.0562561   2.0989032e-09      -3.8604255       -3.8604255       81.938111                                 81.938111
              1       39.342796       11.433264     0.018925943       1.1715908   2.0989032e-09       -3.570819        -3.570819       85.827229                                 85.827229
              6       39.399571       11.434844     0.018720423       1.1591424   2.0989032e-09      -3.4865151       -3.4865151       85.772172                                 85.772172
              1       39.121632       11.624116     0.021400103      0.99848114   2.0989032e-09      -3.3138959       -3.3138959       84.871055                                 84.871055
              2       38.886866       11.594876     0.019854696       1.0046327   2.0989032e-09      -3.0937921       -3.0937921       83.961316                                 83.961316
              2        38.62849       11.524456     0.027687174       1.2745052   2.0989032e-09      -5.1380705       -5.1380705       87.533122                                 87.533122
              9       37.800268       11.543515     0.026369331       1.2280319   2.0989032e-09      -4.9706658       -4.9706658       85.541867                                 85.541867
              1       38.347356       11.489091     0.023629053       1.2285827   2.0989032e-09      -4.6889513       -4.6889513       86.072615                                 86.072615
              7       37.352128       11.542337     0.022774892       1.1500683   2.0989032e-09      -4.3500484       -4.3500484       83.404352                                 83.404352
              2       37.792959       11.544644     0.026688406       1.2039881   2.0989032e-09      -4.9457134       -4.9457134       85.477344                                 85.477344
              1       38.062737       11.543786     0.026469306        1.187388   2.0989032e-09      -4.8925824       -4.8925824       85.910639                                 85.910639
             12       38.598407       11.571429     0.031067532       1.2532671   2.0989032e-09      -5.0805309       -5.0805309       87.357875                                 87.357875
              2       38.592519       11.572969     0.031137407       1.2530433   2.0989032e-09      -5.0751104       -5.0751104       87.335259                                 87.335259
              1       37.778294       11.632082     0.030400483       1.1507903   2.0989032e-09      -4.7182474       -4.7182474       84.993083                                 84.993083
              5       37.512935       11.636147     0.031059548       1.1839718   2.0989032e-09      -4.7781891       -4.7781891       84.582249                                 84.582249
              3       39.651495        11.64977     0.028684283       1.2038316   2.0989032e-09      -4.7850238       -4.7850238       88.873038                                 88.873038
              2       37.985341       11.586498     0.026382482       1.2065063   2.0989032e-09      -4.8595817       -4.8595817       85.689845                                 85.689845
              5       37.346179       11.635494     0.027245422       1.1578152   2.0989032e-09      -4.6616756       -4.6616756        84.01571                                  84.01571
              3       37.354615       11.578151     0.027562418       1.2000194   2.0989032e-09      -4.9388541       -4.9388541       84.586939                                 84.586939
              5       37.080502       11.592314     0.027295651       1.1734613   2.0989032e-09      -4.8301961       -4.8301961       83.821396                                 83.821396
              1       39.415403       11.509899      0.02103921       1.2057903   2.0989032e-09      -4.1929205       -4.1929205       87.216648                                 87.216648
              1       39.124306       11.544163     0.024317673       1.2360381   2.0989032e-09      -4.7723761       -4.7723761       87.793364                                 87.793364
              3       39.474529       11.528016     0.023738753       1.2473455   2.0989032e-09      -4.7273448       -4.7273448       88.403748                                 88.403748
              1       39.250388       11.531543     0.023709349       1.2392579   2.0989032e-09      -4.7077944       -4.7077944       87.916365                                 87.916365
              3       40.315568       11.618743     0.024487469       1.1802847   2.0989032e-09      -4.5248142       -4.5248142       89.680764                                 89.680764
              6       40.689316        11.60209     0.023425107        1.182402   2.0989032e-09      -4.4316426       -4.4316426       90.241916                                 90.241916
              1       37.450886       11.640348      0.02849498       1.1709258   2.0989032e-09      -4.7350588       -4.7350588       84.371889                                 84.371889
              1       37.107998       11.601284     0.027857257       1.1785794   2.0989032e-09      -4.8498883       -4.8498883       83.915774                                 83.915774
              6       36.827162        11.62626     0.027528805       1.1424388   2.0989032e-09      -4.6619395       -4.6619395       82.978204                                 82.978204
              3       37.649782       11.648829     0.029921494       1.1816654   2.0989032e-09      -4.7486036       -4.7486036       84.796772                                 84.796772
              7       37.686656       11.642068     0.030063008       1.1895215   2.0989032e-09      -4.7913164       -4.7913164       84.955945                                 84.955945
              6       38.903549        11.75233     0.035592621       1.1350324   2.0989032e-09      -3.6870462       -3.6870462        85.18119                                  85.18119
              3       38.812383       11.555005     0.019180491       1.0926246   2.0989032e-09      -3.3982871       -3.3982871        84.42134                                  84.42134
              2       39.088455       11.553285     0.018827709       1.0893458   2.0989032e-09      -3.2987431       -3.2987431       84.774396                                 84.774396
              2       37.989555        11.56812     0.020382678       1.0940898   2.0989032e-09      -3.6658845       -3.6658845       83.310879                                 83.310879
              4       38.070143       11.564251     0.020192352       1.0946104   2.0989032e-09      -3.6318547       -3.6318547       83.403996                                 83.403996
              4       39.230769       11.832149     0.033232099       1.0491003   2.0989032e-09      -3.0392898       -3.0392898       84.540118                                 84.540118
              2       38.876144        11.84153     0.030283105      0.98754455   2.0989032e-09      -2.8018872       -2.8018872       83.356063                                 83.356063
              1       38.892484       11.842426     0.030317238      0.98746274   2.0989032e-09      -2.7933074       -2.7933074       83.371584                                 83.371584
              1       38.648241       11.827556     0.028960205      0.98739745   2.0989032e-09       -2.915524        -2.915524       83.127531                                 83.127531
              3       39.099368        11.70995     0.030436334       1.1540644   2.0989032e-09      -4.3942906       -4.3942906       86.987318                                 86.987318
              4       38.481964       11.710131     0.030332764       1.1429397   2.0989032e-09      -4.3618565       -4.3618565       85.687642                                 85.687642
              6       38.891294       11.776761     0.035636023       1.0944285   2.0989032e-09      -3.3780775       -3.3780775       84.538744                                 84.538744
              6       38.217548        11.77724     0.031278903       1.0746682   2.0989032e-09      -3.6846662       -3.6846662       83.804428                                 83.804428
              4       38.629506        11.51781     0.026107828       1.2091285   2.0989032e-09      -4.9321967       -4.9321967       87.123406                                 87.123406
              4       38.979742       11.473828      0.02007459        1.133691   2.0989032e-09      -3.7845781       -3.7845781       85.528641                                 85.528641
              1       38.393662       11.486784     0.022435499        1.185534   2.0989032e-09      -4.4088664       -4.4088664       85.605057                                 85.605057
              1       39.391618       11.453868     0.022130358       1.2099584   2.0989032e-09      -4.3858904       -4.3858904       87.555017                                 87.555017
              2       39.367643       11.445872     0.021404101       1.2086364   2.0989032e-09      -4.2367574       -4.2367574         87.2088                                   87.2088
              1       39.015217       11.581421     0.024167672       1.1946068   2.0989032e-09       -4.611971        -4.611971       87.254376                                 87.254376
              6       39.877768       11.681914     0.032293712       1.2112644   2.0989032e-09      -4.6000137       -4.6000137       88.955563                                 88.955563
              4       38.248152       11.692338     0.034287742       1.1611207   2.0989032e-09       -4.260274        -4.260274       85.016852                                 85.016852
              1       39.296256       11.674118     0.036188493       1.2033204   2.0989032e-09      -4.1993195       -4.1993195       86.991152                                 86.991152
              5       39.203833       11.543793     0.030495463       1.2626216   2.0989032e-09      -5.1477163       -5.1477163       88.703099                                 88.703099
              1       38.509164       11.694256     0.034618277       1.1783848   2.0989032e-09      -4.2598525       -4.2598525       85.538034                                 85.538034
              4        36.96733       11.665073     0.028295617       1.0984708   2.0989032e-09      -4.4037452       -4.4037452        82.74215                                  82.74215
              2       38.373601       11.755006     0.033103097       1.0693646   2.0989032e-09      -3.7032249       -3.7032249       84.153653                                 84.153653
              6       37.300259       11.742213     0.029583476       1.0683313   2.0989032e-09      -3.9153337       -3.9153337       82.431186                                 82.431186
              1       37.345251       11.743789     0.029879149       1.0716614   2.0989032e-09      -3.9193354       -3.9193354       82.529172                                 82.529172
              3       37.677829       11.535183     0.024320026       1.2037974   2.0989032e-09       -4.719541        -4.719541       84.794739                                 84.794739
              3       37.698533       11.602372     0.023585722       1.1360449   2.0989032e-09      -4.3236431       -4.3236431       84.044352                                 84.044352
              2        37.26885       11.715689     0.029498372       1.1003378   2.0989032e-09      -4.1926174       -4.1926174       82.922935                                 82.922935
              1       37.366581       11.703476     0.027114749       1.0862032   2.0989032e-09      -4.1243129       -4.1243129       82.981789                                 82.981789
              2        37.35333       11.719038     0.027149956       1.0681978   2.0989032e-09      -3.9716053       -3.9716053       82.649871                                 82.649871
              3       37.594845       11.648398      0.03136975       1.1590131   2.0989032e-09      -4.6575856       -4.6575856       84.504861                                 84.504861
             13       36.986502       11.656361      0.02947101       1.1433986   2.0989032e-09      -4.6137088       -4.6137088       83.200422                                 83.200422
              1       39.787717       11.629946     0.034623063       1.2000862   2.0989032e-09       -4.571524        -4.571524       88.718482                                 88.718482
              3        40.36563       11.824127     0.023680168      0.93101874   2.0989032e-09      -2.1951547       -2.1951547        85.12157                                  85.12157
              1       40.080712       11.446473     0.017242622       1.0867052   2.0989032e-09      -2.8505579       -2.8505579       85.862539                                 85.862539
              6       41.534864       11.500192     0.020171018       1.0654837   2.0989032e-09      -3.5623356       -3.5623356       90.194399                                 90.194399
              3       40.322382       11.610747     0.023671651        1.030204   2.0989032e-09      -3.8958371       -3.8958371       88.436438                                 88.436438
              3       40.421083       11.619192     0.024409177       1.0333172   2.0989032e-09      -3.9850148       -3.9850148       88.812196                                 88.812196
              1       39.256873       11.646413     0.026411445       1.0496464   2.0989032e-09       -4.172454        -4.172454       86.858654                                 86.858654
              4       38.920912       11.635732     0.025914893       1.0552123   2.0989032e-09      -4.1930593       -4.1930593       86.227943                                 86.227943
              3       39.264122       11.612784     0.026500407        1.206064   2.0989032e-09      -4.8022578       -4.8022578        88.13276                                  88.13276
              1        38.70021       11.582528     0.018659094       1.0314825   2.0989032e-09      -2.9574965       -2.9574965       83.315413                                 83.315413
              1        38.58847        11.48208     0.019330696       1.1201726   2.0989032e-09      -3.5684947       -3.5684947        84.31393                                  84.31393
              2       38.428632       11.509195     0.021077025        1.116736   2.0989032e-09      -3.9521866       -3.9521866       84.761638                                 84.761638
              4       38.423811        11.50915      0.02106485       1.1166969   2.0989032e-09      -3.9495757       -3.9495757       84.746773                                 84.746773
              1       38.658529       11.578794     0.028871859       1.1719453   2.0989032e-09      -4.9154326       -4.9154326       87.147923                                 87.147923
              2       36.998762        11.60026     0.023198025       1.0953127   2.0989032e-09      -4.1299188       -4.1299188       82.257362                                 82.257362
              2       36.944744       11.598474     0.023961285       1.1189138   2.0989032e-09      -4.3297217       -4.3297217       82.548931                                 82.548931
              2       37.484625       11.673653     0.029994489       1.1040175   2.0989032e-09      -4.4101394       -4.4101394       83.789528                                 83.789528
              4        37.59164       11.667848     0.031925342       1.1689098   2.0989032e-09      -4.5823265       -4.5823265       84.347932                                 84.347932
              4       36.769819       11.647194     0.025418182       1.0849369   2.0989032e-09        -4.22819         -4.22819       81.996018                                 81.996018
              3       37.489865       11.717454     0.025414123       1.0133935   2.0989032e-09      -3.5891413       -3.5891413       82.158013                                 82.158013
              3       39.357417       11.472669      0.01982253       1.1208502   2.0989032e-09      -3.6833184       -3.6833184       86.081471                                 86.081471
              5       38.958397       11.460429      0.02148909       1.2376877   2.0989032e-09       -4.324918        -4.324918       86.566631                                 86.566631
              1       38.475893        11.53123     0.024635336       1.1563661   2.0989032e-09      -4.6425743       -4.6425743       86.236934                                 86.236934
              3       38.071607       11.545807     0.024611343       1.1436775   2.0989032e-09      -4.5881178       -4.5881178        85.31945                                  85.31945
              1       38.835384       11.661456     0.033486823       1.2182679   2.0989032e-09      -4.6117426       -4.6117426       86.894253                                 86.894253
              2       39.795754       11.674842     0.035351177       1.2316747   2.0989032e-09      -4.3720328       -4.3720328       88.335573                                 88.335573
              2       38.974989       11.698551     0.035195084       1.1899002   2.0989032e-09      -4.1959329       -4.1959329       86.341844                                 86.341844
              3       38.975892       11.698556     0.035198955       1.1899115   2.0989032e-09      -4.1954314       -4.1954314       86.342647                                 86.342647
              3       37.687659       11.654851      0.03082047       1.1830614   2.0989032e-09      -4.7149276       -4.7149276       84.805173                                 84.805173
              5       37.358644       11.593484     0.022133099       1.0975746   2.0989032e-09      -3.9775076       -3.9775076       82.672304                                 82.672304
              6       37.240778       11.620345     0.022812696       1.0832402   2.0989032e-09      -3.9669161       -3.9669161       82.415389                                 82.415389
              1       37.304466       11.644218     0.030637507        1.166205   2.0989032e-09      -4.7154041       -4.7154041        84.03974                                  84.03974
              8       37.400538        11.68597     0.031256792       1.1196862   2.0989032e-09      -4.3823141       -4.3823141       83.565703                                 83.565703
             14       37.043763       11.667474      0.02962903       1.1192724   2.0989032e-09      -4.4912439       -4.4912439       83.070014                                 83.070014
              7       37.542813       11.575665     0.021690729       1.0735699   2.0989032e-09      -3.8397425       -3.8397425       82.765111                                 82.765111
              8       37.511544       11.575826     0.021852899       1.0762792   2.0989032e-09      -3.8808919       -3.8808919       82.784872                                 82.784872
              5       37.060667       11.658264     0.024404204       1.0503392   2.0989032e-09      -3.9264792       -3.9264792       81.974292                                 81.974292
             15       37.266136       11.569718     0.022416824        1.122769   2.0989032e-09      -4.1652358       -4.1652358       82.862744                                 82.862744
              1       37.233173       11.556892     0.022797029       1.1367149   2.0989032e-09      -4.2948044       -4.2948044       83.055954                                 83.055954
              1       39.581022       11.467435     0.017534962       1.1434317   2.0989032e-09      -3.1554442       -3.1554442       85.472933                                 85.472933
              1       39.288328       11.450698     0.021788035       1.2116358   2.0989032e-09      -4.3228443       -4.3228443       87.222345                                 87.222345
              3        40.39759       11.501575     0.027658314       1.3418824   2.0989032e-09      -5.1857995       -5.1857995        91.16678                                  91.16678
              2       38.575874       11.586593     0.031744724       1.2516252   2.0989032e-09      -5.0208625       -5.0208625       87.193473                                 87.193473
              5        38.15098       11.561219     0.024311174       1.2000134   2.0989032e-09      -4.6787496       -4.6787496       85.659459                                 85.659459
              2       39.200537       11.720412      0.03662034       1.1620283   2.0989032e-09      -3.8002782       -3.8002782        86.00163                                  86.00163
              1        41.02942       11.719356     0.039640353       1.2007474   2.0989032e-09      -3.3000624       -3.3000624       88.658966                                 88.658966
              3       41.301332       11.738735     0.040195448       1.1875799   2.0989032e-09      -3.0244964       -3.0244964       88.651657                                 88.651657
              2       41.456188       11.668766     0.036832359       1.1682097   2.0989032e-09      -4.0331692       -4.0331692       90.978714                                 90.978714
              3         39.8935       11.748414     0.033918096       1.0636513   2.0989032e-09      -3.6472468       -3.6472468       87.081494                                 87.081494
             10       43.676649       11.996433     0.032797045      0.90015211   2.0989032e-09     -0.54479354      -0.54479354       88.442885                                 88.442885
              7       39.595494       11.858227     0.029786418      0.99220445   2.0989032e-09      -2.6846057       -2.6846057       84.560199                                 84.560199
              1       39.946158       11.873242     0.028219076      0.94316997   2.0989032e-09      -2.2441308       -2.2441308       84.380578                                 84.380578
              2       39.511771       11.723669     0.021341095      0.97860988   2.0989032e-09      -2.7632234       -2.7632234       84.549988                                 84.549988
              5       39.420429       11.722161     0.021395961      0.97998759   2.0989032e-09      -2.7900019       -2.7900019       84.420862                                 84.420862
              1       39.930401       11.672253     0.032067365       1.2199472   2.0989032e-09      -4.6733326       -4.6733326       89.207467                                 89.207467
              6       40.902107       11.526237     0.032785342       1.3381351   2.0989032e-09      -5.1133483       -5.1133483       92.030912                                 92.030912
              1       42.011911       11.608582     0.037792397       1.3261569   2.0989032e-09      -4.3090746       -4.3090746        92.64197                                  92.64197
              2       38.555075       11.696845     0.034494841       1.1792993   2.0989032e-09      -4.2636998       -4.2636998       85.637549                                 85.637549
              1       38.237047       11.685404     0.033900916       1.1778204   2.0989032e-09      -4.3778459       -4.3778459       85.229786                                 85.229786
              1       38.615218       11.672857     0.034516626       1.1994206   2.0989032e-09      -4.4198915       -4.4198915        86.07022                                  86.07022
              5        38.69012       11.678028     0.034804681       1.1966872   2.0989032e-09      -4.3572476       -4.3572476       86.094735                                 86.094735
              3        38.29827       11.671393     0.030280589       1.0958758   2.0989032e-09        -4.38681         -4.38681        85.37016                                  85.37016
              1       38.042673       11.721008     0.023356816      0.99061684   2.0989032e-09      -3.1936289       -3.1936289       82.472604                                 82.472604
              1       38.504386       11.630809     0.020828811       1.0531817   2.0989032e-09       -3.438788        -3.438788       83.886348                                 83.886348
              2       37.863631       11.629909     0.021451481       1.0546536   2.0989032e-09      -3.5743217       -3.5743217       82.875906                                 82.875906
              2       38.014507       11.732778      0.02961259       1.1028027   2.0989032e-09      -4.1062672       -4.1062672       84.241549                                 84.241549
              5       37.311829       11.692495     0.030781827       1.1351371   2.0989032e-09      -4.4171527       -4.4171527       83.457963                                 83.457963
              8       36.870799       11.679929     0.026164962       1.0629798   2.0989032e-09      -4.0737581       -4.0737581       81.889115                                 81.889115
             12       36.785223       11.660086     0.026170804       1.0804268   2.0989032e-09      -4.2304091       -4.2304091       82.031264                                 82.031264
              4       37.871223       11.753663     0.032909989       1.0944117   2.0989032e-09      -3.8262193       -3.8262193       83.394885                                 83.394885
              1       38.053038       11.685545     0.032760152        1.130455   2.0989032e-09      -4.3379805       -4.3379805       84.782037                                 84.782037
              6        40.62446       11.671979     0.026268989       1.0149908   2.0989032e-09      -3.8965152       -3.8965152        89.04195                                  89.04195
              1       37.125437       11.672059     0.024656479       1.0415893   2.0989032e-09      -3.8610369       -3.8610369       81.972948                                 81.972948
              2       36.927471       11.609445     0.023891945       1.0917192   2.0989032e-09      -4.1932981       -4.1932981       82.241537                                 82.241537
              3       36.859999       11.610672     0.024159759       1.1021321   2.0989032e-09      -4.2648735       -4.2648735       82.249746                                 82.249746
              1        37.12569       11.565402     0.023273718       1.1350547   2.0989032e-09      -4.3517313       -4.3517313       82.954843                                 82.954843
              1       39.835597        11.51365     0.016934293        1.077489   2.0989032e-09      -2.7554833       -2.7554833       85.182161                                 85.182161
              1       39.542677       11.502104     0.016532662       1.0397862   2.0989032e-09      -2.4719939       -2.4719939       84.029342                                 84.029342
              6       39.691531       11.692956     0.028731136       1.0392157   2.0989032e-09      -4.0447394       -4.0447394       87.472541                                 87.472541
              1       40.587116        11.57915     0.019183336      0.98420144   2.0989032e-09      -2.8587531       -2.8587531       86.891739                                 86.891739
              8       40.170792       11.543428     0.016524446       1.0311846   2.0989032e-09      -2.4058933       -2.4058933        85.15337                                  85.15337
              8       39.474237       11.524653     0.017084365       1.0204426   2.0989032e-09      -2.5412553       -2.5412553       84.030985                                 84.030985
              1       37.968892       11.506925     0.023509574       1.1918146   2.0989032e-09      -4.5964638       -4.5964638       85.130713                                 85.130713
              8        37.62188       11.609556     0.029633039       1.1699246   2.0989032e-09      -4.8457177       -4.8457177       84.935195                                 84.935195
              6       37.296694       11.601845     0.023812831       1.0815317   2.0989032e-09      -4.1627309       -4.1627309       82.918849                                 82.918849
              5       36.866305       11.675329     0.027654623       1.0839337   2.0989032e-09       -4.278281        -4.278281       82.289173                                 82.289173
              7       37.156397       11.643251     0.027991289       1.1084626   2.0989032e-09      -4.5130759       -4.5130759       83.338946                                 83.338946
              1       37.303446       11.638394     0.028554564       1.1195342   2.0989032e-09      -4.5878518       -4.5878518       83.782595                                 83.782595
              3       37.280783       11.596895     0.028376287       1.1929743   2.0989032e-09      -4.9151791       -4.9151791       84.391923                                 84.391923
              2       36.978606       11.599922     0.024104316       1.1240903   2.0989032e-09      -4.3628114       -4.3628114       82.682834                                 82.682834
              5       37.087129       11.603828     0.023516896       1.1126119   2.0989032e-09      -4.2316469       -4.2316469       82.637552                                 82.637552
              2       39.453492       11.446766     0.017205975       1.1393997   2.0989032e-09      -3.0248293       -3.0248293       84.956642                                 84.956642
              1       39.058114       11.450506     0.020759593       1.1928341   2.0989032e-09      -4.0764002       -4.0764002       86.269027                                 86.269027
              2       39.158854        11.44632     0.020631289       1.1945143   2.0989032e-09      -4.0475417       -4.0475417       86.412792                                 86.412792
              7       38.804413         11.6767     0.034119758       1.2051354   2.0989032e-09      -4.4589686       -4.4589686       86.526763                                 86.526763
              1       39.499799       11.658175     0.035040153       1.2385025   2.0989032e-09      -4.4934743       -4.4934743       87.986546                                 87.986546
              3       39.512062       11.632103     0.035181785       1.2533991   2.0989032e-09      -4.5928668       -4.5928668       88.209858                                 88.209858
              4       37.423745       11.554717     0.026188525       1.1975112   2.0989032e-09      -4.8803138       -4.8803138       84.608117                                 84.608117
              2       37.687115       11.542873     0.026179324       1.2190201   2.0989032e-09      -4.9390929       -4.9390929       85.252416                                 85.252416
              3       37.507077       11.554134     0.025831221       1.2061333   2.0989032e-09      -4.8687989       -4.8687989       84.751751                                 84.751751
              1       37.712772        11.61416     0.023056215        1.112573   2.0989032e-09      -4.1334288       -4.1334288       83.692401                                 83.692401
             22       36.974722       11.712538     0.027900303       1.0673171   2.0989032e-09      -4.0416179       -4.0416179       82.032679                                 82.032679
              1       37.018631        11.71375     0.027386416       1.0613863   2.0989032e-09      -3.9850815       -3.9850815       82.007424                                 82.007424
              2       38.104662       11.548588     0.026299938       1.1741091   2.0989032e-09      -4.8405012       -4.8405012       85.890326                                 85.890326
              2       39.081672       11.564185     0.025193173       1.1148098   2.0989032e-09      -4.5346488       -4.5346488       87.232641                                 87.232641
              2       39.362499       11.443949     0.018606826       1.1397383   2.0989032e-09      -3.4130665       -3.4130665       85.551131                                 85.551131
              5       39.611352       11.434088     0.018185037        1.138883   2.0989032e-09      -3.2825166       -3.2825166       85.787738                                 85.787738
              4       39.457535       11.481103     0.016644904       1.0610742   2.0989032e-09      -2.5967551       -2.5967551        84.10858                                  84.10858
              2       39.303225       11.613063     0.023807544       1.0397608   2.0989032e-09      -3.9530621       -3.9530621       86.512573                                 86.512573
              1       37.247047       11.624853     0.024394817       1.0690635   2.0989032e-09      -4.1239515       -4.1239515       82.741998                                 82.741998
              6       37.297654       11.619377     0.024087007       1.0685877   2.0989032e-09      -4.0989188       -4.0989188       82.793146                                 82.793146
              3       37.406432       11.661885     0.030311365       1.1242595   2.0989032e-09      -4.5267276       -4.5267276        83.86632                                  83.86632
              5       37.482708       11.688818     0.030891687       1.1060403   2.0989032e-09      -4.3329817       -4.3329817        83.63138                                  83.63138
              1       37.852253       11.717137     0.033246223       1.1201367   2.0989032e-09      -4.1066624       -4.1066624        83.91783                                  83.91783
              1       37.859459       11.656502     0.032652849       1.1822028   2.0989032e-09      -4.6180462       -4.6180462        84.95501                                  84.95501
              1       37.454218       11.562353      0.02475258       1.1396232   2.0989032e-09      -4.5700275       -4.5700275       84.048491                                 84.048491
              3       37.347232        11.61083     0.023539448       1.1166669   2.0989032e-09      -4.2302733       -4.2302733       83.155011                                 83.155011
             11       36.945257       11.624051     0.024535292       1.1096868   2.0989032e-09      -4.3004724       -4.3004724        82.49146                                  82.49146
              4       36.994248       11.620248     0.023448765       1.0864161   2.0989032e-09       -4.078564        -4.078564       82.145624                                 82.145624
              2       37.147609       11.715934     0.029056679       1.0903861   2.0989032e-09      -4.1493915       -4.1493915       82.594001                                 82.594001
              4       38.272789       11.737952     0.031100871       1.1175338   2.0989032e-09      -4.1049539       -4.1049539       84.755486                                 84.755486
              2       38.327107        11.70101      0.02914343       1.1365387   2.0989032e-09      -4.3898963       -4.3898963       85.434007                                 85.434007
              9       37.400642       11.686517     0.029263572        1.133162   2.0989032e-09      -4.4507642       -4.4507642       83.702813                                 83.702813
             10       37.168917       11.632014     0.028640663       1.1698306   2.0989032e-09      -4.7644277       -4.7644277        83.86669                                  83.86669
             12       39.376995        11.45696     0.017988089       1.1620696   2.0989032e-09      -3.3279667       -3.3279667       85.409923                                 85.409923
              3        39.62726       11.517879     0.018415939       1.1259879   2.0989032e-09      -3.3536245       -3.3536245       85.961768                                 85.961768
              3       38.691141       11.650086     0.020152308       1.0088777   2.0989032e-09      -3.0145966       -3.0145966       83.411475                                 83.411475
             10       37.499032       11.694618     0.023776552       1.0257501   2.0989032e-09       -3.569316        -3.569316       82.136696                                 82.136696
              3       37.395969       11.686682     0.023793831       1.0331024   2.0989032e-09      -3.6444257       -3.6444257        82.08079                                  82.08079
              2       37.466928       11.547072     0.021690098       1.1117878   2.0989032e-09      -4.0289668       -4.0289668       82.991789                                 82.991789
