#        weight    minuslogpost     shmr_log_Mc          shmr_N       shmr_beta             A_s   minuslogprior minuslogprior__0            chi2 chi2__jwst_likelihood_uvlf.UVLFLikelihood
              6       40.466988       11.474165     0.028130213       1.3236875   2.0989032e-09      -5.1930228       -5.1930228       91.320022                                 91.320022
             13       41.284381       11.471575     0.029421672       1.3491885   2.0989032e-09      -5.2246275       -5.2246275       93.018017                                 93.018017
              2       40.448636         11.5855     0.032832259       1.3145354   2.0989032e-09      -5.0188603       -5.0188603       90.934993                                 90.934993
              1       39.605499        11.60487     0.031886078       1.2771655   2.0989032e-09      -5.0023853       -5.0023853       89.215769                                 89.215769
              5       40.300996       11.632696       0.0326954       1.2693879   2.0989032e-09      -4.8613005       -4.8613005       90.324593                                 90.324593
              1       39.867969       11.638268     0.032369467       1.2547235   2.0989032e-09      -4.8451991       -4.8451991       89.426336                                 89.426336
              2       39.813458       11.583952     0.032452369       1.2197478   2.0989032e-09      -4.9324125       -4.9324125       89.491741                                 89.491741
              6        39.26169       11.685254     0.027800481       1.0367103   2.0989032e-09      -4.0379972       -4.0379972       86.599374                                 86.599374
              4       36.870995       11.671637     0.026027998       1.0656796   2.0989032e-09       -4.109923        -4.109923       81.961837                                 81.961837
              7       37.016932       11.703945     0.027762116       1.0595945   2.0989032e-09      -4.0475059       -4.0475059       82.128876                                 82.128876
              3        37.81578       11.711236     0.027307239       1.0285973   2.0989032e-09      -3.8460849       -3.8460849       83.323729                                 83.323729
              9       37.512331       11.718551     0.027103559       1.0275924   2.0989032e-09      -3.7899764       -3.7899764       82.604615                                 82.604615
              2       38.227494       11.650234     0.022827851       1.0797318   2.0989032e-09      -3.8543547       -3.8543547       84.163698                                 84.163698
              2       38.513658       11.636157     0.020940592       1.0506043   2.0989032e-09      -3.4328983       -3.4328983       83.893113                                 83.893113
              3       38.770638       11.643157     0.021150556       1.0547785   2.0989032e-09      -3.4698273       -3.4698273       84.480931                                 84.480931
              2       39.677671       11.666562     0.019113092      0.97324017   2.0989032e-09      -2.5125285       -2.5125285       84.380399                                 84.380399
              1       39.349541       11.651744      0.01905885      0.96859883   2.0989032e-09      -2.5318347       -2.5318347       83.762752                                 83.762752
              1       38.275064       11.599376     0.019613641       1.0350164   2.0989032e-09      -3.1744076       -3.1744076       82.898943                                 82.898943
              3       40.687326       11.672528     0.027371757       1.0292734   2.0989032e-09      -4.0385866       -4.0385866       89.451826                                 89.451826
              1       41.450328       11.602555     0.022690678       1.1759922   2.0989032e-09      -4.2987974       -4.2987974       91.498251                                 91.498251
              2       39.446373       11.579707     0.019043173        1.075315   2.0989032e-09      -3.2541584       -3.2541584       85.401063                                 85.401063
              1       38.418027       11.575908     0.020942629       1.1156271   2.0989032e-09      -3.8497399       -3.8497399       84.535534                                 84.535534
              1       38.341241       11.548457     0.021278615       1.0748142   2.0989032e-09      -3.8068983       -3.8068983       84.296279                                 84.296279
              2       37.845377       11.525012      0.02043407       1.1084546   2.0989032e-09      -3.7802242       -3.7802242       83.251203                                 83.251203
              1        37.86445       11.533762      0.02459244       1.1676271   2.0989032e-09      -4.6666714       -4.6666714       85.062242                                 85.062242
              2       37.597763       11.542395     0.023951841       1.1913377   2.0989032e-09      -4.6359647       -4.6359647       84.467456                                 84.467456
              2       37.085746       11.581306     0.023476951       1.1305082   2.0989032e-09      -4.3383788       -4.3383788        82.84825                                  82.84825
              2       37.115816       11.581478     0.022685496       1.1074418   2.0989032e-09       -4.135212        -4.135212       82.502057                                 82.502057
              2        37.47419       11.587175     0.021356252       1.0826315   2.0989032e-09      -3.7880311       -3.7880311       82.524442                                 82.524442
              3       37.237008       11.703534     0.026005324       1.0619558   2.0989032e-09       -3.942596        -3.942596       82.359208                                 82.359208
              5       37.668644       11.668934     0.024889963       1.0921938   2.0989032e-09      -4.1135139       -4.1135139       83.564316                                 83.564316
              1       38.457708       11.588809     0.022066817       1.1321803   2.0989032e-09      -4.0966002       -4.0966002       85.108616                                 85.108616
              1       37.730129       11.589531     0.020838584       1.0753746   2.0989032e-09      -3.6483311       -3.6483311       82.756919                                 82.756919
              5       37.617177       11.642151     0.021862033       1.0405447   2.0989032e-09      -3.5477345       -3.5477345       82.329824                                 82.329824
              1       37.761123       11.696893      0.02829013       1.1195172   2.0989032e-09      -4.3346241       -4.3346241       84.191493                                 84.191493
              1       38.001559        11.67126     0.030125849       1.0981456   2.0989032e-09      -4.3977153       -4.3977153       84.798548                                 84.798548
              3       37.971131       11.686675     0.031192538       1.1016585   2.0989032e-09      -4.3175273       -4.3175273       84.577316                                 84.577316
              1       38.384172       11.646777     0.028041427       1.0833303   2.0989032e-09      -4.4078191       -4.4078191       85.583983                                 85.583983
              1       39.486497       11.534936     0.030342414       1.2669492   2.0989032e-09      -5.1644917       -5.1644917       89.301978                                 89.301978
              1       39.091587       11.558336     0.027434778       1.2683413   2.0989032e-09      -5.0830647       -5.0830647       88.349303                                 88.349303
              1       41.318781       11.480446     0.027697642       1.3765054   2.0989032e-09      -5.1782244       -5.1782244        92.99401                                  92.99401
              3       40.869446       11.408359     0.021366538       1.3183896   2.0989032e-09      -4.3014286       -4.3014286       90.341748                                 90.341748
              2       38.333565       11.505242     0.024752128       1.2471024   2.0989032e-09      -4.8672715       -4.8672715       86.401674                                 86.401674
              3        38.27664       11.557237      0.02032021       1.0535505   2.0989032e-09      -3.5034921       -3.5034921       83.560263                                 83.560263
              7       39.193268       11.524141     0.029044568       1.2995488   2.0989032e-09      -5.2044538       -5.2044538       88.795443                                 88.795443
              3       41.516827       11.550173     0.021650058       1.2113869   2.0989032e-09      -4.2951876       -4.2951876       91.624029                                 91.624029
              5       41.135473       11.543473      0.02111803       1.2008223   2.0989032e-09      -4.1758243       -4.1758243       90.622594                                 90.622594
              1        39.75654       11.629454      0.02670826        1.199049   2.0989032e-09      -4.7517093       -4.7517093       89.016498                                 89.016498
              4       39.021275       11.540766     0.030096745       1.2671861   2.0989032e-09      -5.1622868       -5.1622868       88.367125                                 88.367125
              1       39.072262       11.527104     0.029232225       1.2687987   2.0989032e-09      -5.1751072       -5.1751072       88.494739                                 88.494739
              9       37.066287       11.607899     0.024964228       1.1390066   2.0989032e-09      -4.4954303       -4.4954303       83.123434                                 83.123434
              6       37.254738       11.703154     0.025331858       1.0475587   2.0989032e-09       -3.817387        -3.817387        82.14425                                  82.14425
              7       37.212075       11.700328     0.025386252       1.0508026   2.0989032e-09      -3.8516675       -3.8516675       82.127485                                 82.127485
              7       37.457509       11.697837     0.024780346       1.0503066   2.0989032e-09      -3.7956572       -3.7956572       82.506332                                 82.506332
              6       37.763923        11.55043     0.022586006       1.1072808   2.0989032e-09      -4.1691932       -4.1691932       83.866232                                 83.866232
              1       37.394622       11.538808       0.0228973        1.148775   2.0989032e-09      -4.3696759       -4.3696759       83.528596                                 83.528596
              4       39.478316        11.68976     0.020868686       1.0061796   2.0989032e-09      -2.9882014       -2.9882014       84.933035                                 84.933035
             10       37.244583       11.594336     0.027421142       1.1558822   2.0989032e-09      -4.7842395       -4.7842395       84.057644                                 84.057644
              4       36.871075       11.624967     0.024142665        1.085449   2.0989032e-09      -4.1572922       -4.1572922       82.056734                                 82.056734
              2       36.887137       11.613374     0.024848382       1.0997858   2.0989032e-09      -4.3333504       -4.3333504       82.440974                                 82.440974
              4       36.894603       11.636895     0.024973855       1.0784447   2.0989032e-09      -4.1916289       -4.1916289       82.172464                                 82.172464
              3       37.692669       11.564447     0.022538042       1.1490912   2.0989032e-09      -4.2781527       -4.2781527       83.941643                                 83.941643
              1       39.253766       11.611902     0.020684981       1.0861659   2.0989032e-09      -3.6024869       -3.6024869       85.712506                                 85.712506
              8       37.709274       11.645385     0.021629503         1.02836   2.0989032e-09       -3.435454        -3.435454       82.289457                                 82.289457
             12       36.905823       11.631922     0.027798815       1.1281964   2.0989032e-09      -4.6114491       -4.6114491       83.034544                                 83.034544
              2       37.179186       11.594837     0.027283142        1.154964   2.0989032e-09      -4.7727432       -4.7727432       83.903858                                 83.903858
              3       37.427557        11.74492     0.030216924       1.0776749   2.0989032e-09      -3.9341368       -3.9341368       82.723389                                 82.723389
             10       39.883742       11.744301     0.030516697        1.021935   2.0989032e-09      -3.6856635       -3.6856635        87.13881                                  87.13881
              3       39.081975       11.812796     0.025702652      0.95510632   2.0989032e-09      -2.6701274       -2.6701274       83.504204                                 83.504204
              2       39.041032       11.804417     0.025475975      0.95219766   2.0989032e-09      -2.6956637       -2.6956637       83.473391                                 83.473391
              4       38.924791       11.799765     0.025552772      0.95537091   2.0989032e-09      -2.7570054       -2.7570054       83.363594                                 83.363594
              9        37.36541       11.708779     0.025283071       1.0439161   2.0989032e-09      -3.7669602       -3.7669602       82.264741                                 82.264741
              2       39.857918       11.616756     0.028338281       1.1018643   2.0989032e-09      -4.5878957       -4.5878957       88.891628                                 88.891628
              3       39.582895       11.587242     0.031464871       1.2887512   2.0989032e-09      -5.0759013       -5.0759013       89.317593                                 89.317593
              1       38.314031       11.528162     0.027241576       1.2570672   2.0989032e-09      -5.0903307       -5.0903307       86.808723                                 86.808723
              1       38.248731       11.531296     0.027266888       1.2540767   2.0989032e-09      -5.0852894       -5.0852894       86.668042                                 86.668042
              5       39.358942       11.532116     0.022888708       1.2247031   2.0989032e-09      -4.5575988       -4.5575988       87.833081                                 87.833081
             12       38.614298       11.669077     0.020748038       0.9784415   2.0989032e-09      -2.9088155       -2.9088155       83.046228                                 83.046228
              2       37.282329       11.643524     0.025588157       1.0678119   2.0989032e-09      -4.1890944       -4.1890944       82.942847                                 82.942847
              1       37.391803       11.610301     0.023513724       1.0668769   2.0989032e-09      -4.0377822       -4.0377822        82.85917                                  82.85917
              3       37.103043       11.605108     0.023015141       1.0775992   2.0989032e-09      -4.0198755       -4.0198755       82.245837                                 82.245837
              5       37.894744       11.589376     0.030174581       1.2122546   2.0989032e-09      -4.9927949       -4.9927949       85.775078                                 85.775078
              4       37.970656       11.622014     0.031746338       1.1947824   2.0989032e-09      -4.8218001       -4.8218001       85.584912                                 85.584912
              1       37.260384       11.679743     0.028538695       1.0801307   2.0989032e-09      -4.2771669       -4.2771669       83.075101                                 83.075101
              5       40.083413       11.859736     0.034352368        1.000227   2.0989032e-09      -2.4569856       -2.4569856       85.080797                                 85.080797
              4       40.569589       11.891319     0.032895654      0.96450722   2.0989032e-09      -2.1015203       -2.1015203       85.342218                                 85.342218
              1       39.898461       11.874042     0.033079896      0.98467773   2.0989032e-09      -2.3644799       -2.3644799       84.525882                                 84.525882
              1        38.62785       11.786904     0.025721358      0.99008299   2.0989032e-09      -3.0612548       -3.0612548       83.378209                                 83.378209
              1       39.119535       11.759798     0.027040626       1.0573858   2.0989032e-09      -3.6749585       -3.6749585       85.588987                                 85.588987
              4        37.38039       11.628749     0.026061966       1.1480121   2.0989032e-09      -4.5700445       -4.5700445       83.900868                                 83.900868
              2       38.899654       11.528011     0.023639746       1.2340055   2.0989032e-09      -4.6916889       -4.6916889       87.182685                                 87.182685
              3       39.066192       11.490062      0.02104265       1.2157566   2.0989032e-09      -4.2141422       -4.2141422       86.560669                                 86.560669
             13        37.56569       11.606738     0.026412261       1.1786448   2.0989032e-09      -4.7481384       -4.7481384       84.627657                                 84.627657
              1       37.394472       11.586845     0.027063549       1.1971712   2.0989032e-09       -4.886358        -4.886358       84.561659                                 84.561659
              6       37.404634       11.577863     0.026574181       1.1981386   2.0989032e-09      -4.8736601       -4.8736601       84.556588                                 84.556588
              4       37.584235       11.585954     0.027748916       1.2110558   2.0989032e-09      -4.9554568       -4.9554568       85.079383                                 85.079383
              2       37.264625       11.591534     0.027377537       1.1912097   2.0989032e-09      -4.8805897       -4.8805897        84.29043                                  84.29043
              5       37.174134       11.687209     0.030832994       1.1243276   2.0989032e-09      -4.4056817       -4.4056817       83.159631                                 83.159631
              1       37.647669       11.628282     0.026089745       1.0819814   2.0989032e-09      -4.3443818       -4.3443818       83.984101                                 83.984101
              2       37.156418       11.598739      0.02246602       1.0883372   2.0989032e-09      -3.9880703       -3.9880703       82.288977                                 82.288977
              4       37.030474       11.597462     0.024948416       1.1457703   2.0989032e-09      -4.5412192       -4.5412192       83.143386                                 83.143386
             11       38.009171       11.505926     0.021964625       1.1896813   2.0989032e-09      -4.3369873       -4.3369873       84.692316                                 84.692316
              6         37.9097       11.513079     0.022035356       1.1833519   2.0989032e-09      -4.3328717       -4.3328717       84.485143                                 84.485143
              6       37.816822       11.514367     0.022039918        1.177426   2.0989032e-09      -4.3183885       -4.3183885       84.270422                                 84.270422
              1       37.873215       11.508368       0.0217316       1.1748341   2.0989032e-09       -4.256403        -4.256403       84.259235                                 84.259235
              1       38.082548       11.493541     0.022305079       1.1967184   2.0989032e-09       -4.414188        -4.414188       84.993471                                 84.993471
              7       37.593021       11.664647     0.029147364       1.0960228   2.0989032e-09      -4.4160725       -4.4160725       84.018187                                 84.018187
              2       38.024632        11.68388     0.028867025       1.0671699   2.0989032e-09      -4.2131248       -4.2131248       84.475514                                 84.475514
              1       37.217311       11.625805     0.022642912       1.0551884   2.0989032e-09      -3.8055789       -3.8055789       82.045779                                 82.045779
             13       37.724415        11.56097     0.021818579       1.1352392   2.0989032e-09      -4.1129312       -4.1129312       83.674693                                 83.674693
              2       38.490983       11.483065     0.023439063       1.2373818   2.0989032e-09      -4.6743588       -4.6743588       86.330683                                 86.330683
              6       37.202149       11.613928      0.02911154       1.1762208   2.0989032e-09      -4.8459401       -4.8459401       84.096179                                 84.096179
              3       37.451415       11.550601     0.025720616       1.2008964   2.0989032e-09      -4.8518045       -4.8518045        84.60644                                  84.60644
              2       37.743241       11.552988      0.02552282       1.2139352   2.0989032e-09      -4.8571217       -4.8571217       85.200725                                 85.200725
              5       38.790781       11.793988     0.025409463      0.96001261   2.0989032e-09      -2.8125079       -2.8125079       83.206578                                 83.206578
              1       38.856409       11.817328     0.028313935       1.0058598   2.0989032e-09      -3.0782166       -3.0782166       83.869251                                 83.869251
              3       36.912355       11.689964     0.028992599       1.1052002   2.0989032e-09      -4.3354021       -4.3354021       82.495515                                 82.495515
              3       36.999612       11.694046     0.029146635       1.1087369   2.0989032e-09      -4.3308186       -4.3308186       82.660861                                 82.660861
              2       37.375317         11.6192     0.024201362       1.1234289   2.0989032e-09       -4.320536        -4.320536       83.391706                                 83.391706
              2       37.753843       11.599639     0.021025817       1.0718617   2.0989032e-09      -3.6489237       -3.6489237       82.805534                                 82.805534
              2       38.085899       11.729884      0.03358509       1.1328655   2.0989032e-09      -4.0477177       -4.0477177       84.267234                                 84.267234
              4       38.897865       11.807497     0.034372869       1.0730894   2.0989032e-09      -3.2281558       -3.2281558       84.252041                                 84.252041
              5       39.860116       11.851383     0.033972766        1.045152   2.0989032e-09       -2.788852        -2.788852       85.297937                                 85.297937
              1       37.221866       11.735934     0.029647943       1.0630544   2.0989032e-09      -3.9308002       -3.9308002       82.305333                                 82.305333
              5       37.377577       11.626542     0.027451818       1.1111633   2.0989032e-09      -4.5537582       -4.5537582       83.862671                                 83.862671
              1       37.467364       11.622447     0.027425999        1.113179   2.0989032e-09      -4.5722142       -4.5722142       84.079156                                 84.079156
              3       37.756684        11.62459     0.022519456       1.0892013   2.0989032e-09        -3.92836         -3.92836       83.370088                                 83.370088
              1        37.37165        11.65925      0.02787086       1.1436935   2.0989032e-09      -4.5642368       -4.5642368       83.871774                                 83.871774
              3       37.667952       11.607478     0.026967018       1.1881577   2.0989032e-09      -4.8091264       -4.8091264       84.954156                                 84.954156
              6       37.395372       11.623765     0.027162181       1.1689067   2.0989032e-09      -4.7253914       -4.7253914       84.241526                                 84.241526
              4        37.02163       11.624308     0.027962689       1.1634639   2.0989032e-09      -4.7494094       -4.7494094       83.542079                                 83.542079
              2       37.721997       11.724708     0.027832535       1.0824041   2.0989032e-09      -4.0335675       -4.0335675       83.511128                                 83.511128
              2       38.706472       11.639217     0.020663426       1.0429686   2.0989032e-09      -3.3297438       -3.3297438       84.072431                                 84.072431
              1       37.236021       11.655333     0.025224198       1.1021813   2.0989032e-09      -4.2427232       -4.2427232       82.957488                                 82.957488
              8       37.300349       11.548283     0.022844456       1.1368586   2.0989032e-09      -4.3142985       -4.3142985       83.229295                                 83.229295
              1       39.315097       11.459167     0.023965775       1.2701684   2.0989032e-09      -4.7785405       -4.7785405       88.187275                                 88.187275
              4       39.347753       11.450505     0.022896665       1.2704116   2.0989032e-09      -4.6104202       -4.6104202       87.916347                                 87.916347
             14       37.463639       11.672984     0.028613189       1.1413461   2.0989032e-09      -4.5256112       -4.5256112       83.978501                                 83.978501
              7        37.15269       11.677343     0.028438513       1.1260917   2.0989032e-09      -4.4528625       -4.4528625       83.211105                                 83.211105
              3       37.160914       11.680428     0.028529693       1.1242488   2.0989032e-09      -4.4355635       -4.4355635       83.192954                                 83.192954
              3       37.189906       11.656191     0.027329106       1.0840724   2.0989032e-09      -4.3411225       -4.3411225       83.062057                                 83.062057
              2       37.530023       11.651307     0.026141104       1.0637598   2.0989032e-09      -4.1935705       -4.1935705       83.447188                                 83.447188
              4       37.336336       11.569999     0.024298391         1.12474   2.0989032e-09      -4.4537961       -4.4537961       83.580264                                 83.580264
              1       36.858955       11.623541      0.02731627       1.1323482   2.0989032e-09      -4.6272393       -4.6272393       82.972389                                 82.972389
             25       36.837017        11.62421     0.027058409       1.1272462   2.0989032e-09      -4.5932118       -4.5932118       82.860457                                 82.860457
              2       37.652535       11.631009     0.025875554       1.0760254   2.0989032e-09      -4.2928213       -4.2928213       83.890712                                 83.890712
              1       38.526287       11.497493      0.02373108       1.1909433   2.0989032e-09      -4.6268143       -4.6268143       86.306202                                 86.306202
              4       39.482478       11.563569     0.032195946       1.2621195   2.0989032e-09      -5.0542892       -5.0542892       89.073534                                 89.073534
              6       38.675168       11.672576     0.034929047       1.1915495   2.0989032e-09      -4.3540857       -4.3540857       86.058507                                 86.058507
              4       37.995059       11.686678     0.033575631       1.1581539   2.0989032e-09      -4.3500567       -4.3500567        84.69023                                  84.69023
              4       37.809443       11.688319     0.033088551       1.1508913   2.0989032e-09      -4.3632347       -4.3632347       84.345356                                 84.345356
              1        36.90565       11.640903      0.02433626       1.0702755   2.0989032e-09      -4.0682683       -4.0682683       81.947836                                 81.947836
              9       37.032437       11.632369     0.024092523       1.0667414   2.0989032e-09      -4.0510564       -4.0510564       82.166987                                 82.166987
              1       36.973595       11.642765     0.024567539       1.0659112   2.0989032e-09      -4.0721942       -4.0721942       82.091578                                 82.091578
              4       37.103518       11.635519     0.027868687       1.1162994   2.0989032e-09      -4.5624268       -4.5624268       83.331889                                 83.331889
              1        36.90817       11.590438     0.025477456       1.1469056   2.0989032e-09      -4.6173233       -4.6173233       83.050987                                 83.050987
             10       36.965702       11.582262     0.025249476       1.1492849   2.0989032e-09      -4.6186802       -4.6186802       83.168764                                 83.168764
              1       37.036632       11.606512     0.023130658       1.0945321   2.0989032e-09      -4.1003924       -4.1003924       82.274049                                 82.274049
              5       37.547051       11.766941     0.029289144       1.0392812   2.0989032e-09      -3.6288351       -3.6288351       82.351773                                 82.351773
             13       36.861357       11.648822     0.027031345       1.1252176   2.0989032e-09      -4.5007974       -4.5007974       82.724309                                 82.724309
              3       37.013338       11.630323     0.028452192       1.1616917   2.0989032e-09      -4.7426436       -4.7426436       83.511963                                 83.511963
              4       37.270381       11.645627     0.029445471       1.1685734   2.0989032e-09      -4.7263324       -4.7263324       83.993427                                 83.993427
              9       37.268187       11.673578     0.030346456       1.1493108   2.0989032e-09      -4.5561859       -4.5561859       83.648746                                 83.648746
              1       37.057574       11.627423     0.025635255       1.0893405   2.0989032e-09      -4.3346217       -4.3346217       82.784391                                 82.784391
              7       37.083628       11.621608     0.025035157        1.085502   2.0989032e-09      -4.2758177       -4.2758177       82.718891                                 82.718891
              1        36.84431       11.599277     0.025506049       1.1349599   2.0989032e-09       -4.562264        -4.562264       82.813147                                 82.813147
              2       39.158129       11.715247     0.023721525       1.0448827   2.0989032e-09      -3.5449375       -3.5449375       85.406133                                 85.406133
              1       39.822176       11.656959     0.019332262       1.0019309   2.0989032e-09      -2.7595327       -2.7595327       85.163418                                 85.163418
              4       38.176883       11.650774     0.020890424       1.0161852   2.0989032e-09      -3.2088415       -3.2088415        82.77145                                  82.77145
              3       37.837086       11.625734     0.021630558       1.0647656   2.0989032e-09      -3.6656698       -3.6656698       83.005512                                 83.005512
              9       37.285472       11.689054     0.027202578       1.0532098   2.0989032e-09      -4.0635572       -4.0635572       82.698059                                 82.698059
              1       38.156129       11.730443     0.025263307       1.0409399   2.0989032e-09      -3.6324069       -3.6324069       83.577072                                 83.577072
              4       39.233441       11.626439      0.02038755       1.0608324   2.0989032e-09      -3.3910453       -3.3910453       85.248972                                 85.248972
              6       37.413944       11.633617     0.025075617       1.0664634   2.0989032e-09      -4.1647799       -4.1647799       83.157448                                 83.157448
              2       38.870013       11.587766     0.024573074       1.0807265   2.0989032e-09      -4.2919903       -4.2919903       86.324006                                 86.324006
              4       38.058836        11.66231     0.024770174       1.0278585   2.0989032e-09      -3.8511635       -3.8511635       83.819999                                 83.819999
              3        37.05479       11.675149     0.026096479       1.0558417   2.0989032e-09      -4.0585027       -4.0585027       82.226586                                 82.226586
              2       37.035006       11.675202     0.026200245       1.0576893   2.0989032e-09      -4.0750076       -4.0750076       82.220027                                 82.220027
              2       36.972449       11.687695     0.027757601       1.0998188   2.0989032e-09       -4.287682        -4.287682       82.520261                                 82.520261
              3       36.977037       11.685427     0.027609947       1.1005509   2.0989032e-09      -4.2939226       -4.2939226       82.541918                                 82.541918
              1       38.037932       11.735028     0.029247902       1.0966249   2.0989032e-09      -4.0679117       -4.0679117       84.211688                                 84.211688
              5       38.731979        11.67723     0.028368153       1.1580283   2.0989032e-09      -4.5494418       -4.5494418       86.562842                                 86.562842
              3       39.260307       11.619554     0.024551955       1.0457096   2.0989032e-09      -4.0584912       -4.0584912       86.637597                                 86.637597
              3       38.728387       11.462169     0.020259432       1.1701628   2.0989032e-09      -3.9238221       -3.9238221       85.304418                                 85.304418
              2       37.683512       11.629092      0.02249405       1.0813767   2.0989032e-09      -3.8791171       -3.8791171       83.125258                                 83.125258
              5       38.133066       11.617609     0.022962265       1.1162956   2.0989032e-09      -4.1215297       -4.1215297       84.509192                                 84.509192
              8       37.588409       11.629654     0.022485844       1.0774688   2.0989032e-09      -3.8602592       -3.8602592       82.897336                                 82.897336
              6       37.556413       11.626082     0.022324214       1.0757578   2.0989032e-09      -3.8368499       -3.8368499       82.786525                                 82.786525
              3       36.884104       11.673884     0.025865576       1.0786731   2.0989032e-09      -4.1391918       -4.1391918       82.046591                                 82.046591
              1       38.519994       11.501029      0.02498839       1.2583294   2.0989032e-09      -4.9107665       -4.9107665       86.861522                                 86.861522
              6       38.512504       11.517617     0.026925644       1.2664097   2.0989032e-09      -5.0889986       -5.0889986       87.203005                                 87.203005
             12       37.685611       11.666046     0.027649468       1.1412566   2.0989032e-09      -4.5189575       -4.5189575       84.409138                                 84.409138
              1       36.982777       11.683229     0.028942159       1.0931163   2.0989032e-09      -4.3211051       -4.3211051       82.607764                                 82.607764
              1       37.515563       11.755511     0.030411786        1.051848   2.0989032e-09       -3.756077        -3.756077        82.54328                                  82.54328
             10       38.539957       11.729199     0.022698162      0.97011747   2.0989032e-09      -2.9314258       -2.9314258       82.942766                                 82.942766
             14       39.097651       11.757137     0.036300535        1.115718   2.0989032e-09      -3.4875897       -3.4875897       85.170481                                 85.170481
              7       38.665548       11.795731     0.030825567        1.008022   2.0989032e-09       -3.262437        -3.262437       83.855971                                 83.855971
              2       37.321984       11.614932     0.029236719       1.1649362   2.0989032e-09      -4.8146728       -4.8146728       84.273313                                 84.273313
              1       37.748698       11.650243     0.031733904       1.1901443   2.0989032e-09      -4.7155246       -4.7155246       84.928446                                 84.928446
             11       38.474556       11.580756     0.031243838       1.2497944   2.0989032e-09      -5.0516556       -5.0516556       87.052423                                 87.052423
              4       38.283301       11.513784     0.026103723       1.2450722   2.0989032e-09      -4.9987845       -4.9987845       86.564172                                 86.564172
             10       37.531963        11.63492     0.022202145       1.0600526   2.0989032e-09      -3.7209913       -3.7209913       82.505909                                 82.505909
              2       36.987051        11.67014     0.026470786       1.0662715   2.0989032e-09      -4.1549695       -4.1549695       82.284042                                 82.284042
              6       36.930896       11.675219      0.02666589       1.0673528   2.0989032e-09      -4.1520348       -4.1520348       82.165862                                 82.165862
              9       37.386416        11.65548     0.022743872       1.0328602   2.0989032e-09       -3.616919        -3.616919       82.006669                                 82.006669
              4        37.45658       11.638141     0.022062626       1.0395573   2.0989032e-09       -3.593993        -3.593993       82.101147                                 82.101147
             12       37.645093       11.597203     0.021633138       1.0907277   2.0989032e-09      -3.8502283       -3.8502283       82.990642                                 82.990642
              3       38.891739       11.701995     0.023632226      0.97691384   2.0989032e-09      -3.2603759       -3.2603759        84.30423                                  84.30423
              9       37.100839       11.573503     0.025815694       1.1670707   2.0989032e-09      -4.7420521       -4.7420521       83.685782                                 83.685782
              4       37.415627       11.554521     0.022097065       1.1342699   2.0989032e-09      -4.1701878       -4.1701878        83.17163                                  83.17163
              1       37.236266       11.551673     0.023942652       1.1589067   2.0989032e-09      -4.5399058       -4.5399058       83.552344                                 83.552344
              5       38.518373       11.469825     0.021508781       1.2056694   2.0989032e-09      -4.2761533       -4.2761533       85.589053                                 85.589053
              7       37.073511       11.635629     0.024084819       1.0623258   2.0989032e-09      -4.0204645       -4.0204645       82.187951                                 82.187951
              4       37.627993       11.643461     0.024735665        1.049269   2.0989032e-09      -4.0178033       -4.0178033       83.291594                                 83.291594
              1       37.864369       11.670659     0.024411978        1.020633   2.0989032e-09      -3.7382833       -3.7382833       83.205305                                 83.205305
              2       38.344752       11.606543     0.029589951       1.1545965   2.0989032e-09      -4.8111993       -4.8111993       86.311903                                 86.311903
              5       37.894957       11.547764     0.027234944       1.2074355   2.0989032e-09      -4.9848907       -4.9848907       85.759695                                 85.759695
              7       40.042061       11.603359     0.035090255       1.2855712   2.0989032e-09      -4.7275643       -4.7275643        89.53925                                  89.53925
              3       38.043282       11.557844     0.024890497        1.210162   2.0989032e-09      -4.7754459       -4.7754459       85.637456                                 85.637456
              2       38.345352       11.801461     0.030817314       1.0126565   2.0989032e-09      -3.2431682       -3.2431682       83.177039                                 83.177039
              1       38.518765       11.803714     0.030194141       1.0000807   2.0989032e-09      -3.1740863       -3.1740863       83.385703                                 83.385703
              5       37.149714       11.620366     0.023678943       1.0676319   2.0989032e-09       -4.035787        -4.035787       82.371001                                 82.371001
              3       37.137033       11.670682     0.027984064       1.0826089   2.0989032e-09        -4.30782         -4.30782       82.889707                                 82.889707
             21       36.967442       11.678958     0.025182601       1.0581926   2.0989032e-09      -3.9640023       -3.9640023       81.862888                                 81.862888
              3       36.974231       11.629751     0.024196965       1.0970888   2.0989032e-09      -4.1937179       -4.1937179       82.335897                                 82.335897
             12       38.511085       11.584574     0.029904986       1.2559272   2.0989032e-09      -5.0802866       -5.0802866       87.182743                                 87.182743
              3        37.85276       11.571706     0.028368718       1.2327158   2.0989032e-09      -5.0486612       -5.0486612       85.802842                                 85.802842
              6       37.985859       11.716113     0.033663116       1.1395492   2.0989032e-09      -4.1383816       -4.1383816       84.248482                                 84.248482
              2       38.080023       11.662923      0.03022242       1.1066483   2.0989032e-09      -4.4626027       -4.4626027       85.085251                                 85.085251
              2       38.748456       11.663568     0.032126194        1.127568   2.0989032e-09      -4.4656091       -4.4656091       86.428131                                 86.428131
              6         40.4827       11.822387      0.03721974       1.0535843   2.0989032e-09      -2.6174273       -2.6174273       86.200254                                 86.200254
              3       39.156546       11.827547     0.029856296      0.97558566   2.0989032e-09      -2.8573936       -2.8573936        84.02788                                  84.02788
              2       38.742789       11.818374     0.032358941       1.0471567   2.0989032e-09      -3.2065989       -3.2065989       83.898776                                 83.898776
              1       38.599915       11.665097      0.03072307       1.1939743   2.0989032e-09      -4.7024902       -4.7024902       86.604811                                 86.604811
              3       44.797399       11.455662     0.013605578       1.0867256   2.0989032e-09      -1.6329539       -1.6329539       92.860707                                 92.860707
              1        43.83126        11.43509      0.02257183       1.1844509   2.0989032e-09      -4.3789612       -4.3789612       96.420442                                 96.420442
              2       44.385983       11.419509     0.022356555       1.1986411   2.0989032e-09      -4.3470355       -4.3470355       97.466038                                 97.466038
              2       41.318217       11.443708     0.022415905       1.1958701   2.0989032e-09      -4.3924226       -4.3924226       91.421279                                 91.421279
              6       40.407544       11.391667     0.017570171       1.1804783   2.0989032e-09      -3.1351757       -3.1351757        87.08544                                  87.08544
              1       38.746652       11.467158     0.019583136       1.1435736   2.0989032e-09      -3.6957366       -3.6957366       84.884778                                 84.884778
              8       38.752876        11.46615     0.019237269       1.1388524   2.0989032e-09      -3.5960801       -3.5960801       84.697912                                 84.697912
              3       37.964256       11.526687     0.020794739        1.102776   2.0989032e-09      -3.8361728       -3.8361728       83.600858                                 83.600858
              2       37.785713       11.537749     0.021104209       1.0998314   2.0989032e-09      -3.8805251       -3.8805251       83.332475                                 83.332475
              4       38.061505       11.524091      0.02003446       1.0930462   2.0989032e-09      -3.6344483       -3.6344483       83.391906                                 83.391906
              7        42.37281       11.354527     0.019984999       1.3078044   2.0989032e-09      -3.8410133       -3.8410133       92.427647                                 92.427647
              2       40.448965       11.505609     0.029994619       1.2940953   2.0989032e-09      -5.2111122       -5.2111122       91.320154                                 91.320154
              7       40.160092       11.517335     0.030899808       1.3230247   2.0989032e-09      -5.2094748       -5.2094748       90.739135                                 90.739135
              2       38.359298       11.569252     0.029204563       1.2568374   2.0989032e-09      -5.1086008       -5.1086008       86.935797                                 86.935797
              3       37.895456       11.575799     0.028555678        1.233666   2.0989032e-09      -5.0482336       -5.0482336       85.887378                                 85.887378
              6       37.713181       11.546908     0.022707954       1.1684716   2.0989032e-09      -4.3858481       -4.3858481       84.198057                                 84.198057
              6       37.179355       11.578786     0.025969079       1.1509299   2.0989032e-09      -4.7002155       -4.7002155        83.75914                                  83.75914
              1       37.200733       11.626512     0.025915208       1.1427904   2.0989032e-09      -4.5484879       -4.5484879       83.498441                                 83.498441
              4       37.131693       11.720738     0.027072117        1.053329   2.0989032e-09      -3.8938674       -3.8938674       82.051121                                 82.051121
              5       38.015614       11.562488     0.019636081       1.0569482   2.0989032e-09      -3.3530281       -3.3530281       82.737283                                 82.737283
              3        38.24321       11.550427     0.019085669       1.0692393   2.0989032e-09      -3.2875245       -3.2875245        83.06147                                  83.06147
              1        38.39038       11.630539     0.019958417       1.0100744   2.0989032e-09       -3.044928        -3.044928       82.870617                                 82.870617
              5       39.415557       11.632008     0.032080794       1.2506582   2.0989032e-09      -4.8777505       -4.8777505       88.586615                                 88.586615
              1       38.113077       11.657771     0.033058592       1.1704312   2.0989032e-09      -4.5525131       -4.5525131       85.331181                                 85.331181
              3       38.093495       11.649872     0.032961964        1.181388   2.0989032e-09       -4.618675        -4.618675       85.424341                                 85.424341
              3       38.127215        11.60337     0.031529179       1.2202929   2.0989032e-09      -4.9380486       -4.9380486       86.130527                                 86.130527
              2       38.433974       11.675307     0.033699753       1.1950994   2.0989032e-09       -4.484695        -4.484695       85.837337                                 85.837337
              1       39.221243       11.708621     0.026016925      0.99674185   2.0989032e-09      -3.6080674       -3.6080674       85.658621                                 85.658621
              6       39.673425       11.443914     0.016734546       1.1308744   2.0989032e-09      -2.8517958       -2.8517958       85.050441                                 85.050441
              3       39.419294       11.463573     0.017146933       1.1235916   2.0989032e-09       -2.975069        -2.975069       84.788726                                 84.788726
              3       37.842176       11.603401     0.020933279       1.0341774   2.0989032e-09      -3.4547186       -3.4547186       82.593789                                 82.593789
             11       38.850904       11.591138      0.01912316       1.0019303   2.0989032e-09      -2.9118241       -2.9118241       83.525457                                 83.525457
              6       37.048963       11.597827     0.024521467       1.1385145   2.0989032e-09      -4.4678445       -4.4678445       83.033615                                 83.033615
             26       37.224535       11.631042     0.029856697       1.1735115   2.0989032e-09      -4.7903226       -4.7903226       84.029715                                 84.029715
              3       36.947753       11.597019      0.02665295       1.1545078   2.0989032e-09      -4.7254431       -4.7254431       83.346392                                 83.346392
              1       39.291018       11.521102     0.020993002       1.0841972   2.0989032e-09      -3.8103344       -3.8103344       86.202704                                 86.202704
              4       39.272896       11.498969      0.02026506       1.0967494   2.0989032e-09      -3.7077894       -3.7077894       85.961371                                 85.961371
              1       37.987985        11.69831     0.028479532       1.0505347   2.0989032e-09      -4.0631279       -4.0631279       84.102227                                 84.102227
              3       37.258588       11.658393     0.026494224       1.1219129   2.0989032e-09      -4.4156308       -4.4156308       83.348437                                 83.348437
              3       38.059446       11.710846     0.029576321       1.1264315   2.0989032e-09      -4.3100725       -4.3100725       84.739037                                 84.739037
             12       37.922849       11.502501     0.021134744       1.1575301   2.0989032e-09      -4.0933634       -4.0933634       84.032425                                 84.032425
              1       37.698505       11.519401      0.02337732        1.177027   2.0989032e-09       -4.536553        -4.536553       84.470116                                 84.470116
             10       37.528676       11.529046     0.023521315       1.1783837   2.0989032e-09      -4.5554732       -4.5554732       84.168298                                 84.168298
              3       37.297234       11.557585     0.025584555       1.1870128   2.0989032e-09      -4.7972771       -4.7972771       84.189023                                 84.189023
              1       38.120949       11.675244     0.024510041       1.0144201   2.0989032e-09      -3.7000589       -3.7000589       83.642015                                 83.642015
              6       38.076947        11.66754     0.023631372       1.0101827   2.0989032e-09      -3.5948306       -3.5948306       83.343555                                 83.343555
              1       39.151297       11.499796     0.024864321       1.1979402   2.0989032e-09      -4.7878953       -4.7878953       87.878386                                 87.878386
              1       39.292222       11.439075     0.019290891       1.2083977   2.0989032e-09      -3.7586992       -3.7586992       86.101843                                 86.101843
              7       40.424429        11.42541     0.021992089       1.2392003   2.0989032e-09      -4.3722009       -4.3722009        89.59326                                  89.59326
              1       37.889135       11.645245     0.028980957       1.1071839   2.0989032e-09      -4.5297369       -4.5297369       84.837744                                 84.837744
              6       38.064065       11.660168     0.032368755       1.1505505   2.0989032e-09      -4.5364599       -4.5364599        85.20105                                  85.20105
              6       37.811728        11.65071     0.031715888       1.1554539   2.0989032e-09      -4.6236953       -4.6236953       84.870846                                 84.870846
              8       39.023906       11.568235     0.023420572       1.1935844   2.0989032e-09      -4.5298469       -4.5298469       87.107506                                 87.107506
              1       38.076453        11.60206     0.027984358       1.1348655   2.0989032e-09      -4.7282842       -4.7282842       85.609475                                 85.609475
              2       37.904409        11.61892     0.027557669        1.110963   2.0989032e-09      -4.5819377       -4.5819377       84.972693                                 84.972693
              2       38.766599       11.671762     0.020484425      0.97447124   2.0989032e-09      -2.8187592       -2.8187592       83.170716                                 83.170716
              3        39.13311       11.588778     0.032971093       1.2686417   2.0989032e-09       -4.961544        -4.961544       88.189307                                 88.189307
              3       39.502455       11.593309     0.033666203       1.2804494   2.0989032e-09       -4.904876        -4.904876       88.814661                                 88.814661
              1       37.311875       11.600961     0.028793974       1.1787868   2.0989032e-09      -4.8817015       -4.8817015       84.387154                                 84.387154
              3       37.330993       11.565361      0.02664183       1.1915772   2.0989032e-09      -4.8859349       -4.8859349       84.433855                                 84.433855
              2         37.1226       11.596156     0.027409345       1.1806599   2.0989032e-09      -4.8458765       -4.8458765       83.936952                                 83.936952
              1       37.520603       11.686942     0.030553874       1.1004597   2.0989032e-09      -4.3296009       -4.3296009       83.700408                                 83.700408
              4       38.078852        11.79606     0.031561241       1.0371608   2.0989032e-09      -3.3751321       -3.3751321       82.907969                                 82.907969
              5       38.646651       11.819857     0.032646421       1.0252747   2.0989032e-09      -3.0741269       -3.0741269       83.441555                                 83.441555
              1       38.504801       11.806853     0.033366761       1.0508815   2.0989032e-09      -3.2377781       -3.2377781       83.485158                                 83.485158
              1       40.481941       11.868001      0.03663352       1.0448363   2.0989032e-09      -2.2851293       -2.2851293       85.534142                                 85.534142
              3       39.941657       11.737664      0.03216054       1.0475281   2.0989032e-09       -3.781252        -3.781252       87.445819                                 87.445819
              4       40.848821       11.675958     0.021446726      0.94666756   2.0989032e-09      -2.8392893       -2.8392893        87.37622                                  87.37622
              1       40.527286       11.665614       0.0197509      0.93662859   2.0989032e-09      -2.4575097       -2.4575097       85.969591                                 85.969591
              1       40.367131       11.633492     0.018652164      0.94535668   2.0989032e-09      -2.3573974       -2.3573974       85.449056                                 85.449056
              4       38.701278       11.558995     0.018279363        1.040436   2.0989032e-09      -2.9397808       -2.9397808       83.282117                                 83.282117
              3       37.779007        11.61023     0.024629675       1.0748213   2.0989032e-09      -4.2194427       -4.2194427       83.996899                                 83.996899
              2       37.698615       11.579417     0.024321855       1.1038219   2.0989032e-09      -4.3662576       -4.3662576       84.129745                                 84.129745
              7       37.720895       11.576093      0.02425052       1.1059607   2.0989032e-09      -4.3713331       -4.3713331       84.184456                                 84.184456
              1       37.510416       11.554165     0.023118496        1.119338   2.0989032e-09      -4.2928303       -4.2928303       83.606493                                 83.606493
              1        37.41412       11.560876     0.023085392       1.1134353   2.0989032e-09      -4.2576116       -4.2576116       83.343462                                 83.343462
              5       37.252925       11.558688     0.024224458       1.1696951   2.0989032e-09      -4.5973265       -4.5973265       83.700503                                 83.700503
              1        37.06741       11.576957     0.024701107       1.1571855   2.0989032e-09      -4.5909122       -4.5909122       83.316643                                 83.316643
              2       36.895329       11.621661     0.024513056       1.1085787   2.0989032e-09      -4.3011389       -4.3011389       82.392937                                 82.392937
              4       36.996791       11.646152     0.026024594       1.1185477   2.0989032e-09      -4.4125484       -4.4125484       82.818678                                 82.818678
             12       36.975057       11.699428      0.02656421       1.0643035   2.0989032e-09      -4.0184208       -4.0184208       81.986955                                 81.986955
              1       38.902287       11.577692     0.021082534        1.034261   2.0989032e-09      -3.5440133       -3.5440133       84.892601                                 84.892601
              6       39.314356       11.582554     0.023355879        1.060753   2.0989032e-09      -4.0553373       -4.0553373       86.739386                                 86.739386
              5       38.907824       11.584285     0.023661316        1.068753   2.0989032e-09      -4.1302438       -4.1302438       86.076136                                 86.076136
              7       38.731796       11.518169     0.023313941       1.2324984   2.0989032e-09      -4.6467783       -4.6467783       86.757148                                 86.757148
              2       39.047819       11.486064     0.019159914       1.1672461   2.0989032e-09      -3.6714725       -3.6714725       85.438583                                 85.438583
              2       37.846527       11.654645      0.02829707       1.1643776   2.0989032e-09       -4.658568        -4.658568       85.010189                                 85.010189
              1        38.63241       11.779565     0.024867528      0.96522044   2.0989032e-09      -2.8872469       -2.8872469       83.039313                                 83.039313
              5       38.521047       11.784053     0.025400223      0.97062859   2.0989032e-09      -2.9437654       -2.9437654       82.929625                                 82.929625
              2       38.516832       11.778973     0.025104627      0.97008018   2.0989032e-09      -2.9453144       -2.9453144       82.924293                                 82.924293
              3       38.867933       11.668324     0.025238856       1.1211397   2.0989032e-09      -4.2585582       -4.2585582       86.252982                                 86.252982
              4       38.774454       11.512218     0.023062525       1.2336163   2.0989032e-09      -4.6122235       -4.6122235       86.773354                                 86.773354
              3       39.445948       11.663529     0.021183593      0.96603528   2.0989032e-09       -2.952592        -2.952592       84.797079                                 84.797079
              2        38.55326       11.654355     0.023011971       1.0045798   2.0989032e-09      -3.5259783       -3.5259783       84.158476                                 84.158476
             11       38.529054       11.657038     0.023073042       1.0038008   2.0989032e-09      -3.5211727       -3.5211727       84.100454                                 84.100454
              5       38.226146        11.61244     0.020989237        1.072152   2.0989032e-09      -3.6086545       -3.6086545       83.669601                                 83.669601
              9        37.68817       11.589431     0.020728442       1.0673647   2.0989032e-09      -3.5922969       -3.5922969       82.560935                                 82.560935
              1       38.095628       11.521698     0.021799275        1.121976   2.0989032e-09      -4.1064705       -4.1064705       84.404196                                 84.404196
              2        38.46898       11.524952     0.022770967       1.1273756   2.0989032e-09      -4.2931032       -4.2931032       85.524166                                 85.524166
              1       38.076982       11.534037     0.024772587        1.164522   2.0989032e-09      -4.6793838       -4.6793838       85.512732                                 85.512732
              2       37.935605        11.61086     0.030979592       1.2216756   2.0989032e-09      -4.9408485       -4.9408485       85.752906                                 85.752906
              2       37.750729       11.655943     0.027160187       1.1460054   2.0989032e-09       -4.547539        -4.547539       84.596535                                 84.596535
              1       37.205081       11.673873      0.02921154       1.1390331   2.0989032e-09       -4.525733        -4.525733       83.461627                                 83.461627
              2       37.072117       11.661153     0.028673539       1.1413092   2.0989032e-09      -4.5764221       -4.5764221       83.297079                                 83.297079
             10       37.165988       11.670635      0.02927446       1.1412683   2.0989032e-09      -4.5472962       -4.5472962       83.426569                                 83.426569
             11       37.574189       11.655936     0.024992445       1.1061229   2.0989032e-09      -4.2295249       -4.2295249       83.607427                                 83.607427
              6       37.040676       11.621003     0.025695609       1.0973228   2.0989032e-09      -4.3906292       -4.3906292        82.86261                                  82.86261
              4       36.898189        11.63003     0.025700679        1.093551   2.0989032e-09      -4.3485813       -4.3485813       82.493541                                 82.493541
              4       36.806229       11.629103     0.026364483       1.1096297   2.0989032e-09      -4.4682884       -4.4682884       82.549034                                 82.549034
              6       36.832005       11.616297     0.025386441       1.1073122   2.0989032e-09      -4.4107559       -4.4107559       82.485522                                 82.485522
              1       36.807929        11.66542     0.025738909       1.0726563   2.0989032e-09      -4.1389876       -4.1389876       81.893834                                 81.893834
              1       38.818117       11.619673     0.026488028       1.1918707   2.0989032e-09      -4.7495901       -4.7495901       87.135414                                 87.135414
              3       38.840524       11.610805     0.025694664       1.1886926   2.0989032e-09      -4.6998672       -4.6998672       87.080782                                 87.080782
              2       38.570586       11.509147     0.021703295       1.2024686   2.0989032e-09      -4.3168431       -4.3168431       85.774858                                 85.774858
             12       39.369913       11.481901     0.020403745       1.2145139   2.0989032e-09      -4.0730554       -4.0730554       86.885937                                 86.885937
              1       39.911677        11.40568     0.017594017        1.185548   2.0989032e-09      -3.1900373       -3.1900373       86.203428                                 86.203428
              4       38.037006       11.609409     0.026182554       1.0960223   2.0989032e-09      -4.4624937       -4.4624937          84.999                                    84.999
              1       38.206896       11.609915     0.031332764       1.2338178   2.0989032e-09      -4.9532438       -4.9532438       86.320279                                 86.320279
              9       38.570313       11.621905     0.032725939       1.2383922   2.0989032e-09      -4.8493969       -4.8493969       86.839419                                 86.839419
              2       38.480335       11.678446     0.033042032       1.1934522   2.0989032e-09      -4.5241654       -4.5241654          86.009                                    86.009
             10       37.786742       11.681766     0.026981515       1.1174493   2.0989032e-09      -4.3352089       -4.3352089       84.243903                                 84.243903
              3       37.718672       11.654625     0.025239653       1.1154062   2.0989032e-09      -4.2942895       -4.2942895       84.025924                                 84.025924
              1       39.229713       11.634247     0.018855751      0.99017121   2.0989032e-09      -2.6610145       -2.6610145       83.781455                                 83.781455
              1       38.838519       11.708146     0.022571182      0.96484707   2.0989032e-09      -2.9954579       -2.9954579       83.667953                                 83.667953
              1       38.398729       11.759089     0.025553106      0.97506176   2.0989032e-09      -3.1532624       -3.1532624       83.103984                                 83.103984
              1       38.271938       11.716304      0.03215564       1.0855332   2.0989032e-09      -4.0621136       -4.0621136       84.668104                                 84.668104
              1       37.649994       11.581344     0.029047213        1.210823   2.0989032e-09      -5.0046253       -5.0046253       85.309239                                 85.309239
              5       37.980172       11.729582     0.025494888      0.99539384   2.0989032e-09      -3.4374668       -3.4374668       82.835278                                 82.835278
              5        38.30713       11.749816      0.02716153      0.99585333   2.0989032e-09      -3.4516267       -3.4516267       83.517514                                 83.517514
              1       38.541806       11.751984     0.026841406      0.98775545   2.0989032e-09      -3.3746733       -3.3746733       83.832959                                 83.832959
              2       38.015085       11.707245     0.024889234       1.0003791   2.0989032e-09      -3.5207777       -3.5207777       83.071725                                 83.071725
              2       36.857119       11.654931     0.026881765       1.0893337   2.0989032e-09      -4.3390447       -4.3390447       82.392328                                 82.392328
              9       36.778553       11.616197     0.025207563       1.1124495   2.0989032e-09      -4.4106539       -4.4106539       82.378415                                 82.378415
              8       36.945924       11.693133     0.028464335       1.0797744   2.0989032e-09      -4.2112216       -4.2112216       82.314292                                 82.314292
              1       37.110818        11.72389     0.028445973       1.0550069   2.0989032e-09      -3.9468067       -3.9468067        82.11525                                  82.11525
             16       36.868371       11.657601     0.028746613       1.1220988   2.0989032e-09      -4.5302527       -4.5302527       82.797247                                 82.797247
              5       37.143478       11.709828     0.029247124       1.0718993   2.0989032e-09      -4.1108348       -4.1108348       82.508626                                 82.508626
              1       37.095839       11.698317     0.029906206       1.1142439   2.0989032e-09      -4.3324226       -4.3324226       82.856524                                 82.856524
              1       36.850768       11.649004     0.028514528       1.1358769   2.0989032e-09      -4.6023723       -4.6023723        82.90628                                  82.90628
             11       36.985209       11.626196     0.024099559       1.0990834   2.0989032e-09      -4.1997231       -4.1997231       82.369864                                 82.369864
              4       36.984889       11.626217     0.024100216       1.0990593   2.0989032e-09      -4.1996549       -4.1996549       82.369089                                 82.369089
              3       37.591629       11.637254     0.028229621       1.1745639   2.0989032e-09      -4.7469331       -4.7469331       84.677124                                 84.677124
              8       37.438072        11.60112     0.023907411       1.0798178   2.0989032e-09      -4.1708141       -4.1708141       83.217772                                 83.217772
             19       36.979685       11.629512     0.023766184       1.0852764   2.0989032e-09      -4.0909616       -4.0909616       82.141292                                 82.141292
              4       37.499191       11.610711     0.027717084       1.1898467   2.0989032e-09      -4.8461934       -4.8461934       84.690768                                 84.690768
              2       37.467987       11.600165     0.028160276       1.2008241   2.0989032e-09      -4.9175827       -4.9175827       84.771139                                 84.771139
              4       38.822237       11.552799     0.028494901       1.2764346   2.0989032e-09      -5.1435877       -5.1435877        87.93165                                  87.93165
