#        weight    minuslogpost     shmr_log_Mc          shmr_N       shmr_beta             A_s   minuslogprior minuslogprior__0            chi2 chi2__jwst_likelihood_uvlf.UVLFLikelihood
             13       40.053786       11.549337     0.030492967       1.3222304   2.0989032e-09      -5.1920773       -5.1920773       90.491727                                 90.491727
              3       36.951596       11.648515     0.027706508       1.1380645   2.0989032e-09      -4.5806876       -4.5806876       83.064567                                 83.064567
              6       36.906738        11.65616     0.026055957       1.0748839   2.0989032e-09      -4.2138494       -4.2138494       82.241174                                 82.241174
              2       36.821894       11.652804     0.025897239       1.0799666   2.0989032e-09      -4.2333156       -4.2333156       82.110419                                 82.110419
              1       37.130927       11.649061      0.02535118       1.0639417   2.0989032e-09      -4.1288487       -4.1288487       82.519552                                 82.519552
              3       36.917138       11.650149     0.025232079       1.0695482   2.0989032e-09      -4.1358432       -4.1358432       82.105963                                 82.105963
              2       37.422647       11.563639     0.024663649       1.1371738   2.0989032e-09      -4.5498276       -4.5498276       83.944949                                 83.944949
              5       37.936802       11.555546     0.025148173       1.1438479   2.0989032e-09      -4.6375451       -4.6375451       85.148694                                 85.148694
              2       38.334018       11.559379     0.025339906       1.1344925   2.0989032e-09      -4.6230828       -4.6230828       85.914202                                 85.914202
              9       37.344465       11.602234     0.027357045       1.1394734   2.0989032e-09      -4.7122172       -4.7122172       84.113364                                 84.113364
              1       37.331462       11.602453     0.027376412        1.139969   2.0989032e-09      -4.7142671       -4.7142671       84.091459                                 84.091459
              2       38.051112        11.63033     0.026547117       1.1686297   2.0989032e-09      -4.6623778       -4.6623778       85.426979                                 85.426979
              2       39.665837       11.515833     0.023832496       1.2639958   2.0989032e-09      -4.7703789       -4.7703789       88.872432                                 88.872432
              3       39.629249        11.48516     0.021538227        1.244622   2.0989032e-09      -4.3624247       -4.3624247       87.983347                                 87.983347
              2       38.358988       11.523618     0.021022503       1.1678235   2.0989032e-09      -4.0920889       -4.0920889       84.902154                                 84.902154
              1        38.17019       11.518838     0.020974693       1.1645585   2.0989032e-09      -4.0759014       -4.0759014       84.492183                                 84.492183
              6       38.034734       11.506184     0.021276687       1.1745222   2.0989032e-09      -4.1677452       -4.1677452       84.404959                                 84.404959
              2       37.978067       11.570777     0.022549489       1.1511905   2.0989032e-09      -4.2755984       -4.2755984       84.507331                                 84.507331
              3       37.854859       11.589364     0.020247741       1.0458422   2.0989032e-09      -3.3942259       -3.3942259        82.49817                                  82.49817
              2       38.691078       11.547062     0.020157384       1.1296008   2.0989032e-09       -3.771024        -3.771024       84.924205                                 84.924205
              5       39.678432       11.499369     0.019940047       1.0833369   2.0989032e-09      -3.5823904       -3.5823904       86.521644                                 86.521644
              1       39.746121       11.481081     0.018506207       1.0755104   2.0989032e-09      -3.1910406       -3.1910406       85.874323                                 85.874323
              3       38.846727       11.644314     0.020046385      0.97856474   2.0989032e-09      -2.8520062       -2.8520062       83.397466                                 83.397466
              1       39.959237       11.462297     0.015759571       1.0674226   2.0989032e-09      -2.3274446       -2.3274446       84.573364                                 84.573364
              6       40.562598       11.477064     0.019883177       1.0968791   2.0989032e-09       -3.614708        -3.614708       88.354611                                 88.354611
              3       41.548365       11.442573     0.015592099       1.0306157   2.0989032e-09      -2.0845228       -2.0845228       87.265775                                 87.265775
              1       40.957915       11.505595     0.019858295       1.0590605   2.0989032e-09      -3.4629172       -3.4629172       88.841665                                 88.841665
              1       40.147652       11.554639     0.025100441       1.1121955   2.0989032e-09      -4.5296884       -4.5296884       89.354681                                 89.354681
              1       37.427132       11.636119     0.024270949       1.0534006   2.0989032e-09      -4.0045575       -4.0045575       82.863379                                 82.863379
              1       38.396369       11.645458     0.024666618       1.0349372   2.0989032e-09      -3.9371479       -3.9371479       84.667035                                 84.667035
              4       37.643997       11.534255     0.022597198       1.1339947   2.0989032e-09      -4.2788371       -4.2788371       83.845669                                 83.845669
              6       37.315872       11.549598     0.023317415       1.1396302   2.0989032e-09       -4.395467        -4.395467       83.422678                                 83.422678
              1       38.698531        11.47234     0.018522856       1.1259639   2.0989032e-09      -3.3763974       -3.3763974       84.149856                                 84.149856
              1        38.84709       11.455268     0.018899098        1.160636   2.0989032e-09      -3.5648244       -3.5648244       84.823829                                 84.823829
              4       37.522306       11.542766     0.021304795       1.1133487   2.0989032e-09      -3.9644811       -3.9644811       82.973573                                 82.973573
              3       37.520247       11.542271     0.021398262       1.1137493   2.0989032e-09      -3.9848778       -3.9848778       83.010249                                 83.010249
              2       37.721285       11.676323     0.031772626       1.1290947   2.0989032e-09        -4.43525         -4.43525        84.31307                                  84.31307
              2       37.886519       11.660633     0.030937017       1.1252429   2.0989032e-09      -4.5213671       -4.5213671       84.815772                                 84.815772
              4        37.12855       11.691592     0.025139359       1.0516773   2.0989032e-09       -3.872401        -3.872401       82.001902                                 82.001902
              7       39.011759       11.730189     0.022021671      0.95399192   2.0989032e-09      -2.7156684       -2.7156684       83.454856                                 83.454856
              8       38.546721       11.811412     0.032221363       1.0487514   2.0989032e-09      -3.2769627       -3.2769627       83.647367                                 83.647367
              2       40.528798       11.869278     0.036925317        1.041029   2.0989032e-09       -2.207172        -2.207172        85.47194                                  85.47194
              3       40.170201       11.808614     0.036873835        1.061706   2.0989032e-09      -2.8213329       -2.8213329       85.983067                                 85.983067
              3       40.202939       11.825967     0.037739941       1.0757115   2.0989032e-09      -2.5860229       -2.5860229       85.577923                                 85.577923
              5       37.410281       11.733971     0.028515366       1.0724522   2.0989032e-09      -3.9649944       -3.9649944       82.750551                                 82.750551
              3       37.410169       11.734774      0.02860211       1.0726097   2.0989032e-09      -3.9632786       -3.9632786       82.746895                                 82.746895
              3       38.511651       11.767318      0.03113936       1.0300729   2.0989032e-09      -3.5608417       -3.5608417       84.144986                                 84.144986
              4       38.777787       11.463067     0.022040057         1.23278   2.0989032e-09      -4.4225921       -4.4225921       86.400758                                 86.400758
              1       39.093374       11.554026     0.020230574       1.1332018   2.0989032e-09      -3.7903361       -3.7903361        85.76742                                  85.76742
              2       38.888846       11.556956     0.020677868       1.1384542   2.0989032e-09      -3.9007965       -3.9007965       85.579285                                 85.579285
             20       38.106424       11.600542     0.021340229       1.0927259   2.0989032e-09      -3.7926688       -3.7926688       83.798186                                 83.798186
              2       38.372066       11.710553     0.027352963       1.0214287   2.0989032e-09      -3.8177856       -3.8177856       84.379702                                 84.379702
              2       37.307119       11.696646     0.027442312       1.0504312   2.0989032e-09        -4.02819         -4.02819       82.670618                                 82.670618
              3       38.804192       11.807809     0.027058263      0.96423936   2.0989032e-09      -2.8680555       -2.8680555       83.344495                                 83.344495
              3       39.014536       11.785386     0.026887528      0.96541539   2.0989032e-09      -3.0300012       -3.0300012       84.089075                                 84.089075
              2        38.88377       11.769768     0.031955971       1.0337626   2.0989032e-09      -3.5260452       -3.5260452       84.819631                                 84.819631
              4       37.564691       11.640637     0.030915486       1.1588795   2.0989032e-09      -4.7007611       -4.7007611       84.530904                                 84.530904
              4       37.939597       11.518474     0.025130078       1.2156638   2.0989032e-09      -4.8507548       -4.8507548       85.580704                                 85.580704
              1       37.782668       11.548488     0.023281335       1.1815665   2.0989032e-09      -4.5088588       -4.5088588       84.583055                                 84.583055
              1       37.946969       11.529665     0.022203909       1.1786068   2.0989032e-09      -4.3423867       -4.3423867       84.578712                                 84.578712
              2       36.969979       11.639338     0.023811714       1.0707741   2.0989032e-09      -4.0059636       -4.0059636       81.951884                                 81.951884
              9       37.612318       11.636813     0.022633678       1.0304634   2.0989032e-09      -3.6555504       -3.6555504       82.535736                                 82.535736
              2       37.927294       11.633452     0.021028136       1.0159324   2.0989032e-09       -3.297624        -3.297624       82.449837                                 82.449837
              2       37.866749       11.641342     0.021478484        1.013996   2.0989032e-09      -3.3509574       -3.3509574       82.435412                                 82.435412
              2       37.763971       11.523116     0.024498389       1.2106428   2.0989032e-09       -4.765129        -4.765129       85.058199                                 85.058199
              2       38.450394       11.486802      0.02003411        1.170864   2.0989032e-09      -3.8904481       -3.8904481       84.681684                                 84.681684
              3       41.147418        11.46329     0.016404383       1.1424129   2.0989032e-09      -2.8080792       -2.8080792       87.910995                                 87.910995
              3       37.871297       11.719792     0.023734312       1.0019305   2.0989032e-09      -3.3145199       -3.3145199       82.371633                                 82.371633
              1       37.225391        11.73701     0.027853774       1.0469252   2.0989032e-09      -3.8137427       -3.8137427       82.078268                                 82.078268
              5       37.582675       11.574302     0.024688984       1.1804669   2.0989032e-09       -4.656892        -4.656892       84.479135                                 84.479135
              3       37.458881       11.611255     0.027915045       1.1902006   2.0989032e-09      -4.8543484       -4.8543484       84.626458                                 84.626458
              3       37.381002       11.616476     0.028318297        1.187307   2.0989032e-09       -4.847695        -4.847695       84.457394                                 84.457394
              5        37.46061        11.59941     0.028260191       1.2016757   2.0989032e-09      -4.9248635       -4.9248635       84.770948                                 84.770948
              4       37.450741       11.593819     0.028596668       1.2054307   2.0989032e-09      -4.9566294       -4.9566294        84.81474                                  84.81474
              1       37.511953       11.593188     0.028527157       1.2087624   2.0989032e-09      -4.9632764       -4.9632764       84.950459                                 84.950459
              3       38.916769       11.627829     0.020559687       1.0579768   2.0989032e-09      -3.4119423       -3.4119423       84.657423                                 84.657423
              4       39.281008       11.438679     0.020914627       1.2381418   2.0989032e-09       -4.182694        -4.182694       86.927404                                 86.927404
              1       38.955522       11.465805     0.023370772       1.2429271   2.0989032e-09      -4.6621629       -4.6621629        87.23537                                  87.23537
              3       37.884161       11.525434     0.025224578       1.2001322   2.0989032e-09      -4.8244021       -4.8244021       85.417126                                 85.417126
              5       37.446393       11.580407     0.027506125       1.1719019   2.0989032e-09      -4.8632664       -4.8632664       84.619319                                 84.619319
              4       40.371315       11.409013     0.019113098       1.2582324   2.0989032e-09      -3.7434579       -3.7434579       88.229546                                 88.229546
             10       39.431864       11.462371     0.024645903       1.2772705   2.0989032e-09      -4.8765315       -4.8765315        88.61679                                  88.61679
              2       37.293684        11.57633     0.022470249       1.1208337   2.0989032e-09      -4.1558077       -4.1558077       82.898983                                 82.898983
              7       37.794323       11.768195     0.028305528       1.0108953   2.0989032e-09      -3.4629989       -3.4629989       82.514643                                 82.514643
              4       37.084407       11.602348     0.022755116       1.0836281   2.0989032e-09      -4.0091167       -4.0091167       82.187047                                 82.187047
              3       40.102991       11.727833     0.036057818       1.1111841   2.0989032e-09      -3.6865915       -3.6865915       87.579166                                 87.579166
              3       40.439661       11.540942     0.023965804       1.1041888   2.0989032e-09      -4.3786552       -4.3786552       89.636633                                 89.636633
              1       40.150499       11.543908     0.023711512       1.0989915   2.0989032e-09      -4.3211321       -4.3211321       88.943261                                 88.943261
              5       38.625321       11.687489     0.027331765       1.1313613   2.0989032e-09      -4.3763033       -4.3763033       86.003249                                 86.003249
              2       38.626874       11.681803     0.028037817       1.1472867   2.0989032e-09       -4.485857        -4.485857       86.225462                                 86.225462
              6       38.853074       11.772942     0.034330026       1.1127254   2.0989032e-09      -3.6343253       -3.6343253       84.974799                                 84.974799
              1       37.511851         11.5715     0.026013454       1.1499403   2.0989032e-09      -4.7148749       -4.7148749       84.453452                                 84.453452
              5       36.950304       11.591718     0.023750397       1.1107276   2.0989032e-09      -4.2881326       -4.2881326       82.476873                                 82.476873
              1       36.814072       11.620595     0.027032739       1.1355754   2.0989032e-09      -4.6295938       -4.6295938       82.887332                                 82.887332
              1       37.892478       11.725099     0.028318172       1.0307104   2.0989032e-09      -3.8256474       -3.8256474       83.436251                                 83.436251
              1       37.866394       11.703997     0.023610086      0.99583039   2.0989032e-09       -3.348781        -3.348781       82.430351                                 82.430351
              5       42.618264       11.489335     0.026563747       1.3825621   2.0989032e-09      -5.1099815       -5.1099815       95.456491                                 95.456491
              5       42.829812       11.495279     0.024579839       1.3491625   2.0989032e-09      -4.9251162       -4.9251162       95.509855                                 95.509855
              4       42.930257       11.478887      0.02467586       1.3692078   2.0989032e-09      -4.9286268       -4.9286268       95.717767                                 95.717767
              1       43.024698       11.501292     0.026142336       1.3709972   2.0989032e-09      -5.0825806       -5.0825806       96.214557                                 96.214557
              1       39.820587       11.691794      0.02625358       1.1267907   2.0989032e-09      -4.2667614       -4.2667614       88.174696                                 88.174696
              3       38.162594       11.557352     0.029073433       1.2334955   2.0989032e-09      -5.0894933       -5.0894933       86.504175                                 86.504175
              5       38.112682       11.557886     0.028920433       1.2285748   2.0989032e-09      -5.0775181       -5.0775181       86.380401                                 86.380401
              1       37.579844       11.630165     0.026124774       1.0819313   2.0989032e-09      -4.3410787       -4.3410787       83.841846                                 83.841846
              1        37.78555       11.631306     0.026549729       1.0837887   2.0989032e-09      -4.3785109       -4.3785109       84.328123                                 84.328123
              2       37.440155        11.56278     0.022703007       1.1040988   2.0989032e-09      -4.1597542       -4.1597542       83.199819                                 83.199819
             16       37.447139       11.557466     0.022883014       1.1134439   2.0989032e-09      -4.2305175       -4.2305175       83.355313                                 83.355313
              1       40.900899       11.493244     0.029252111       1.2873967   2.0989032e-09      -5.2037165       -5.2037165       92.209231                                 92.209231
              1       38.995347       11.626807      0.03402664       1.2128351   2.0989032e-09      -4.6739543       -4.6739543       87.338603                                 87.338603
              2       40.014155       11.603708     0.033819598         1.21614   2.0989032e-09       -4.767833        -4.767833       89.563977                                 89.563977
              1       37.987998       11.600673      0.02994535       1.1786587   2.0989032e-09      -4.8911054       -4.8911054       85.758208                                 85.758208
              1        37.75385       11.617047     0.030657233       1.1796915   2.0989032e-09      -4.8390225       -4.8390225       85.185746                                 85.185746
              5       37.730987        11.62054     0.030433636       1.1690448   2.0989032e-09      -4.8054597       -4.8054597       85.072894                                 85.072894
              5       38.602646       11.638237     0.033462103       1.2272877   2.0989032e-09      -4.7179065       -4.7179065       86.641104                                 86.641104
              2        38.25053       11.625391      0.03226967       1.2249667   2.0989032e-09      -4.8453382       -4.8453382       86.191737                                 86.191737
              7        37.83161       11.595753     0.030284639        1.205374   2.0989032e-09       -4.962287        -4.962287       85.587794                                 85.587794
              3       37.783416       11.587783     0.029711192       1.2054164   2.0989032e-09      -4.9847055       -4.9847055       85.536243                                 85.536243
              4       37.690593       11.597052     0.028812716       1.2154635   2.0989032e-09      -4.9747176       -4.9747176        85.33062                                  85.33062
              6       38.634224       11.623719     0.021262428       1.0042538   2.0989032e-09      -3.3176272       -3.3176272       83.903702                                 83.903702
              5       38.386292        11.50739     0.022353195       1.1459784   2.0989032e-09      -4.2883268       -4.2883268       85.349238                                 85.349238
              5        37.49181       11.535153     0.024320753       1.1874236   2.0989032e-09      -4.6822646       -4.6822646       84.348149                                 84.348149
              2       37.660773       11.526718     0.024539952       1.1984294   2.0989032e-09      -4.7417009       -4.7417009       84.804947                                 84.804947
              1       37.420661        11.55152     0.025800344       1.1970448   2.0989032e-09      -4.8494599       -4.8494599       84.540241                                 84.540241
             12       38.648741       11.543153     0.025226245       1.2421358   2.0989032e-09      -4.8894583       -4.8894583       87.076398                                 87.076398
              1        38.87569       11.515528     0.027690731        1.252886   2.0989032e-09       -5.115101        -5.115101       87.981581                                 87.981581
              2       38.213532        11.72095     0.033978396        1.146015   2.0989032e-09      -4.1010221       -4.1010221       84.629108                                 84.629108
              6       38.992123       11.701147     0.033938639       1.1170116   2.0989032e-09      -4.1157774       -4.1157774       86.215801                                 86.215801
              5       38.570148       11.744875     0.033260954       1.0751766   2.0989032e-09      -3.7773999       -3.7773999       84.695097                                 84.695097
              5       39.146058       11.584891     0.029825983       1.2706074   2.0989032e-09      -5.0987597       -5.0987597       88.489636                                 88.489636
              7       40.126148       11.632298     0.036494126       1.2571943   2.0989032e-09      -4.4068863       -4.4068863       89.066069                                 89.066069
              1       39.670948        11.64012     0.035998971        1.235755   2.0989032e-09      -4.4241396       -4.4241396       88.190175                                 88.190175
              7       39.091879       11.675079     0.035812459       1.1947655   2.0989032e-09      -4.2320954       -4.2320954        86.64795                                  86.64795
              1       39.995929       11.761632     0.036868095       1.0979894   2.0989032e-09      -3.3022011       -3.3022011       86.596259                                 86.596259
              5       39.385189       11.766737     0.035508567        1.081057   2.0989032e-09      -3.4120177       -3.4120177       85.594413                                 85.594413
              6       39.444812       11.693649     0.033258164       1.1063148   2.0989032e-09      -4.1778507       -4.1778507       87.245325                                 87.245325
              1       39.352705       11.841208     0.031663531       1.0291316   2.0989032e-09      -2.9732207       -2.9732207       84.651852                                 84.651852
              8        40.73068       11.911578     0.033956653      0.98453847   2.0989032e-09      -1.9158826       -1.9158826       85.293125                                 85.293125
              1       40.257828       11.885601     0.033413997      0.97838729   2.0989032e-09      -2.1923892       -2.1923892       84.900434                                 84.900434
              1       37.345284       11.647473       0.0255297       1.1192045   2.0989032e-09      -4.3639976       -4.3639976       83.418564                                 83.418564
              1       37.223967       11.724412      0.02803878       1.0439585   2.0989032e-09      -3.8807178       -3.8807178       82.209369                                 82.209369
              6       38.539111       11.660344     0.021889773       0.9887855   2.0989032e-09      -3.2273247       -3.2273247       83.532872                                 83.532872
              2       38.428796       11.688564     0.023761707       1.0626284   2.0989032e-09      -3.7630621       -3.7630621       84.383716                                 84.383716
              1       38.441502       11.690809     0.023807781       1.0613761   2.0989032e-09      -3.7535296       -3.7535296       84.390062                                 84.390062
              1       38.354599       11.691775     0.022806082       1.0341172   2.0989032e-09      -3.4754577       -3.4754577       83.660113                                 83.660113
              2       38.298355       11.692543     0.022889624       1.0340259   2.0989032e-09       -3.484891        -3.484891       83.566492                                 83.566492
              4       38.668713       11.680404     0.020762481      0.98063685   2.0989032e-09        -2.87442         -2.87442       83.086267                                 83.086267
              3       38.285084       11.575159     0.019194412       1.0448875   2.0989032e-09      -3.1703527       -3.1703527       82.910873                                 82.910873
              8        38.33114       11.564878     0.019082042       1.0575557   2.0989032e-09      -3.2162488       -3.2162488       83.094777                                 83.094777
              9       37.931804       11.586982      0.02005012       1.0516992   2.0989032e-09      -3.3808997       -3.3808997       82.625407                                 82.625407
             11       37.270979        11.54937     0.023789688       1.1544218   2.0989032e-09      -4.5088675       -4.5088675       83.559692                                 83.559692
              3       37.492717       11.645992     0.022893491       1.0304193   2.0989032e-09      -3.6655495       -3.6655495       82.316533                                 82.316533
              6       37.171996       11.636241       0.0229514       1.0535775   2.0989032e-09       -3.814753        -3.814753       81.973497                                 81.973497
              4       37.478106       11.734887     0.031593402         1.09767   2.0989032e-09      -4.0326411       -4.0326411       83.021494                                 83.021494
              4       37.594011       11.683931     0.031808758       1.1263333   2.0989032e-09      -4.3901208       -4.3901208       83.968264                                 83.968264
             14       37.005784       11.655783     0.027184915       1.1269256   2.0989032e-09      -4.4893703       -4.4893703       82.990309                                 82.990309
              2       37.297144       11.734289     0.028736722       1.0452958   2.0989032e-09      -3.8518066       -3.8518066         82.2979                                   82.2979
              4       38.187494        11.75337     0.025134412       1.0096158   2.0989032e-09      -3.3295527       -3.3295527       83.034094                                 83.034094
              1       37.386036       11.667358     0.023090122       1.0358131   2.0989032e-09      -3.6383643       -3.6383643       82.048801                                 82.048801
              4       38.261564       11.671943     0.032807709       1.1924605   2.0989032e-09      -4.5682286       -4.5682286       85.659584                                 85.659584
              4       37.000138       11.602691     0.026825085       1.1421806   2.0989032e-09      -4.6865738       -4.6865738       83.373424                                 83.373424
              2       36.825258       11.670725     0.028505322       1.1153074   2.0989032e-09      -4.4470174       -4.4470174       82.544551                                 82.544551
              2       37.030966        11.68403     0.030068722       1.1232764   2.0989032e-09      -4.4304962       -4.4304962       82.922925                                 82.922925
              2        37.02371       11.679768     0.030012194        1.126773   2.0989032e-09      -4.4619705       -4.4619705       82.971362                                 82.971362
              4       37.456177       11.670665     0.030195918       1.1581207   2.0989032e-09      -4.5963378       -4.5963378       84.105029                                 84.105029
              6       37.363771        11.69227     0.031660061       1.1313313   2.0989032e-09      -4.3744203       -4.3744203       83.476383                                 83.476383
              1       37.315491       11.680401     0.030334676       1.1088298   2.0989032e-09      -4.3938737       -4.3938737       83.418729                                 83.418729
              8       38.699311       11.741349     0.033478975       1.0789761   2.0989032e-09      -3.7952347       -3.7952347       84.989092                                 84.989092
              3       38.264479       11.740469     0.030293596       1.0400966   2.0989032e-09      -3.7983073       -3.7983073       84.125573                                 84.125573
              2       38.798547       11.598979     0.022258328       1.0344869   2.0989032e-09      -3.7215173       -3.7215173       85.040129                                 85.040129
              1       38.481275       11.548998     0.020443261       1.0587296   2.0989032e-09      -3.5640853       -3.5640853        84.09072                                  84.09072
              9        38.68385       11.577029     0.018600386       1.0178114   2.0989032e-09      -2.8872834       -2.8872834       83.142268                                 83.142268
              2       39.736213       11.679181     0.019845393      0.94409764   2.0989032e-09      -2.4664402       -2.4664402       84.405306                                 84.405306
              6       39.783967       11.589079     0.017265068      0.98339526   2.0989032e-09      -2.3124726       -2.3124726       84.192879                                 84.192879
              4       40.803591       11.590378     0.016249611      0.96365973   2.0989032e-09      -1.8885807       -1.8885807       85.384344                                 85.384344
              5       41.539419       11.594535     0.015694048      0.94853155   2.0989032e-09      -1.6103011       -1.6103011       86.299441                                 86.299441
              3       40.187784       11.416201     0.017561067        1.136614   2.0989032e-09      -3.0672535       -3.0672535       86.510075                                 86.510075
              1       40.279096       11.403754     0.018870614       1.1960674   2.0989032e-09      -3.5567191       -3.5567191       87.671629                                 87.671629
              4       41.256734       11.393849     0.019494984       1.2081054   2.0989032e-09      -3.7134251       -3.7134251       89.940319                                 89.940319
              3       39.237367       11.566255     0.031671963       1.2472708   2.0989032e-09      -5.0567012       -5.0567012       88.588135                                 88.588135
              2       38.364394       11.577485      0.02273636        1.067992   2.0989032e-09      -3.9984989       -3.9984989       84.725787                                 84.725787
              1       37.634704        11.58831     0.021420912       1.0931725   2.0989032e-09      -3.8391309       -3.8391309       82.947669                                 82.947669
              3       39.295464       11.549368     0.029105896       1.2096919   2.0989032e-09      -5.0553984       -5.0553984       88.701724                                 88.701724
              1       38.507461       11.595911     0.029689681       1.1676511   2.0989032e-09      -4.8747219       -4.8747219       86.764366                                 86.764366
              9         37.8916       11.528333     0.022252531       1.1271855   2.0989032e-09      -4.2020205       -4.2020205        84.18724                                  84.18724
              7       38.090936       11.519313     0.022485756       1.1387722   2.0989032e-09      -4.2850575       -4.2850575       84.751987                                 84.751987
              4       37.466579       11.558277     0.022397491       1.1043078   2.0989032e-09      -4.1156273       -4.1156273       83.164412                                 83.164412
              1       37.936012       11.513786     0.022273995       1.1490565   2.0989032e-09      -4.2820076       -4.2820076       84.436039                                 84.436039
              5        37.18445       11.566052     0.024971528       1.1733223   2.0989032e-09      -4.6856351       -4.6856351       83.740171                                 83.740171
              1       37.740248       11.553415     0.023651316       1.1835497   2.0989032e-09      -4.5620835       -4.5620835       84.604662                                 84.604662
              8       37.844438       11.623472     0.025924752       1.1616308   2.0989032e-09      -4.6139658       -4.6139658       84.916808                                 84.916808
              9       37.963583       11.693766     0.023022313       1.0261646   2.0989032e-09      -3.4629625       -3.4629625       82.853091                                 82.853091
              2       38.013386       11.669323     0.025617495       1.1125339   2.0989032e-09      -4.2629415       -4.2629415       84.552655                                 84.552655
              2       39.116389       11.694509     0.025669004       1.1045962   2.0989032e-09      -4.1249956       -4.1249956        86.48277                                  86.48277
              9        38.43789       11.779796     0.032973287        1.050448   2.0989032e-09      -3.4665868       -3.4665868       83.808954                                 83.808954
              1       38.937974       11.787558     0.032801741       1.0333331   2.0989032e-09      -3.3464716       -3.3464716       84.568892                                 84.568892
             13       38.483699       11.743368     0.030110849       1.0325365   2.0989032e-09      -3.7478665       -3.7478665        84.46313                                  84.46313
              4       37.184994       11.646096     0.026400595       1.1309402   2.0989032e-09      -4.4850855       -4.4850855        83.34016                                  83.34016
              2       36.975992       11.653927     0.024493662       1.0580806   2.0989032e-09      -3.9883962       -3.9883962       81.928777                                 81.928777
              2       36.775591       11.635452     0.025346839       1.0921832   2.0989032e-09      -4.2904104       -4.2904104       82.132004                                 82.132004
              8       37.012337       11.612989     0.024508171       1.0894977   2.0989032e-09      -4.2551399       -4.2551399       82.534953                                 82.534953
              7       37.467302       11.600858     0.023444206       1.0728341   2.0989032e-09      -4.0771584       -4.0771584       83.088921                                 83.088921
              6       37.675628       11.586718     0.026181257       1.1284123   2.0989032e-09      -4.6319472       -4.6319472       84.615151                                 84.615151
              6        38.60953       11.466769     0.019846435       1.1589817   2.0989032e-09      -3.8029369       -3.8029369       84.824934                                 84.824934
              4       38.449727       11.611932     0.020146138       1.0055791   2.0989032e-09      -3.1214382       -3.1214382       83.142331                                 83.142331
              1       37.453687       11.679385     0.024570729       1.0253628   2.0989032e-09       -3.742552        -3.742552       82.392478                                 82.392478
             11       36.871988       11.622735     0.024252519       1.0863858   2.0989032e-09       -4.182169        -4.182169       82.108314                                 82.108314
              4       37.379785       11.619451     0.022498515       1.0815076   2.0989032e-09      -3.9103529       -3.9103529       82.580275                                 82.580275
              3       37.668473       11.660869     0.023109738       1.0605573   2.0989032e-09      -3.7785282       -3.7785282       82.894003                                 82.894003
              4       37.562889       11.605902     0.021437827       1.0701042   2.0989032e-09      -3.7081559       -3.7081559       82.542089                                 82.542089
              4       38.130298       11.590747       0.0200099        1.059414   2.0989032e-09       -3.396933        -3.396933       83.054462                                 83.054462
              1       40.115304       11.724335     0.034279728       1.1857016   2.0989032e-09      -4.1586995       -4.1586995       88.548008                                 88.548008
              1       39.239775       11.623269     0.034653016       1.2453915   2.0989032e-09      -4.6744448       -4.6744448       87.828439                                 87.828439
              1       39.324192       11.609727     0.034303635       1.2569441   2.0989032e-09      -4.7702895       -4.7702895       88.188963                                 88.188963
              2       38.541349       11.587552     0.022383337       1.1426756   2.0989032e-09      -4.1883736       -4.1883736       85.459445                                 85.459445
              5       39.389659       11.513995     0.017035532       1.0652325   2.0989032e-09      -2.7353124       -2.7353124       84.249943                                 84.249943
              1       38.981158       11.531843     0.018105086       1.0812289   2.0989032e-09      -3.0976405       -3.0976405       84.157597                                 84.157597
              4       38.060763       11.505568     0.019912546       1.1284877   2.0989032e-09       -3.738675        -3.738675       83.598875                                 83.598875
              1       37.539774       11.565982     0.025996665       1.2042864   2.0989032e-09      -4.8618799       -4.8618799       84.803308                                 84.803308
              1       38.203309       11.790065     0.030871602       1.0551362   2.0989032e-09      -3.5245981       -3.5245981       83.455814                                 83.455814
              2       38.316271       11.786854     0.033420858       1.0749592   2.0989032e-09       -3.483721        -3.483721       83.599984                                 83.599984
              5       37.448339       11.539949     0.024643016       1.1816588   2.0989032e-09      -4.7034542       -4.7034542       84.303585                                 84.303585
              5       37.333945       11.630053     0.030279939       1.1760479   2.0989032e-09      -4.7964361       -4.7964361       84.260763                                 84.260763
             14       38.225349       11.731148     0.024208656      0.97964654   2.0989032e-09      -3.1964087       -3.1964087       82.843515                                 82.843515
              5       38.408709       11.743034     0.024319609      0.97211313   2.0989032e-09      -3.0985386       -3.0985386       83.014495                                 83.014495
              2       37.395596        11.67231     0.028067883       1.1337255   2.0989032e-09      -4.4870223       -4.4870223       83.765236                                 83.765236
              8       37.567289       11.609919      0.02435557       1.1409667   2.0989032e-09      -4.4234113       -4.4234113       83.981401                                 83.981401
              3       37.029768       11.588548     0.024871175       1.1508671   2.0989032e-09      -4.5683942       -4.5683942       83.196325                                 83.196325
              5       39.050468       11.507837     0.017362438       1.0709067   2.0989032e-09       -2.857383        -2.857383       83.815702                                 83.815702
              5         39.1311       11.505443     0.017195823       1.0677198   2.0989032e-09      -2.7955657       -2.7955657       83.853332                                 83.853332
              1        39.80773       11.507833     0.017552235       1.1094446   2.0989032e-09      -3.0605035       -3.0605035       85.736467                                 85.736467
              1       39.339746       11.437566     0.018082356       1.1723803   2.0989032e-09      -3.3563007       -3.3563007       85.392093                                 85.392093
              1       41.363119       11.638904     0.036208304       1.2954421   2.0989032e-09      -4.4711761       -4.4711761       91.668591                                 91.668591
              4       41.320951       11.756607     0.040199787       1.1743188   2.0989032e-09      -2.8795933       -2.8795933       88.401089                                 88.401089
              1       40.306459        11.53219     0.031430789       1.3377729   2.0989032e-09      -5.1861392       -5.1861392       90.985197                                 90.985197
              3       39.811945       11.652957     0.025077068       1.1478417   2.0989032e-09      -4.3880075       -4.3880075       88.399906                                 88.399906
              4       37.120481       11.724845     0.027368337       1.0498355   2.0989032e-09      -3.8729593       -3.8729593       81.986881                                 81.986881
             13       39.092266       11.826174     0.034587407       1.0525666   2.0989032e-09      -2.9687567       -2.9687567       84.122045                                 84.122045
              4         38.6447       11.755625     0.026363016        1.042751   2.0989032e-09      -3.5888281       -3.5888281       84.467056                                 84.467056
              5       37.179626       11.713574     0.026103938       1.0461754   2.0989032e-09      -3.8296774       -3.8296774       82.018607                                 82.018607
              2       37.095306       11.686738     0.026254266         1.08178   2.0989032e-09      -4.1271345       -4.1271345       82.444881                                 82.444881
              7       37.189081       11.683659      0.02572128       1.0786941   2.0989032e-09      -4.0822475       -4.0822475       82.542658                                 82.542658
              7       37.147815       11.707536     0.025834928       1.0464825   2.0989032e-09      -3.8390878       -3.8390878       81.973805                                 81.973805
              9       36.843393       11.688691     0.026845113       1.0694952   2.0989032e-09       -4.112166        -4.112166       81.911119                                 81.911119
              1       37.544119       11.592298     0.029146335        1.209767   2.0989032e-09      -4.9800809       -4.9800809       85.048401                                 85.048401
              1       37.533613       11.581396     0.027934341       1.2124457   2.0989032e-09      -4.9759885       -4.9759885       85.019203                                 85.019203
              7         38.6893       11.663919     0.023619246       1.0913401   2.0989032e-09       -3.967342        -3.967342       85.313284                                 85.313284
              3       36.904916       11.597491     0.024129779       1.1102008   2.0989032e-09      -4.3243313       -4.3243313       82.458495                                 82.458495
             10       38.059392       11.679047      0.03325045       1.1496721   2.0989032e-09      -4.3889189       -4.3889189       84.896622                                 84.896622
              2       38.562627       11.720029     0.033000361       1.0910335   2.0989032e-09      -4.0055538       -4.0055538       85.136361                                 85.136361
              2       37.434425       11.623793     0.021974959       1.0433562   2.0989032e-09      -3.6423703       -3.6423703        82.15359                                  82.15359
             13       37.495657       11.626174      0.02186774       1.0387391   2.0989032e-09      -3.5940893       -3.5940893       82.179493                                 82.179493
              1        38.42147       11.478111     0.020208087       1.1522925   2.0989032e-09       -3.874316        -3.874316       84.591572                                 84.591572
              4        37.88013       11.521175     0.025158634       1.2156888   2.0989032e-09      -4.8525449       -4.8525449        85.46535                                  85.46535
              2       41.225887       11.390753     0.019061434       1.2926824   2.0989032e-09      -3.7227655       -3.7227655       89.897304                                 89.897304
              3         41.2685       11.415813     0.018599491       1.2661465   2.0989032e-09      -3.6368081       -3.6368081       89.810615                                 89.810615
              1       43.208165       11.663423     0.041251153       1.2909867   2.0989032e-09      -3.2970094       -3.2970094       93.010348                                 93.010348
              1       43.696479       11.689333     0.042395814       1.2723485   2.0989032e-09      -2.8354625       -2.8354625       93.063883                                 93.063883
              4        39.22546       11.731282     0.036652174        1.143997   2.0989032e-09      -3.6811354       -3.6811354       85.813191                                 85.813191
              7       39.540162       11.704605      0.03703077       1.1725822   2.0989032e-09      -3.8435636       -3.8435636       86.767451                                 86.767451
              3       38.385902       11.515999     0.026638674       1.2531793   2.0989032e-09      -5.0522054       -5.0522054       86.876214                                 86.876214
              2       41.891384       11.750729      0.03654941         1.19506   2.0989032e-09      -3.7170748       -3.7170748       91.216917                                 91.216917
              3        40.59425       11.761861     0.036230162       1.1642025   2.0989032e-09      -3.6185298       -3.6185298        88.42556                                  88.42556
              4       38.677181       11.775483       0.0321101        1.093955   2.0989032e-09      -3.7333688       -3.7333688       84.821099                                 84.821099
              3       37.309539       11.716524     0.031304998       1.1023502   2.0989032e-09      -4.1655026       -4.1655026       82.950084                                 82.950084
              5         37.2686       11.706251     0.030239696       1.0862681   2.0989032e-09      -4.1860043       -4.1860043       82.909208                                 82.909208
              4       37.013025       11.686602     0.028430443       1.0804631   2.0989032e-09      -4.2439657       -4.2439657       82.513981                                 82.513981
              2       37.689945       11.587704     0.021709447       1.1047097   2.0989032e-09      -3.9388658       -3.9388658       83.257622                                 83.257622
              1        38.00033       11.565534      0.02026809       1.0931771   2.0989032e-09      -3.6413174       -3.6413174       83.283296                                 83.283296
              2       39.183388       11.553384     0.018967261       1.0964622   2.0989032e-09      -3.3613571       -3.3613571       85.089489                                 85.089489
              3       39.493138       11.659578     0.029958882       1.2064147   2.0989032e-09      -4.7640515       -4.7640515       88.514379                                 88.514379
              6       37.892834        11.63071     0.026862742       1.0875081   2.0989032e-09      -4.4171878       -4.4171878       84.620043                                 84.620043
              5       38.253699        11.72696     0.034373141       1.1230607   2.0989032e-09      -3.9523949       -3.9523949       84.412188                                 84.412188
              8        38.66174       11.764974     0.033862898        1.068948   2.0989032e-09      -3.5686783       -3.5686783       84.460837                                 84.460837
              6       36.731648       11.642109     0.027068757       1.1199081   2.0989032e-09      -4.5096919       -4.5096919        82.48268                                  82.48268
              7       37.090199        11.66427     0.030043701       1.1308461   2.0989032e-09      -4.5417042       -4.5417042       83.263807                                 83.263807
              9       36.793232       11.669183     0.027166339       1.0860663   2.0989032e-09      -4.2866488       -4.2866488       82.159761                                 82.159761
              5       37.283239       11.591583     0.022259329       1.0992866   2.0989032e-09      -4.0106951       -4.0106951       82.587869                                 82.587869
             16       37.213861       11.593714     0.022680749       1.1062712   2.0989032e-09      -4.1034175       -4.1034175       82.634557                                 82.634557
              7        37.39847       11.617323     0.029502501       1.1641805   2.0989032e-09      -4.8077375       -4.8077375       84.412414                                 84.412414
              3       37.914698       11.623008     0.031765731       1.2003704   2.0989032e-09      -4.8304141       -4.8304141       85.490224                                 85.490224
              1       37.439345       11.581223     0.027122728       1.1616609   2.0989032e-09      -4.8122132       -4.8122132       84.503117                                 84.503117
              1       38.670987       11.531577     0.024750518       1.1543639   2.0989032e-09      -4.6501872       -4.6501872       86.642349                                 86.642349
              4       38.417017       11.559263     0.024800474       1.1230701   2.0989032e-09      -4.5267642       -4.5267642       85.887562                                 85.887562
              5       38.260936       11.548234     0.023852466       1.1218238   2.0989032e-09      -4.4168172       -4.4168172       85.355507                                 85.355507
              3       37.871255       11.722304     0.031829438       1.1299032   2.0989032e-09      -4.2059427       -4.2059427       84.154396                                 84.154396
              1       41.667999       11.819233     0.034211982       1.1079682   2.0989032e-09      -3.2875774       -3.2875774       89.911152                                 89.911152
              2        42.32447       11.953678     0.036403946      0.97026293   2.0989032e-09      -1.0644193       -1.0644193       86.777779                                 86.777779
              2       37.388101       11.738352     0.031069857       1.0799214   2.0989032e-09      -3.9637806       -3.9637806       82.703764                                 82.703764
              1       37.397703       11.646797     0.027733148       1.0945498   2.0989032e-09       -4.437847        -4.437847       83.671101                                 83.671101
              6       37.294265       11.587584     0.027897366       1.1787592   2.0989032e-09      -4.8844182       -4.8844182       84.357366                                 84.357366
              1       38.946543       11.659241     0.026961407       1.0496347   2.0989032e-09      -4.1626206       -4.1626206       86.218327                                 86.218327
              4       38.599658       11.615324     0.023098181       1.0352708   2.0989032e-09      -3.8209647       -3.8209647       84.841245                                 84.841245
              1       38.744787       11.619342     0.023062757       1.0295673   2.0989032e-09      -3.7768349       -3.7768349       85.043244                                 85.043244
              6       38.814195        11.62273     0.023420468       1.0310071   2.0989032e-09      -3.8280711       -3.8280711       85.284533                                 85.284533
              1       38.814195       11.622734     0.023420718       1.0310074   2.0989032e-09      -3.8280977       -3.8280977       85.284585                                 85.284585
              3       40.699349       11.687972     0.021695795      0.94386356   2.0989032e-09      -2.8157692       -2.8157692       87.030236                                 87.030236
              3       39.192248       11.605495      0.02483318       1.0637076   2.0989032e-09      -4.2099892       -4.2099892       86.804473                                 86.804473
              1       39.196683       11.605457     0.024827153       1.0636018   2.0989032e-09      -4.2089456       -4.2089456       86.811257                                 86.811257
              5       38.688026        11.59999     0.025514993       1.0859191   2.0989032e-09      -4.3875863       -4.3875863       86.151225                                 86.151225
              1       39.699378       11.664006     0.036457502       1.2306156   2.0989032e-09      -4.2536035       -4.2536035       87.905962                                 87.905962
              1       39.335824       11.568266     0.028532986       1.1687735   2.0989032e-09      -4.9183567       -4.9183567       88.508362                                 88.508362
              1       39.260571       11.746081     0.028245831      0.99864925   2.0989032e-09      -3.5406057       -3.5406057       85.602354                                 85.602354
              3       37.385957       11.691242     0.023925108         1.02388   2.0989032e-09      -3.5971686       -3.5971686       81.966252                                 81.966252
              3       37.885315       11.667902     0.021866632        1.007712   2.0989032e-09      -3.2905096       -3.2905096       82.351649                                 82.351649
              1       37.454854       11.645719      0.02239445       1.0475086   2.0989032e-09      -3.6618321       -3.6618321       82.233372                                 82.233372
              8        37.92944       11.587722     0.023242438       1.1488215   2.0989032e-09      -4.3466134       -4.3466134       84.552108                                 84.552108
              6       37.426298       11.705273     0.027869257        1.097046   2.0989032e-09      -4.1960038       -4.1960038       83.244603                                 83.244603
              2       37.853147       11.769626     0.031841721       1.0560043   2.0989032e-09      -3.6333387       -3.6333387       82.972972                                 82.972972
             15       37.884068       11.771804     0.031458642       1.0469177   2.0989032e-09      -3.5961486       -3.5961486       82.960432                                 82.960432
              8       36.827733       11.677354      0.02833554       1.0971859   2.0989032e-09      -4.3476918       -4.3476918        82.35085                                  82.35085
              1       38.301639       11.588764     0.021736369       1.1207104   2.0989032e-09      -3.9977768       -3.9977768       84.598831                                 84.598831
              5       38.769628       11.618552     0.021078804       1.0805952   2.0989032e-09      -3.6435531       -3.6435531       84.826363                                 84.826363
              6       36.839803       11.600024     0.025056628       1.1252375   2.0989032e-09      -4.4817748       -4.4817748       82.643155                                 82.643155
              5       36.840608       11.670645      0.02654192       1.0735969   2.0989032e-09      -4.1885467       -4.1885467       82.058309                                 82.058309
              2       37.194047       11.611256     0.027014015       1.1714814   2.0989032e-09      -4.7598303       -4.7598303       83.907755                                 83.907755
              4       37.097632       11.599685     0.026923088       1.1744721   2.0989032e-09       -4.792292        -4.792292       83.779847                                 83.779847
             10       37.097048       11.573167     0.025313334       1.1685435   2.0989032e-09      -4.6974674       -4.6974674       83.589031                                 83.589031
             10       39.015173       11.630132     0.027238855       1.0795664   2.0989032e-09      -4.4113532       -4.4113532       86.853052                                 86.853052
              1       39.030989       11.651459     0.025319656         1.03202   2.0989032e-09      -3.9739655       -3.9739655       86.009909                                 86.009909
              5       39.700366       11.481788      0.01681689       1.0487447   2.0989032e-09      -2.5960444       -2.5960444        84.59282                                  84.59282
              3       41.051258       11.391879     0.016651745       1.1309108   2.0989032e-09      -2.7196174       -2.7196174       87.541751                                 87.541751
              1       40.325429       11.468319     0.027395563       1.3245362   2.0989032e-09      -5.1554617       -5.1554617       90.961782                                 90.961782
              5       39.650673       11.725585     0.033751388       1.1741072   2.0989032e-09      -4.1764625       -4.1764625        87.65427                                  87.65427
              1       40.410277       11.674216      0.03529246       1.2442792   2.0989032e-09      -4.4034623       -4.4034623       89.627479                                 89.627479
              1       38.573221       11.501398      0.02436893       1.1980207   2.0989032e-09      -4.7284485       -4.7284485       86.603339                                 86.603339
              3       38.808966       11.504057     0.026679624       1.2534725   2.0989032e-09      -5.0585658       -5.0585658       87.735064                                 87.735064
              2       38.784239       11.504951     0.026700331       1.2531449   2.0989032e-09      -5.0594719       -5.0594719       87.687421                                 87.687421
              2       38.642843       11.489557     0.024870476       1.2422051   2.0989032e-09      -4.8723137       -4.8723137       87.030314                                 87.030314
              6        37.11439       11.619469     0.027095321       1.1202257   2.0989032e-09       -4.586446        -4.586446       83.401672                                 83.401672
              1       37.588279       11.687621     0.026676777       1.1022427   2.0989032e-09      -4.2334448       -4.2334448       83.643447                                 83.643447
             12       39.064936        11.80569     0.032641536       1.0725265   2.0989032e-09      -3.3957073       -3.3957073       84.921286                                 84.921286
              3       39.106222       11.843637     0.030811516      0.98283799   2.0989032e-09      -2.7478475       -2.7478475       83.708138                                 83.708138
              4       41.119919        11.88023     0.031273269      0.94382383   2.0989032e-09      -2.1789134       -2.1789134       86.597665                                 86.597665
              8        40.54357       11.830811     0.030422802      0.96262006   2.0989032e-09      -2.7515855       -2.7515855       86.590312                                 86.590312
              1       40.935499       11.740561     0.033159307         1.04988   2.0989032e-09      -3.7044445       -3.7044445       89.279888                                 89.279888
              6       42.776983       11.778655     0.042414854       1.1531515   2.0989032e-09      -2.0652106       -2.0652106       89.684388                                 89.684388
              1       42.701355         11.7779     0.042308663       1.1526616   2.0989032e-09      -2.1008596       -2.1008596       89.604429                                 89.604429
              4       42.235252       11.702401      0.04023537       1.1852867   2.0989032e-09      -3.2093657       -3.2093657       90.889236                                 90.889236
              3        40.23616       11.824467     0.030964719      0.97466914   2.0989032e-09      -2.8587761       -2.8587761       86.189872                                 86.189872
              1       40.995687        11.79577     0.036903866       1.1380166   2.0989032e-09      -3.1956254       -3.1956254       88.382625                                 88.382625
              4        39.70531       11.601605     0.032965875       1.2858977   2.0989032e-09      -4.9499863       -4.9499863       89.310593                                 89.310593
              4       38.171355       11.573526      0.03005649       1.2434645   2.0989032e-09      -5.0826206       -5.0826206       86.507951                                 86.507951
              4       37.697131       11.554879     0.020806942       1.0808814   2.0989032e-09      -3.7263814       -3.7263814       82.847024                                 82.847024
             11       37.162897       11.562618     0.023487196       1.1311898   2.0989032e-09      -4.3757171       -4.3757171       83.077228                                 83.077228
              1       37.569279       11.592631     0.025203555        1.172819   2.0989032e-09      -4.6569293       -4.6569293       84.452417                                 84.452417
              1       37.691963       11.716746      0.02619524       1.0146896   2.0989032e-09      -3.6714438       -3.6714438       82.726813                                 82.726813
              2       37.835828       11.765261     0.029883866       1.0285184   2.0989032e-09      -3.5912818       -3.5912818       82.854219                                 82.854219
              6       37.187486         11.7165     0.030511705       1.0903194   2.0989032e-09       -4.143179        -4.143179        82.66133                                  82.66133
              2       37.243092       11.677734     0.031068048       1.1395314   2.0989032e-09      -4.4909947       -4.4909947       83.468174                                 83.468174
              3       37.053967       11.629777     0.028216776       1.1318042   2.0989032e-09      -4.6469485       -4.6469485       83.401832                                 83.401832
              1       37.141197       11.619276     0.027914475       1.1352613   2.0989032e-09      -4.6790155       -4.6790155       83.640424                                 83.640424
              8       37.929471       11.558717     0.024967343       1.1361092   2.0989032e-09      -4.5891061       -4.5891061       85.037154                                 85.037154
              2       37.579737       11.688433      0.02402739       1.0128845   2.0989032e-09      -3.5704158       -3.5704158       82.300305                                 82.300305
              1       39.842546       11.745802     0.024397356      0.94987776   2.0989032e-09      -2.9635021       -2.9635021       85.612096                                 85.612096
              1       39.958851       11.729154     0.023287244      0.94586211   2.0989032e-09      -2.8845456       -2.8845456       85.686793                                 85.686793
              1       39.958079       11.789297     0.037613304       1.1208677   2.0989032e-09      -3.0600909       -3.0600909        86.03634                                  86.03634
              3        40.52758        11.81749     0.038445548       1.1010373   2.0989032e-09       -2.612059        -2.612059       86.279278                                 86.279278
              2       40.613275       11.799814     0.035538015        1.122636   2.0989032e-09      -3.3263478       -3.3263478       87.879246                                 87.879246
              3       38.887208       11.825695     0.028401592      0.96925069   2.0989032e-09      -2.8174689       -2.8174689       83.409354                                 83.409354
              2       37.447313        11.70198     0.031985074       1.1241063   2.0989032e-09        -4.28648         -4.28648       83.467586                                 83.467586
              5       37.636711       11.571236     0.025886985       1.2028238   2.0989032e-09       -4.839943        -4.839943       84.953309                                 84.953309
              5       37.080186        11.65589      0.02980045       1.1350369   2.0989032e-09      -4.5899734       -4.5899734       83.340319                                 83.340319
              2       38.258085       11.526584     0.019251578       1.1041516   2.0989032e-09      -3.4878159       -3.4878159       83.491801                                 83.491801
              2       38.439769       11.488249     0.019281897       1.1437363   2.0989032e-09       -3.634783        -3.634783       84.149104                                 84.149104
              4       39.844985       11.499308     0.017046723       1.0990013   2.0989032e-09      -2.8749254       -2.8749254        85.43982                                  85.43982
              1       38.853973       11.593776      0.02169469       1.0299864   2.0989032e-09       -3.609862        -3.609862       84.927669                                 84.927669
             10       38.896137       11.568408      0.02159144       1.0506619   2.0989032e-09      -3.7363159       -3.7363159       85.264906                                 85.264906
              7       38.473625        11.50484     0.020709905       1.1146633   2.0989032e-09       -3.869245        -3.869245       84.685741                                 84.685741
              6       39.498553       11.577707      0.02940163       1.1705093   2.0989032e-09      -4.9208259       -4.9208259       88.838759                                 88.838759
              3       40.052431       11.564397     0.028818339       1.1699688   2.0989032e-09       -4.934884        -4.934884       89.974631                                 89.974631
              4       38.601785        11.55361     0.029954431       1.2657184   2.0989032e-09      -5.1464176       -5.1464176       87.496406                                 87.496406
              1       38.777113       11.516998     0.027869505       1.2686637   2.0989032e-09      -5.1434522       -5.1434522       87.841131                                 87.841131
              3       38.505348       11.556138     0.026534118        1.246287   2.0989032e-09      -4.9980831       -4.9980831       87.006862                                 87.006862
              6       38.372217        11.62779     0.029067359       1.2095049   2.0989032e-09      -4.8807876       -4.8807876        86.50601                                  86.50601
              1       38.115663       11.623044      0.02844478        1.201971   2.0989032e-09        -4.86568         -4.86568       85.962687                                 85.962687
              2       37.993802       11.629283     0.028975099       1.1992876   2.0989032e-09      -4.8524979       -4.8524979         85.6926                                   85.6926
              1       37.742052       11.565683     0.024824822       1.1945116   2.0989032e-09      -4.7216288       -4.7216288       84.927361                                 84.927361
              6       38.260635       11.582239     0.024395761       1.1842318   2.0989032e-09      -4.6149028       -4.6149028       85.751076                                 85.751076
              4       38.921766       11.597032     0.024116204       1.1760364   2.0989032e-09      -4.5251373       -4.5251373       86.893806                                 86.893806
              2       39.059096        11.61878     0.019149468      0.98193693   2.0989032e-09       -2.739969        -2.739969       83.598131                                 83.598131
              2       39.217753       11.553374     0.017472371       1.0145532   2.0989032e-09      -2.5983494       -2.5983494       83.632205                                 83.632205
             15       38.883393       11.459605      0.01919762        1.178762   2.0989032e-09      -3.6930445       -3.6930445       85.152874                                 85.152874
              5       38.332521       11.595089     0.031432397       1.2179602   2.0989032e-09      -4.9581555       -4.9581555       86.581352                                 86.581352
              3       38.095155       11.527667     0.026638042       1.2407189   2.0989032e-09      -5.0267958       -5.0267958       86.243901                                 86.243901
              9       37.475991       11.534906     0.023948858       1.1829141   2.0989032e-09       -4.622499        -4.622499        84.19698                                  84.19698
              8       38.096772        11.58934     0.030163138       1.2392731   2.0989032e-09      -5.0426571       -5.0426571       86.278858                                 86.278858
              3       38.439901       11.591132     0.030837873       1.2523521   2.0989032e-09      -5.0459873       -5.0459873       86.971776                                 86.971776
              5       37.495328       11.570685     0.027684169       1.1951338   2.0989032e-09      -4.9477114       -4.9477114       84.886078                                 84.886078
              2       37.359631       11.570015     0.027158378       1.1962208   2.0989032e-09       -4.923014        -4.923014        84.56529                                  84.56529
              6       39.235912       11.472125     0.019125869       1.1098232   2.0989032e-09      -3.4760509       -3.4760509       85.423926                                 85.423926
              1       39.761295       11.472986     0.018789632          1.0907   2.0989032e-09      -3.3205046       -3.3205046         86.1636                                   86.1636
              2       39.381269       11.485736     0.017581437        1.062734   2.0989032e-09      -2.8847546       -2.8847546       84.532048                                 84.532048
              1       39.789796       11.434377     0.016670236       1.1039294   2.0989032e-09      -2.7247895       -2.7247895       85.029172                                 85.029172
              1        38.78377       11.484327     0.020910575       1.1405291   2.0989032e-09      -3.9937884       -3.9937884       85.555116                                 85.555116
              1       39.277433       11.484265     0.021636961       1.1455965   2.0989032e-09      -4.1541447       -4.1541447       86.863155                                 86.863155
              3       38.470875       11.474684     0.019925821       1.1708886   2.0989032e-09      -3.8597669       -3.8597669       84.661283                                 84.661283
              1       37.660617       11.529152      0.02314631       1.1524395   2.0989032e-09      -4.4280471       -4.4280471       84.177328                                 84.177328
             23       37.279034       11.623277     0.022288342       1.0592157   2.0989032e-09      -3.7701834       -3.7701834       82.098435                                 82.098435
              1        37.69704       11.586644     0.021006655       1.0525445   2.0989032e-09      -3.5930031       -3.5930031       82.580086                                 82.580086
              1       38.945469       11.667388      0.02237028       0.9832512   2.0989032e-09      -3.2547626       -3.2547626       84.400462                                 84.400462
              2       40.305038       11.636026     0.017720076      0.94607962   2.0989032e-09      -2.0991716       -2.0991716       84.808419                                 84.808419
              2         39.8741       11.631067     0.018094979      0.95752279   2.0989032e-09      -2.2877762       -2.2877762       84.323752                                 84.323752
             14       38.530604       11.478616     0.019351446       1.1559554   2.0989032e-09      -3.6840647       -3.6840647       84.429338                                 84.429338
              5       38.665069       11.491817     0.018565631       1.0927873   2.0989032e-09      -3.2783253       -3.2783253       83.886788                                 83.886788
              1       38.704238       11.489694     0.018390001       1.0923437   2.0989032e-09      -3.2294951       -3.2294951       83.867466                                 83.867466
