#        weight    minuslogpost     shmr_log_Mc          shmr_N       shmr_beta             A_s   minuslogprior minuslogprior__0            chi2 chi2__jwst_likelihood_uvlf.UVLFLikelihood
              7       38.925367       11.532955     0.029068962       1.2875867   2.0989032e-09      -5.1885485       -5.1885485       88.227831                                 88.227831
              4        39.04276       11.532893     0.029338993       1.2922987   2.0989032e-09      -5.1959566       -5.1959566       88.477432                                 88.477432
             21       37.933376       11.615676     0.031535076        1.205301   2.0989032e-09      -4.8736685       -4.8736685       85.614089                                 85.614089
              5       38.105589       11.621228     0.032204362       1.2125114   2.0989032e-09      -4.8379072       -4.8379072       85.886993                                 85.886993
              8       38.779208       11.571553     0.031329006       1.2453327   2.0989032e-09      -5.0592164       -5.0592164        87.67685                                  87.67685
              2        39.50932       11.554293     0.031384699       1.2544281   2.0989032e-09      -5.0976551       -5.0976551       89.213951                                 89.213951
              4       39.353479        11.54157     0.030622771       1.2660151   2.0989032e-09      -5.1518003       -5.1518003       89.010559                                 89.010559
              1       37.735503       11.600279     0.028761142       1.2145562   2.0989032e-09        -4.96383         -4.96383       85.398666                                 85.398666
              2       37.777038       11.632086     0.030831279       1.1604698   2.0989032e-09      -4.7367268       -4.7367268       85.027529                                 85.027529
              3       37.499872       11.633419      0.03069736       1.1672875   2.0989032e-09      -4.7544457       -4.7544457       84.508636                                 84.508636
              1       37.553493       11.622235     0.030467006       1.1758964   2.0989032e-09      -4.8177171       -4.8177171        84.74242                                  84.74242
              5       37.553606       11.622239     0.030462813       1.1757372   2.0989032e-09      -4.8173726       -4.8173726       84.741957                                 84.741957
              2       37.438272       11.650776     0.031038811       1.1546177   2.0989032e-09      -4.6479169       -4.6479169       84.172378                                 84.172378
              2       37.386843       11.700094      0.02837566       1.0585872   2.0989032e-09      -4.0863067       -4.0863067       82.946299                                 82.946299
              1       40.210271       11.725168     0.027482111       1.1153652   2.0989032e-09      -4.1364767       -4.1364767       88.693496                                 88.693496
              1       39.350716       11.510272     0.028369427       1.2687025   2.0989032e-09      -5.1644931       -5.1644931       89.030418                                 89.030418
              1       39.742988       11.506921     0.028581792       1.2685443   2.0989032e-09      -5.1711771       -5.1711771       89.828331                                 89.828331
              1       39.921475       11.492951     0.026773733       1.2420833   2.0989032e-09      -5.0475511       -5.0475511       89.938053                                 89.938053
              2       40.207842       11.475579     0.023596797        1.188776   2.0989032e-09      -4.5951191       -4.5951191       89.605923                                 89.605923
              1       37.979589       11.529879     0.022296925       1.1816532   2.0989032e-09      -4.3662834       -4.3662834       84.691745                                 84.691745
              2       38.744203       11.525509     0.021182744       1.1799922   2.0989032e-09      -4.1552337       -4.1552337       85.798873                                 85.798873
              5       39.090105        11.57488     0.019138523       1.0076844   2.0989032e-09       -2.978789        -2.978789       84.137789                                 84.137789
              1       39.505239        11.57471     0.019556618       1.0062251   2.0989032e-09      -3.0741461       -3.0741461        85.15877                                  85.15877
              2       40.713157       11.579447     0.018881041      0.97816669   2.0989032e-09      -2.7489125       -2.7489125        86.92414                                  86.92414
              1       40.438271       11.516137     0.018575438       1.1490303   2.0989032e-09      -3.4690938       -3.4690938       87.814729                                 87.814729
              2        38.70068       11.604086     0.023861587       1.1600854   2.0989032e-09      -4.4300559       -4.4300559       86.261471                                 86.261471
              1       38.508411       11.571224     0.023376182       1.1801927   2.0989032e-09      -4.4857029       -4.4857029       85.988227                                 85.988227
              1       39.534866       11.576575     0.025045658       1.2237717   2.0989032e-09      -4.7881348       -4.7881348       88.646002                                 88.646002
              2       38.967855       11.524954     0.023846057       1.2419024   2.0989032e-09      -4.7358911       -4.7358911       87.407492                                 87.407492
              1       38.617301       11.526546     0.022715097       1.2109438   2.0989032e-09      -4.5064349       -4.5064349       86.247471                                 86.247471
              2       38.907315       11.714055     0.035957034       1.1558923   2.0989032e-09       -3.920903        -3.920903       85.656436                                 85.656436
              1        38.44359       11.787423     0.033957578       1.0678713   2.0989032e-09      -3.3997497       -3.3997497       83.686679                                 83.686679
              1       38.302867       11.778608     0.033843701       1.0804124   2.0989032e-09      -3.5246166       -3.5246166       83.654967                                 83.654967
              2       39.839313       11.750868     0.035774348       1.0903489   2.0989032e-09      -3.5136451       -3.5136451       86.705916                                 86.705916
              1        38.97455       11.730866     0.034500234       1.0999126   2.0989032e-09       -3.834121        -3.834121       85.617341                                 85.617341
              7       38.798113       11.741586     0.034200566       1.0890421   2.0989032e-09      -3.7627073       -3.7627073        85.12164                                  85.12164
              1       38.726594       11.743501     0.026861959      0.99014295   2.0989032e-09      -3.4413531       -3.4413531       84.335894                                 84.335894
              4       39.992042       11.877629     0.031391455      0.99528712   2.0989032e-09      -2.4886185       -2.4886185       84.961322                                 84.961322
              4       39.648949       11.856102     0.029932976      0.99828995   2.0989032e-09      -2.7349575       -2.7349575       84.767813                                 84.767813
              1       39.366188       11.849404     0.030074004       1.0018061   2.0989032e-09      -2.8112157       -2.8112157       84.354807                                 84.354807
              3       39.456339       11.863985      0.02947618      0.96492192   2.0989032e-09      -2.4822127       -2.4822127       83.877103                                 83.877103
              1        39.98211        11.88294      0.03047947      0.95508686   2.0989032e-09      -2.2418936       -2.2418936       84.448008                                 84.448008
              2       41.383609        11.92892      0.02922633      0.92354019   2.0989032e-09      -1.5881672       -1.5881672       85.943552                                 85.943552
              6       41.092367       11.921185     0.029465106      0.93248271   2.0989032e-09      -1.7281784       -1.7281784       85.641091                                 85.641091
              2       41.266471       11.854372     0.026520205      0.97672742   2.0989032e-09       -2.515678        -2.515678       87.564298                                 87.564298
              2       40.488177       11.844786     0.026186428      0.96921833   2.0989032e-09      -2.5311416       -2.5311416       86.038637                                 86.038637
              3       40.397487       11.848305      0.02547397      0.94725169   2.0989032e-09      -2.3080954       -2.3080954       85.411165                                 85.411165
              2       39.979232         11.8264     0.024566988      0.94231626   2.0989032e-09      -2.3627931       -2.3627931        84.68405                                  84.68405
              1        39.21977       11.669167     0.019684051      0.96513541   2.0989032e-09      -2.5951537       -2.5951537       83.629848                                 83.629848
              5       39.958648       11.673624     0.018937675      0.94360709   2.0989032e-09      -2.2665276       -2.2665276        84.45035                                  84.45035
              1       38.394927       11.644737     0.021333766       0.9958353   2.0989032e-09      -3.2177015       -3.2177015       83.225258                                 83.225258
              4       38.330453       11.660693     0.023346354       1.0823648   2.0989032e-09      -3.9053353       -3.9053353       84.471577                                 84.471577
              8       38.383708       11.555061     0.029578901       1.2507453   2.0989032e-09       -5.124713        -5.124713       87.016842                                 87.016842
              9       39.420049       11.544082     0.017215807       1.0386947   2.0989032e-09      -2.6501232       -2.6501232       84.140345                                 84.140345
              1        38.83789       11.537716     0.017861549       1.0519647   2.0989032e-09      -2.9023109       -2.9023109       83.480402                                 83.480402
             12       38.204756       11.680862     0.022308521      0.98868325   2.0989032e-09      -3.2145993       -3.2145993       82.838711                                 82.838711
             10       38.202284       11.556278     0.023603065       1.1083973   2.0989032e-09      -4.3244023       -4.3244023       85.053372                                 85.053372
              5       37.308745       11.613115     0.028089659       1.1852423   2.0989032e-09      -4.8442468       -4.8442468       84.305984                                 84.305984
              2       37.312053       11.612471     0.028098676       1.1859097   2.0989032e-09       -4.848028        -4.848028       84.320162                                 84.320162
              6       37.417734       11.585488     0.028461997       1.1992837   2.0989032e-09      -4.9581444       -4.9581444       84.751757                                 84.751757
              8       37.219315       11.570876     0.022335397       1.1033504   2.0989032e-09      -4.0810237       -4.0810237       82.600677                                 82.600677
              4       37.237136       11.571729     0.022316707       1.1000605   2.0989032e-09      -4.0641566       -4.0641566       82.602586                                 82.602586
              2       39.613613       11.678392     0.031431028       1.2036242   2.0989032e-09      -4.6439176       -4.6439176       88.515062                                 88.515062
              4       38.730685       11.565213     0.031013983       1.2573802   2.0989032e-09      -5.0986068       -5.0986068       87.658583                                 87.658583
              7       38.332896       11.584889     0.031138097       1.2341359   2.0989032e-09      -5.0218033       -5.0218033       86.709398                                 86.709398
              2        38.29079       11.606324     0.031910924       1.2343409   2.0989032e-09      -4.9375477       -4.9375477       86.456675                                 86.456675
              7       38.764656       11.563336     0.030989618       1.2618886   2.0989032e-09      -5.1084014       -5.1084014       87.746115                                 87.746115
              8       38.808457       11.492283     0.025726147       1.2706292   2.0989032e-09      -5.0014274       -5.0014274       87.619768                                 87.619768
              1       38.504047       11.477219     0.021705269       1.2164471   2.0989032e-09      -4.3408371       -4.3408371       85.689768                                 85.689768
              6       37.616391       11.527434     0.022900365       1.1792385   2.0989032e-09      -4.4634045       -4.4634045       84.159592                                 84.159592
              3       37.267362       11.605708     0.023157563       1.0706165   2.0989032e-09      -4.0120896       -4.0120896       82.558902                                 82.558902
             10       37.291528       11.573445     0.022606024       1.0964315   2.0989032e-09      -4.0970969       -4.0970969        82.77725                                  82.77725
              6       38.132068       11.600502      0.01992681       1.0415844   2.0989032e-09      -3.2754825       -3.2754825       82.815101                                 82.815101
              7       37.342836        11.63947     0.029638316       1.1386059   2.0989032e-09      -4.6619252       -4.6619252       84.009522                                 84.009522
              2       37.300533       11.607056     0.025658769       1.1596386   2.0989032e-09      -4.6310864       -4.6310864       83.863239                                 83.863239
              5       38.233282       11.792873     0.031634346       1.0585512   2.0989032e-09      -3.4909111       -3.4909111       83.448385                                 83.448385
              3       38.246973       11.805348     0.031904568       1.0376955   2.0989032e-09      -3.2912595       -3.2912595       83.076465                                 83.076465
              1       38.455265       11.777409     0.033477267       1.0939003   2.0989032e-09      -3.6197397       -3.6197397        84.15001                                  84.15001
              6       38.719466       11.741612     0.027843495       1.0829632   2.0989032e-09       -3.937724        -3.937724        85.31438                                  85.31438
             14        39.97721       11.786203     0.032860155       1.1101352   2.0989032e-09      -3.6680049       -3.6680049        87.29043                                  87.29043
             12       38.442829       11.767672     0.032113775       1.0443101   2.0989032e-09      -3.5799256       -3.5799256       84.045508                                 84.045508
              5       38.613035       11.763286     0.032452313       1.0490041   2.0989032e-09      -3.6094007       -3.6094007       84.444872                                 84.444872
             10       38.660118       11.740267       0.0325129       1.0655531   2.0989032e-09       -3.821962        -3.821962        84.96416                                  84.96416
              4       39.363093       11.836713     0.028044179      0.95331472   2.0989032e-09      -2.6221058       -2.6221058       83.970397                                 83.970397
              7       40.443982       11.868722     0.027423583      0.92318599   2.0989032e-09      -2.1274636       -2.1274636       85.142892                                 85.142892
              1       39.229275       11.713829     0.026570896       1.1007333   2.0989032e-09      -4.0886676       -4.0886676       86.635885                                 86.635885
              4       38.080661       11.578977     0.029504437       1.2008253   2.0989032e-09      -4.9926353       -4.9926353       86.146592                                 86.146592
              1       38.223827       11.567958     0.029560811        1.218825   2.0989032e-09      -5.0504211       -5.0504211       86.548496                                 86.548496
              1       38.239743       11.565432     0.029422124       1.2191052   2.0989032e-09      -5.0544923       -5.0544923        86.58847                                  86.58847
              7       36.992739       11.656449     0.027293974       1.1272372   2.0989032e-09      -4.4941528       -4.4941528       82.973783                                 82.973783
             11       37.116986       11.651517     0.024289609       1.0509706   2.0989032e-09      -3.9408815       -3.9408815       82.115735                                 82.115735
              1       37.453944       11.644827     0.024698782       1.0511539   2.0989032e-09      -4.0168901       -4.0168901       82.941668                                 82.941668
              4       37.096025       11.681166     0.024969204       1.0604874   2.0989032e-09      -3.9405772       -3.9405772       82.073204                                 82.073204
              7       36.773829       11.662296     0.027674978       1.1014169   2.0989032e-09      -4.4008163       -4.4008163       82.349292                                 82.349292
              4       40.203764       11.870442     0.026962806      0.93815341   2.0989032e-09      -2.1770768       -2.1770768       84.761682                                 84.761682
              2       42.436812       11.809158      0.02385303      0.99001339   2.0989032e-09      -2.6778272       -2.6778272       90.229278                                 90.229278
              5       42.421473       11.806732     0.023992287      0.99514304   2.0989032e-09      -2.7426647       -2.7426647       90.328275                                 90.328275
             15       38.166668       11.712088     0.023289375       1.0162423   2.0989032e-09       -3.363119        -3.363119       83.059573                                 83.059573
              1       37.947071       11.731438     0.024442619       1.0137852   2.0989032e-09      -3.4029056       -3.4029056       82.699952                                 82.699952
              8       40.045894       11.810567     0.023647164      0.92311007   2.0989032e-09      -2.2485394       -2.2485394       84.588866                                 84.588866
              2        40.54946       11.734385     0.020007631      0.91703011   2.0989032e-09       -2.050643        -2.050643       85.200206                                 85.200206
              2       40.564266       11.734216     0.019993462      0.91661234   2.0989032e-09      -2.0457047       -2.0457047       85.219942                                 85.219942
              6       37.430864       11.693143     0.028921822       1.0708204   2.0989032e-09      -4.1856894       -4.1856894       83.233106                                 83.233106
              9       36.863689       11.651487     0.028184854       1.1155426   2.0989032e-09      -4.5150425       -4.5150425       82.757463                                 82.757463
              3       38.954156       11.841921     0.030889716       1.0081574   2.0989032e-09      -2.8932005       -2.8932005       83.694714                                 83.694714
              2       37.680796       11.716989      0.02906558       1.1060592   2.0989032e-09      -4.2021933       -4.2021933       83.765979                                 83.765979
              6       37.645732       11.602992     0.026859089       1.1901505   2.0989032e-09      -4.8185526       -4.8185526       84.928568                                 84.928568
              1       38.045233       11.586095     0.026304006       1.2071234   2.0989032e-09      -4.8555238       -4.8555238       85.801513                                 85.801513
              1       39.184176       11.642203     0.028003662       1.1960949   2.0989032e-09      -4.7736248       -4.7736248       87.915602                                 87.915602
              1       39.444465       11.651333     0.026362433       1.1663451   2.0989032e-09      -4.5680767       -4.5680767       88.025084                                 88.025084
             22       37.602484       11.588251     0.023406725       1.1436148   2.0989032e-09      -4.3545439       -4.3545439       83.914055                                 83.914055
              2       37.224968       11.587428     0.022771466        1.115551   2.0989032e-09      -4.1654463       -4.1654463       82.780829                                 82.780829
              2       37.133353       11.663021     0.025898805       1.1032704   2.0989032e-09      -4.2821934       -4.2821934       82.831093                                 82.831093
              9       38.580095       11.800704     0.027656883       1.0094021   2.0989032e-09      -3.1979265       -3.1979265       83.556043                                 83.556043
              2       38.531462       11.788605     0.026243944      0.99663311   2.0989032e-09       -3.129558        -3.129558        83.32204                                  83.32204
              6       38.601319       11.481224     0.022760194       1.1971562   2.0989032e-09      -4.4885004       -4.4885004       86.179638                                 86.179638
              3       37.545849       11.760895     0.028422925       1.0397006   2.0989032e-09      -3.6533458       -3.6533458        82.39839                                  82.39839
              4       37.518997       11.755436     0.028738301       1.0516692   2.0989032e-09      -3.7508151       -3.7508151       82.539623                                 82.539623
             11       37.488636       11.635526     0.029596566       1.1379742   2.0989032e-09      -4.6734246       -4.6734246       84.324121                                 84.324121
              5       37.620765       11.578702     0.023984089        1.100711   2.0989032e-09      -4.3119255       -4.3119255       83.865382                                 83.865382
              5       37.326159       11.584398     0.023774463       1.0986527   2.0989032e-09      -4.2638111       -4.2638111       83.179941                                 83.179941
             11       37.701583       11.640117     0.022936664       1.0287151   2.0989032e-09      -3.6854155       -3.6854155       82.773996                                 82.773996
             29        37.01734       11.650148      0.02467849       1.0595823   2.0989032e-09       -4.031599        -4.031599       82.097879                                 82.097879
              8       37.760383       11.575883     0.023920259       1.1700074   2.0989032e-09      -4.5287164       -4.5287164       84.578199                                 84.578199
              4       37.854671       11.539525     0.022223123       1.1683224   2.0989032e-09      -4.3104061       -4.3104061       84.330155                                 84.330155
              1       37.993673       11.541346     0.022768926       1.1832649   2.0989032e-09      -4.4401361       -4.4401361       84.867619                                 84.867619
             14       37.464476       11.580053     0.024432132        1.167462   2.0989032e-09      -4.5806846       -4.5806846       84.090322                                 84.090322
              4        37.60478        11.57927     0.023985665       1.1640093   2.0989032e-09      -4.5148076       -4.5148076       84.239175                                 84.239175
              5       37.627193       11.583238     0.023994596       1.1611744   2.0989032e-09       -4.500094        -4.500094       84.254575                                 84.254575
              2       38.075689       11.544615     0.023907366       1.2051365   2.0989032e-09      -4.6584542       -4.6584542       85.468287                                 85.468287
              2       38.084753       11.544775     0.023895861       1.2050448   2.0989032e-09      -4.6564999       -4.6564999       85.482506                                 85.482506
              2       37.228013       11.664289     0.023642532       1.0522823   2.0989032e-09      -3.8084381       -3.8084381       82.072903                                 82.072903
              5       37.804079       11.538567     0.025272932       1.1772227   2.0989032e-09       -4.764318        -4.764318       85.136794                                 85.136794
              3       37.407317       11.539224     0.022646829       1.1418098   2.0989032e-09      -4.3071072       -4.3071072       83.428849                                 83.428849
              2       38.959669       11.511133     0.021371891       1.2029128   2.0989032e-09      -4.2532828       -4.2532828       86.425904                                 86.425904
              2       38.745638       11.574683     0.022712958       1.1671917   2.0989032e-09      -4.3410116       -4.3410116       86.173299                                 86.173299
              1       39.684274        11.84761     0.033554813        1.043274   2.0989032e-09       -2.853523        -2.853523       85.075595                                 85.075595
              5       39.658659       11.842913     0.033774022       1.0496207   2.0989032e-09       -2.901994        -2.901994       85.121307                                 85.121307
              2        39.26436       11.811573     0.032198354       1.0072967   2.0989032e-09      -3.0796332       -3.0796332       84.687985                                 84.687985
              2       39.264484       11.808886     0.031574782       1.0010949   2.0989032e-09       -3.101013        -3.101013       84.730994                                 84.730994
              7       38.474925       11.725291     0.029558924       1.0381175   2.0989032e-09      -3.8815058       -3.8815058       84.712861                                 84.712861
              5       37.638381       11.638263     0.030909979       1.1588569   2.0989032e-09      -4.7091291       -4.7091291        84.69502                                  84.69502
              5       38.457112       11.758077     0.034417027       1.1157337   2.0989032e-09      -3.7338646       -3.7338646       84.381953                                 84.381953
              4        40.74907       11.691509     0.034413208       1.2287631   2.0989032e-09      -4.4055959       -4.4055959       90.309331                                 90.309331
              1       40.200143       11.780055     0.034970675       1.1339404   2.0989032e-09      -3.5812239       -3.5812239       87.562734                                 87.562734
              9       39.520394       11.845616     0.034747983       1.0255103   2.0989032e-09      -2.6621527       -2.6621527       84.365093                                 84.365093
              1       37.217019       11.699221     0.028025943       1.0997469   2.0989032e-09      -4.2431565       -4.2431565        82.92035                                  82.92035
              1       37.315441       11.596002     0.025181601       1.1084094   2.0989032e-09      -4.4471333       -4.4471333       83.525148                                 83.525148
              2       38.052346       11.621143     0.022038555       1.0253303   2.0989032e-09      -3.5778924       -3.5778924       83.260477                                 83.260477
              5       38.888194       11.587001     0.021079346       1.0263438   2.0989032e-09      -3.4867563       -3.4867563         84.7499                                   84.7499
              2       38.556491       11.520602     0.024173564       1.1607916   2.0989032e-09      -4.6041144       -4.6041144       86.321212                                 86.321212
              3       36.935226       11.629291     0.027357522        1.149931   2.0989032e-09      -4.6656961       -4.6656961       83.201845                                 83.201845
              9        37.54149       11.636102     0.024773539       1.0575743   2.0989032e-09      -4.0843909       -4.0843909       83.251762                                 83.251762
             11        37.45841       11.640325     0.025037291       1.0592203   2.0989032e-09      -4.1068322       -4.1068322       83.130485                                 83.130485
              6       37.326001       11.646459     0.025537325       1.0636146   2.0989032e-09      -4.1558244       -4.1558244       82.963652                                 82.963652
              4        37.02036       11.647659     0.025850564        1.074996   2.0989032e-09      -4.2283723       -4.2283723       82.497464                                 82.497464
              5       36.978056       11.646857     0.029280618       1.1437531   2.0989032e-09      -4.6493504       -4.6493504       83.254813                                 83.254813
              6       37.324743       11.663177     0.029553429       1.1107669   2.0989032e-09      -4.4792433       -4.4792433       83.607972                                 83.607972
              4       37.292379       11.613031     0.027966351       1.1391639   2.0989032e-09      -4.7115941       -4.7115941       84.007946                                 84.007946
             23       37.302654       11.612997      0.02800428       1.1396566   2.0989032e-09      -4.7147656       -4.7147656       84.034838                                 84.034838
              1       37.238842       11.614292     0.028126471       1.1426666   2.0989032e-09      -4.7251124       -4.7251124       83.927908                                 83.927908
             13       37.286162       11.625615     0.028861772       1.1416185   2.0989032e-09      -4.7089194       -4.7089194       83.990162                                 83.990162
             12        37.25299       11.628091     0.028913264       1.1406859   2.0989032e-09       -4.699177        -4.699177       83.904334                                 83.904334
              5       37.177458       11.585207     0.024275054       1.1106033   2.0989032e-09      -4.3727161       -4.3727161       83.100349                                 83.100349
              3       37.943882       11.551548     0.023617904       1.1196673   2.0989032e-09      -4.3722548       -4.3722548       84.632274                                 84.632274
              2       37.430127       11.663439       0.0294693       1.1061951   2.0989032e-09      -4.4614626       -4.4614626       83.783178                                 83.783178
              4       36.989717       11.693867     0.029640496       1.0992412   2.0989032e-09      -4.3007147       -4.3007147       82.580863                                 82.580863
              3       37.120597       11.640769      0.02320517       1.0572799   2.0989032e-09      -3.8549793       -3.8549793       81.951152                                 81.951152
              2       37.233372       11.624756     0.022690152       1.0539914   2.0989032e-09      -3.8115003       -3.8115003       82.089745                                 82.089745
              1       37.233769       11.685158     0.029587493       1.0933857   2.0989032e-09      -4.3198946       -4.3198946       83.107328                                 83.107328
              1        37.06117       11.650458     0.029437207       1.1333472   2.0989032e-09       -4.604682        -4.604682       83.331704                                 83.331704
              5        37.91733       11.545571     0.027033448        1.236997   2.0989032e-09      -5.0310915       -5.0310915       85.896843                                 85.896843
              3       37.878338       11.549901     0.026968357         1.23439   2.0989032e-09      -5.0173578       -5.0173578       85.791393                                 85.791393
              2       38.653614       11.476452     0.021551386       1.1734038   2.0989032e-09      -4.2122528       -4.2122528       85.731733                                 85.731733
              7       39.123817       11.590428      0.01857874       1.0366461   2.0989032e-09      -2.9434752       -2.9434752       84.134584                                 84.134584
              2        39.19677       11.589841      0.01851326       1.0369218   2.0989032e-09      -2.9287882       -2.9287882       84.251117                                 84.251117
              2       37.442665        11.53532     0.023102876       1.1672804   2.0989032e-09      -4.4580603       -4.4580603       83.801451                                 83.801451
              3       37.710432       11.517213     0.022459159       1.1774169   2.0989032e-09      -4.3911717       -4.3911717       84.203207                                 84.203207
              8       38.158906       11.535784     0.021200571         1.15576   2.0989032e-09      -4.0856663       -4.0856663       84.489145                                 84.489145
              1       37.865813       11.522832     0.021379461       1.1598259   2.0989032e-09       -4.142325        -4.142325       84.016277                                 84.016277
              4        39.12094       11.537172     0.017748048       1.0246699   2.0989032e-09      -2.7450171       -2.7450171       83.731914                                 83.731914
              3       41.090516       11.563327     0.017276962      0.96275011   2.0989032e-09      -2.2499183       -2.2499183       86.680868                                 86.680868
              1       40.341016       11.584862     0.018524794      0.97369539   2.0989032e-09      -2.6203226       -2.6203226       85.922677                                 85.922677
              1       39.452468       11.487765     0.017556191       1.0582099   2.0989032e-09      -2.8588015       -2.8588015       84.622539                                 84.622539
              1       38.857482       11.688436     0.025122302       1.0032724   2.0989032e-09      -3.6546029       -3.6546029       85.024171                                 85.024171
              6       36.933056       11.666442     0.024813445       1.0607828   2.0989032e-09      -3.9880884       -3.9880884       81.842289                                 81.842289
              3       40.766704       11.670201     0.023248496       1.1058663   2.0989032e-09      -3.9401411       -3.9401411       89.413691                                 89.413691
              1        40.96772       11.711389     0.026406321       1.1221374   2.0989032e-09      -4.1646664       -4.1646664       90.264774                                 90.264774
              2       39.012296       11.591443     0.030913023       1.1896731   2.0989032e-09      -4.9235899       -4.9235899       87.871773                                 87.871773
              1        38.86703       11.672982     0.034962143       1.1740356   2.0989032e-09      -4.3048988       -4.3048988       86.343857                                 86.343857
              2       39.308395       11.768144      0.03011926       1.0065417   2.0989032e-09      -3.4622919       -3.4622919       85.541374                                 85.541374
              4       37.887085       11.688497     0.033089207       1.1631425   2.0989032e-09      -4.3973208       -4.3973208       84.568811                                 84.568811
              6       37.829747       11.706741     0.032683823       1.1465258   2.0989032e-09      -4.2897853       -4.2897853       84.239064                                 84.239064
              6       39.889378       11.695518     0.033844415       1.1084633   2.0989032e-09      -4.1230307       -4.1230307       88.024817                                 88.024817
              1       39.579507       11.724539     0.034470208       1.0954645   2.0989032e-09      -3.8569358       -3.8569358       86.872886                                 86.872886
              5       39.533517       11.722585     0.034270484       1.0946494   2.0989032e-09      -3.8868605       -3.8868605       86.840754                                 86.840754
              1       39.129219       11.622006     0.020766339      0.99206347   2.0989032e-09      -3.1574576       -3.1574576       84.573353                                 84.573353
             24       37.125787       11.604752      0.02762216         1.15011   2.0989032e-09      -4.7518593       -4.7518593       83.755292                                 83.755292
              4       37.247947       11.641262     0.030134393       1.1536437   2.0989032e-09      -4.6988016       -4.6988016       83.893498                                 83.893498
              1       37.154472        11.66751     0.029618284       1.1134765   2.0989032e-09      -4.4710418       -4.4710418       83.251028                                 83.251028
              3       37.853955       11.744301     0.032708905       1.1077627   2.0989032e-09      -3.9484567       -3.9484567       83.604824                                 83.604824
              6       37.576571       11.661505     0.026606152       1.0608001   2.0989032e-09      -4.1777101       -4.1777101       83.508562                                 83.508562
              4        37.77776       11.652781     0.024603862       1.0375151   2.0989032e-09      -3.9142889       -3.9142889       83.384098                                 83.384098
              7       37.168481       11.685133     0.026244331        1.047243   2.0989032e-09      -3.9879303       -3.9879303       82.312823                                 82.312823
              3       37.263633       11.634324     0.024849031       1.0662742   2.0989032e-09       -4.136212        -4.136212        82.79969                                  82.79969
              1       37.340579       11.672993      0.02571527       1.0448159   2.0989032e-09      -3.9847758       -3.9847758       82.650711                                 82.650711
              1        38.48474       11.650013     0.020429084      0.98899662   2.0989032e-09      -2.9732599       -2.9732599       82.915999                                 82.915999
              4       37.675548        11.61888     0.023458902       1.0520966   2.0989032e-09      -3.9416217       -3.9416217        83.23434                                  83.23434
              1       38.011325       11.597345     0.020472882       1.0649385   2.0989032e-09      -3.5085925       -3.5085925       83.039835                                 83.039835
              2       38.458517       11.601467       0.0196734       1.0458286   2.0989032e-09      -3.2328981       -3.2328981       83.382831                                 83.382831
              8       38.334457       11.553871     0.019615981       1.0946568   2.0989032e-09      -3.5137221       -3.5137221       83.696358                                 83.696358
              1        38.12453       11.537721     0.020001809       1.1166914   2.0989032e-09      -3.7021768       -3.7021768       83.653414                                 83.653414
              1       37.571816       11.723105     0.032375501       1.1108069   2.0989032e-09      -4.1055591       -4.1055591       83.354751                                 83.354751
              7       37.668636       11.709993     0.031813329       1.0991965   2.0989032e-09      -4.1663271       -4.1663271       83.669926                                 83.669926
              1       38.957507        11.51583     0.021126961       1.0981887   2.0989032e-09      -3.8937286       -3.8937286        85.70247                                  85.70247
              6       39.226311       11.551182     0.020415531       1.0435843   2.0989032e-09      -3.4883126       -3.4883126       85.429247                                 85.429247
              3       39.318334       11.544129     0.017937023       1.0712346   2.0989032e-09      -2.9990406       -2.9990406        84.63475                                  84.63475
              5        37.78956       11.629078     0.023347204       1.1053052   2.0989032e-09      -4.1069079       -4.1069079       83.792935                                 83.792935
              3       37.882557       11.617218      0.02204629       1.0881615   2.0989032e-09      -3.8635554       -3.8635554       83.492224                                 83.492224
              3       37.819701       11.538599     0.022096858       1.1648297   2.0989032e-09      -4.2793003       -4.2793003       84.198003                                 84.198003
              1       36.911646       11.603693     0.026833058        1.149838   2.0989032e-09      -4.7076371       -4.7076371       83.238567                                 83.238567
              3       37.610591       11.749807     0.026333818          1.0095   2.0989032e-09      -3.4639602       -3.4639602       82.149102                                 82.149102
              1       39.877766       11.777777     0.029738761       1.0862169   2.0989032e-09      -3.7564725       -3.7564725       87.268477                                 87.268477
              6        38.79319       11.657778     0.027519949       1.1675509   2.0989032e-09      -4.6220198       -4.6220198       86.830419                                 86.830419
              2       38.895967        11.69505     0.029508596       1.1561553   2.0989032e-09      -4.4817308       -4.4817308       86.755395                                 86.755395
              3       38.692163       11.613521     0.033109571       1.2218455   2.0989032e-09      -4.8155082       -4.8155082       87.015343                                 87.015343
              1       39.416953       11.600308     0.034008889       1.2479883   2.0989032e-09      -4.8131845       -4.8131845       88.460275                                 88.460275
              2       39.608008        11.57001     0.032491319       1.2517818   2.0989032e-09      -5.0108232       -5.0108232       89.237663                                 89.237663
              1       38.257511       11.551794     0.028754174       1.2552201   2.0989032e-09      -5.1250856       -5.1250856       86.765194                                 86.765194
              1       37.928841       11.507522     0.023682671       1.2020346   2.0989032e-09      -4.6445058       -4.6445058       85.146694                                 85.146694
              6        37.05231       11.604935     0.023938467       1.1201449   2.0989032e-09      -4.3143852       -4.3143852        82.73339                                  82.73339
              3       37.044806       11.624629     0.023911588       1.0992137   2.0989032e-09      -4.1797874       -4.1797874       82.449187                                 82.449187
              3        37.06085       11.623878     0.023906212       1.1006921   2.0989032e-09      -4.1868505       -4.1868505         82.4954                                   82.4954
              1       37.540179       11.544517     0.024550381       1.1965583   2.0989032e-09      -4.7229034       -4.7229034       84.526164                                 84.526164
              4       37.926302        11.61294     0.031386139       1.2047359   2.0989032e-09      -4.8864822       -4.8864822       85.625569                                 85.625569
              2       41.191003       11.796588     0.038796248       1.1422108   2.0989032e-09       -2.837548        -2.837548       88.057103                                 88.057103
              5       37.292391       11.741377      0.03017865       1.0703122   2.0989032e-09      -3.9260628       -3.9260628       82.436907                                 82.436907
              1       38.303116       11.791685     0.031528209       1.0617144   2.0989032e-09      -3.5178829       -3.5178829       83.641997                                 83.641997
              5       38.315125       11.812077     0.029247829       0.9980549   2.0989032e-09      -3.0996643       -3.0996643       82.829579                                 82.829579
              1       38.165782       11.805202     0.030029181        1.011302   2.0989032e-09      -3.2215216       -3.2215216       82.774606                                 82.774606
              2       38.346336       11.718055     0.024089197       0.9812405   2.0989032e-09      -3.2629456       -3.2629456       83.218563                                 83.218563
              2       39.145195        11.66723     0.026366303       1.0326629   2.0989032e-09      -4.0097122       -4.0097122       86.309815                                 86.309815
              1       38.203256       11.730011     0.031785177       1.0700415   2.0989032e-09      -3.9431692       -3.9431692       84.292851                                 84.292851
              1       38.323408       11.726548     0.031620618       1.0681555   2.0989032e-09      -3.9628974       -3.9628974       84.572611                                 84.572611
              8        39.04916       11.716645     0.035724832       1.1366824   2.0989032e-09      -3.8828205       -3.8828205       85.863961                                 85.863961
              5       39.467826        11.71777     0.035948555       1.1297526   2.0989032e-09      -3.8219913       -3.8219913       86.579634                                 86.579634
              1       39.755595       11.554061     0.019459371       1.0185005   2.0989032e-09      -3.1452358       -3.1452358       85.801662                                 85.801662
              1        37.42358       11.625013      0.02854906        1.131801   2.0989032e-09      -4.6724673       -4.6724673       84.192094                                 84.192094
              6       38.090182       11.788187     0.029703251       1.0106867   2.0989032e-09      -3.3459215       -3.3459215       82.872208                                 82.872208
              1       37.333522       11.703683     0.030078751       1.0832131   2.0989032e-09      -4.1889217       -4.1889217       83.044887                                 83.044887
              3       38.731607       11.682382      0.03200351       1.1897089   2.0989032e-09      -4.5670252       -4.5670252       86.597264                                 86.597264
              1       39.139511       11.488276     0.026373232        1.277523   2.0989032e-09       -5.064103        -5.064103       88.407228                                 88.407228
              5       39.501628        11.68196     0.034588465       1.2177943   2.0989032e-09       -4.409696        -4.409696       87.822649                                 87.822649
              1        42.13146       11.797121     0.037589486       1.1549872   2.0989032e-09      -3.1142386       -3.1142386       90.491397                                 90.491397
              4       39.768339       11.736343     0.036108608       1.1744502   2.0989032e-09      -3.8234442       -3.8234442       87.183566                                 87.183566
             12       38.111875       11.721059     0.032303313        1.140236   2.0989032e-09      -4.2191533       -4.2191533       84.662057                                 84.662057
              2       37.057818       11.645725     0.027530321       1.1010703   2.0989032e-09      -4.4561622       -4.4561622        83.02796                                  83.02796
              1       37.072362       11.655368     0.027609934        1.092486   2.0989032e-09      -4.3917262       -4.3917262       82.928176                                 82.928176
              5       37.407802       11.615254     0.024022298       1.0686757   2.0989032e-09      -4.1027308       -4.1027308       83.021066                                 83.021066
              1       36.777401       11.628265     0.026777458         1.12098   2.0989032e-09      -4.5409745       -4.5409745       82.636751                                 82.636751
              3       38.342525       11.750746     0.034155527       1.0938761   2.0989032e-09      -3.7295965       -3.7295965       84.144243                                 84.144243
              1       37.540386       11.558199     0.027062762       1.2055009   2.0989032e-09      -4.9565645       -4.9565645       84.993902                                 84.993902
              3       37.527375       11.559461     0.027109154        1.205646   2.0989032e-09      -4.9578881       -4.9578881       84.970527                                 84.970527
              2       38.594869        11.48762     0.024503285       1.2383268   2.0989032e-09      -4.8218971       -4.8218971       86.833533                                 86.833533
              3       38.253994       11.580347     0.023993391       1.1783692   2.0989032e-09      -4.5516865       -4.5516865        85.61136                                  85.61136
             12        37.21983       11.556783      0.02452592       1.1581734   2.0989032e-09      -4.6063569       -4.6063569       83.652374                                 83.652374
              7       36.969261       11.707805     0.028006621       1.0775288   2.0989032e-09      -4.1128124       -4.1128124       82.164148                                 82.164148
              2       37.771726       11.771666     0.029464366         1.02314   2.0989032e-09      -3.5222459       -3.5222459       82.587943                                 82.587943
              3       38.436748       11.751798     0.024093135      0.96965291   2.0989032e-09       -3.001084        -3.001084       82.875663                                 82.875663
              1       36.948031       11.632025     0.024569239       1.0755559   2.0989032e-09      -4.1491329       -4.1491329       82.194328                                 82.194328
              4       36.770175       11.666895     0.027752179       1.0998864   2.0989032e-09      -4.3798778       -4.3798778       82.300106                                 82.300106
              5       38.050066       11.614765     0.027443786       1.1963097   2.0989032e-09      -4.8360608       -4.8360608       85.772254                                 85.772254
              3       39.274126       11.711395     0.026470387        1.102321   2.0989032e-09      -4.0998822       -4.0998822       86.748017                                 86.748017
              1       38.898158       11.594473     0.021617682       1.1234749   2.0989032e-09      -3.9714825       -3.9714825       85.739281                                 85.739281
              4       38.802314       11.596128     0.021704911       1.1221384   2.0989032e-09      -3.9796445       -3.9796445       85.563916                                 85.563916
              2       38.525287       11.552627     0.021198125       1.1490219   2.0989032e-09      -4.0468638       -4.0468638       85.144302                                 85.144302
              1       38.770733       11.481558     0.023383861       1.2063266   2.0989032e-09      -4.6066062       -4.6066062       86.754678                                 86.754678
              2       37.579859       11.596987     0.028843077       1.1718108   2.0989032e-09      -4.8745308       -4.8745308       84.908781                                 84.908781
             12       37.231341       11.697499      0.03086533       1.1087828   2.0989032e-09      -4.3016356       -4.3016356       83.065954                                 83.065954
             25       38.260302       11.647555     0.025591952        1.047995   2.0989032e-09      -4.0891677       -4.0891677        84.69894                                  84.69894
              2       40.181387       11.801859     0.030042115      0.97717889   2.0989032e-09       -3.067206        -3.067206       86.497186                                 86.497186
             14       40.402728       11.692538     0.024875412      0.98299515   2.0989032e-09      -3.5005538       -3.5005538       87.806564                                 87.806564
              2       37.254418       11.632768      0.02317018       1.0494456   2.0989032e-09      -3.8425663       -3.8425663       82.193968                                 82.193968
              4       37.233846       11.635514     0.023373344       1.0498202   2.0989032e-09      -3.8659318       -3.8659318       82.199555                                 82.199555
              3       37.339858        11.71639     0.030799227       1.0864412   2.0989032e-09       -4.122261        -4.122261       82.924239                                 82.924239
              3       41.107113       11.455556     0.015353157       1.1032582   2.0989032e-09      -2.3247704       -2.3247704       86.863766                                 86.863766
              1       39.847939       11.424529     0.017848803        1.195978   2.0989032e-09      -3.3268455       -3.3268455       86.349569                                 86.349569
              1        38.98589       11.691353     0.033344802        1.193932   2.0989032e-09      -4.4405777       -4.4405777       86.852936                                 86.852936
              7       38.105256       11.747593     0.031268455       1.1050324   2.0989032e-09      -3.9964047       -3.9964047       84.203322                                 84.203322
              2       38.263808       11.785807     0.033378398       1.0719958   2.0989032e-09      -3.4828061       -3.4828061       83.493228                                 83.493228
              2       37.966804        11.76682     0.032839887       1.0837126   2.0989032e-09      -3.7045921       -3.7045921       83.342791                                 83.342791
              2       38.916229       11.788362     0.035132206       1.0965247   2.0989032e-09      -3.3718027       -3.3718027       84.576064                                 84.576064
              1       38.562462       11.764672     0.034779115       1.1106249   2.0989032e-09      -3.6308941       -3.6308941       84.386712                                 84.386712
              4        38.43567         11.6705      0.02609337       1.1268128   2.0989032e-09      -4.3498958       -4.3498958       85.571131                                 85.571131
              3       37.123987       11.719848     0.029930175       1.0888838   2.0989032e-09      -4.1265529       -4.1265529        82.50108                                  82.50108
              3        37.00895       11.654107     0.029519092       1.1355423   2.0989032e-09      -4.5982223       -4.5982223       83.214344                                 83.214344
              3       36.776524       11.646696     0.027598137        1.115434   2.0989032e-09      -4.5074078       -4.5074078       82.567864                                 82.567864
              1       37.855511       11.662677     0.031533589       1.1353969   2.0989032e-09      -4.5244241       -4.5244241        84.75987                                  84.75987
              1       37.877159       11.658146     0.031301299        1.135258   2.0989032e-09      -4.5515981       -4.5515981       84.857514                                 84.857514
              3       36.857878       11.611118     0.024336811       1.1097009   2.0989032e-09      -4.3138109       -4.3138109       82.343377                                 82.343377
             11       36.898679       11.617731     0.025326601       1.1290114   2.0989032e-09      -4.4748296       -4.4748296       82.747016                                 82.747016
              8        36.82058       11.636305     0.025118397       1.1023077   2.0989032e-09      -4.3012135       -4.3012135       82.243586                                 82.243586
              7       37.837127       11.777473     0.030144684       1.0514518   2.0989032e-09      -3.6116644       -3.6116644       82.897582                                 82.897582
              2       38.615427       11.667585     0.027170911       1.1496155   2.0989032e-09      -4.5118994       -4.5118994       86.254652                                 86.254652
              4       38.423331       11.591732     0.025191457       1.1921629   2.0989032e-09      -4.7056451       -4.7056451       86.257952                                 86.257952
              1       38.664875       11.633526     0.026362002       1.1732846   2.0989032e-09      -4.6499435       -4.6499435       86.629637                                 86.629637
              6       38.644105       11.549976     0.024244192       1.1205132   2.0989032e-09       -4.462643        -4.462643       86.213496                                 86.213496
             17       38.184113       11.575594     0.025393975       1.1179643   2.0989032e-09      -4.5465596       -4.5465596       85.461345                                 85.461345
              1       37.504866       11.647478     0.031052773       1.1558909   2.0989032e-09      -4.6634358       -4.6634358       84.336605                                 84.336605
              5       36.776909       11.657695      0.02581944       1.0797859   2.0989032e-09      -4.2065374       -4.2065374       81.966893                                 81.966893
             11       37.031161         11.5791     0.025246193       1.1452444   2.0989032e-09      -4.6125928       -4.6125928       83.287508                                 83.287508
              1       36.926958       11.623435     0.025939458       1.1357431   2.0989032e-09      -4.5382989       -4.5382989       82.930513                                 82.930513
              5       37.029914       11.698694     0.029581111       1.1078382   2.0989032e-09      -4.3082432       -4.3082432       82.676315                                 82.676315
             14       36.942381       11.651185     0.029066887       1.1438907   2.0989032e-09      -4.6309847       -4.6309847       83.146732                                 83.146732
              2        36.89181       11.641248      0.02748116       1.1390763   2.0989032e-09      -4.5989383       -4.5989383       82.981497                                 82.981497
              2       36.795189        11.64047     0.025067464       1.0842638   2.0989032e-09      -4.2127261       -4.2127261        82.01583                                  82.01583
              2       38.022074       11.543656     0.020715333       1.1304449   2.0989032e-09      -3.8999679       -3.8999679       83.844083                                 83.844083
              2       38.055142       11.513839     0.019905231       1.1281524   2.0989032e-09      -3.7338738       -3.7338738       83.578032                                 83.578032
             12       37.120587       11.636272      0.02815121       1.1200675   2.0989032e-09      -4.5840916       -4.5840916       83.409358                                 83.409358
              4       37.216584       11.684544     0.030756858       1.1190226   2.0989032e-09      -4.4021206       -4.4021206        83.23741                                  83.23741
              9       37.480689       11.735114     0.031352162       1.0984749   2.0989032e-09      -4.0444272       -4.0444272       83.050232                                 83.050232
             14       37.569021        11.72645     0.025293714       1.0077255   2.0989032e-09      -3.4983803       -3.4983803       82.134803                                 82.134803
              6       36.954245       11.694462     0.026097931       1.0563278   2.0989032e-09      -3.9715121       -3.9715121       81.851515                                 81.851515
              1       37.859234       11.595926      0.02067847       1.0377914   2.0989032e-09      -3.4364913       -3.4364913       82.591451                                 82.591451
              1       37.604057       11.616905     0.022126356       1.0821627   2.0989032e-09      -3.8553979       -3.8553979        82.91891                                  82.91891
              7       37.101575       11.671788     0.030050103       1.1409588   2.0989032e-09      -4.5420968       -4.5420968       83.287344                                 83.287344
              7        37.71982       11.706898     0.032036101       1.1414209   2.0989032e-09      -4.3141964       -4.3141964       84.068033                                 84.068033
              8       38.213592       11.778774       0.0334226       1.0796855   2.0989032e-09      -3.5597554       -3.5597554       83.546695                                 83.546695
              3       38.391419       11.491123     0.019486396       1.1179338   2.0989032e-09      -3.6018013       -3.6018013       83.986442                                 83.986442
              6       39.519764       11.463117     0.016492484       1.0844207   2.0989032e-09      -2.6325949       -2.6325949       84.304717                                 84.304717
              2       38.605867        11.54129      0.02039521       1.0632794   2.0989032e-09      -3.5816802       -3.5816802       84.375095                                 84.375095
              6        40.11912       11.486721     0.015873541       1.0260594   2.0989032e-09      -2.1949015       -2.1949015       84.628044                                 84.628044
              2       40.064158       11.712443     0.019790435      0.94591221   2.0989032e-09      -2.3016316       -2.3016316       84.731578                                 84.731578
              1       37.884154       11.671726     0.022258174       1.0280416   2.0989032e-09      -3.4449376       -3.4449376       82.658184                                 82.658184
              4       38.550199        11.80423     0.028635909       1.0197607   2.0989032e-09      -3.2586562       -3.2586562        83.61771                                  83.61771
              7       38.114831       11.671465     0.021619613      0.99511745   2.0989032e-09      -3.1639304       -3.1639304       82.557524                                 82.557524
              3       38.034097       11.675997      0.02190692      0.99686047   2.0989032e-09      -3.2073453       -3.2073453       82.482884                                 82.482884
              5       38.289318       11.587732      0.02949294       1.1798122   2.0989032e-09      -4.9247002       -4.9247002       86.428036                                 86.428036
              2       38.961526       11.454184     0.020443865       1.2171649   2.0989032e-09      -4.0649808       -4.0649808       86.053013                                 86.053013
              1       40.023022       11.429666     0.021392534       1.2225328   2.0989032e-09      -4.2369025       -4.2369025       88.519848                                 88.519848
              1        39.38007       11.630462     0.021243254      0.98874143   2.0989032e-09      -3.2112504       -3.2112504        85.18264                                  85.18264
              1       39.434759       11.524058     0.024008767       1.1374976   2.0989032e-09      -4.5110952       -4.5110952       87.891709                                 87.891709
              6       38.049725       11.690877     0.033776601       1.1600261   2.0989032e-09      -4.3166121       -4.3166121       84.732675                                 84.732675
              7       37.879378       11.684231     0.029882952       1.0843503   2.0989032e-09       -4.289025        -4.289025       84.336806                                 84.336806
              4        37.00362       11.694876     0.025993963       1.0601809   2.0989032e-09      -3.9771342       -3.9771342       81.961509                                 81.961509
              1       37.122155       11.694321     0.025232431       1.0492389   2.0989032e-09      -3.8583731       -3.8583731       81.961055                                 81.961055
              8       40.121746       11.448164     0.016578864        1.071385   2.0989032e-09      -2.5904567       -2.5904567       85.424406                                 85.424406
              7       40.370792       11.455617     0.015684211       1.0442638   2.0989032e-09       -2.194884        -2.194884       85.131351                                 85.131351
              1       37.574136       11.584716     0.021550493       1.0984834   2.0989032e-09      -3.8920652       -3.8920652       82.932403                                 82.932403
              1       37.525274       11.582978      0.02168135       1.1022445   2.0989032e-09      -3.9346352       -3.9346352       82.919818                                 82.919818
              6       36.987163       11.604969     0.023376827       1.0998073   2.0989032e-09      -4.1617621       -4.1617621        82.29785                                  82.29785
              3       40.909218       11.640634     0.035188465       1.2838314   2.0989032e-09      -4.5995543       -4.5995543       91.017544                                 91.017544
             10       37.983159       11.781492     0.030054085        1.050779   2.0989032e-09      -3.5814676       -3.5814676       83.129254                                 83.129254
              1        37.77875       11.760459     0.029657977       1.0663354   2.0989032e-09      -3.7924791       -3.7924791       83.142459                                 83.142459
              2       38.816565       11.667632     0.020858038      0.97233168   2.0989032e-09      -2.9042028       -2.9042028       83.441536                                 83.441536
              4       39.258139       11.545873     0.017513599       1.0141851   2.0989032e-09       -2.617739        -2.617739       83.751756                                 83.751756
              9       37.464506       11.646315     0.022446452       1.0305498   2.0989032e-09      -3.5906022       -3.5906022       82.110216                                 82.110216
              2       37.133444       11.582071     0.025209056       1.1662976   2.0989032e-09       -4.663168        -4.663168       83.593224                                 83.593224
              9       37.063323         11.5857     0.025316508        1.161847   2.0989032e-09      -4.6546016       -4.6546016       83.435849                                 83.435849
             11       39.065416       11.607346     0.023401904       1.1532796   2.0989032e-09      -4.3359536       -4.3359536       86.802739                                 86.802739
