# Donnan 2024 (MNRAS 533, 3222)
# Cosmology: H0=70, Om=0.3, OL=0.7
# Units: phi in 10^-6 mag^-1 Mpc^-3
# Format: z_central, M_UV, phi, sigma_up, sigma_down
9.0,  -20.75,   12,    8,    5
9.0,  -20.25,   32,   13,   10
9.0,  -19.75,  144,   30,   28
9.0,  -19.25,  235,   60,   49
9.0,  -18.55,  486,  157,  139
9.0,  -18.05, 1110,  310,  310
9.0,  -17.55, 1776,  578,  510
10.0, -20.75,    4,   10,    4
10.0, -20.25,   27,   13,   10
10.0, -19.75,   92,   25,   20
10.0, -19.25,  177,   53,   45
10.0, -18.55,  321,  127,  111
10.0, -18.05,  686,  245,  223
10.0, -17.55, 1278,  486,  432
11.0, -21.25,    7,    9,    5
11.0, -20.75,   14,   11,    7
11.0, -20.25,   38,   16,   13
11.0, -19.75,  100,   37,   30
11.0, -19.25,  144,   81,   63
11.0, -18.75,  234,  118,   96
11.0, -18.25,  641,  361,  281
12.5, -21.25,    3,    4,    2
12.5, -20.75,    4,    5,    3
12.5, -20.25,   16,    9,    6
12.5, -19.75,   34,   23,   15
12.5, -19.25,   43,   35,   22
12.5, -18.75,   80,   51,   36
12.5, -18.25,  217,  153,  104
14.5, -20.25,    3,    6,    2